818
947
947
996
2699
3738
3738
3738
4072
4091
4096
4232
4262
4262
4262
4827
4922
5022
5333
6190
7094
8532
8870
8931
9402
9662
10047
10122
10997
11572
11736
12344
12503
12534
12534
12736
12881
12920
12920
13103
13113
13267
13768
13768
13838
13838
13838
13955
14093
14439
14594
14598
14621
14700
15079
15120
16105
16199
16271
16301
16827
17185
17185
17405
17833
18128
18814
19044
19044
19047
19193
19886
19886
19886
20202
21427
21773
21881
21976
23058
23417
23491
23491
23499
23502
23502
24026
24026
24101
24102
24113
24236
24866
25009
25228
25272
25394
25438
25442
26395
26847
26847
27588
27886
28118
28412
28620
28708
29211
29512
29512
29672
29672
29672
30456
30632
30795
30937
30947
31072
31641
31700
32159
32159
32197
32197
32205
32205
32205
32205
32205
32207
32207
32209
32210
32702
33614
33615
33883
33934
34234
34482
34482
34598
34850
34856
35828
35850
35883
37415
37417
37417
37687
37776
37819
37936
38075
38076
38076
38275
38281
38281
38707
38969
38969
39140
39226
39226
39439
39711
40036
40065
40065
40264
40305
40416
40574
40697
40986
41152
41371
41427
41462
41628
42396
43169
43169
43169
43199
43266
43272
43412
43458
43880
44486
45063
45384
45410
45504
45705
45813
46664
46664
46739
46761
46767
47319
47736
48050
48123
48123
48123
48205
48594
48594
49088
49143
49277
49833
50404
50873
50873
51306
51308
51606
51864
51874
52410
52538
52868
53535
53535
53535
53645
53802
54302
54302
55449
55526
55815
55828
55828
56371
56375
57175
57578
57578
57612
57975
58393
58393
58396
58766
59094
60182
60399
60457
60457
60491
60627
60968
60972
61237
61602
61815
62192
62286
62435
62618
62618
63511
63998
64534
64902
65208
65478
65616
65665
65665
65881
66319
67100
67470
67470
67932
68068
68419
68736
68954
69175
69236
69436
69591
69741
70255
70491
70491
70828
70957
70957
71008
71018
71120
71460
71545
71547
71620
71756
71852
72044
72488
72589
73160
73203
73239
73289
73289
73428
73748
74117
74142
74142
74293
74293
74934
75090
77369
77936
77936
78529
79600
80372
80584
81243
81504
81916
82476
82947
82954
83364
83985
84461
84526
84637
84644
84648
84654
84983
84989
84992
85140
85655
85976
86043
86668
86831
86831
86831
86925
87043
87598
87628
87668
87881
87993
88176
88209
88209
88211
88536
88807
89111
89386
89386
89524
89885
90578
90674
90679
90679
90680
90684
91051
91114
91461
91995
92056
92569
92569
92569
92569
92655
92683
92718
92956
93018
93018
93020
93020
93211
93211
93211
93550
93908
93917
94575
94578
94901
94986
94987
95348
95907
95907
96025
96201
96201
96201
96201
96201
96201
96201
96201
96201
96201
96201
96252
96543
96596
97014
97292
97968
97968
98054
98162
98389
98525
98955
99058
99174
99396
99589
99843
99843
99920
100196
100330
100504
100764
100845
101244
102819
102819
102888
103183
103936
104417
104481
105174
105351
105577
105884
107488
107811
107815
109060
109276
109610
109717
110095
110661
110670
110700
110721
110723
110955
110955
110987
111015
111473
112352
112352
112969
112986
113018
113021
113052
113162
113251
113687
114370
114370
114574
114616
114938
115777
115777
115953
116101
116456
116651
