6568
6568
8432
8469
8844
9565
10007
12281
12288
12342
12964
15120
16855
16855
17137
17137
17493
17493
17493
18522
18522
18571
23233
23499
23528
25183
25540
26120
28437
30700
30931
31022
34030
36272
36815
37275
37417
39239
39666
40478
41251
41251
41251
41252
41252
41252
41252
45575
47395
48514
49284
52519
53310
53310
53310
53310
53318
53321
53321
55828
58151
58671
60510
60510
60603
60603
60603
61836
62749
62749
63942
65616
65683
66043
66043
66043
66104
66569
67782
67990
67990
68419
69303
70618
72081
72488
72932
73983
80753
81596
83094
83094
86091
86097
86831
87578
88041
88097
88100
88101
88120
88209
89121
90089
90280
91087
91087
93098
93224
93326
96050
96050
103057
103155
103323
104271
104798
105335
105373
106804
106992
106992
107517
107517
107856
108172
110910
111002
111061
111063
112133
113409
113409
115127
115318
115336
116821
116906
