2120
2849
2862
2885
2899
3780
4765
8171
8731
8731
8731
8914
8914
9288
9742
14727
15331
18564
20117
21563
21596
21936
21939
22344
22977
23022
23233
26807
28022
31336
31743
36273
37331
37484
39634
41427
42343
42639
44196
44196
44313
44313
44313
44313
44313
44313
46921
49512
53490
59545
59572
60019
60020
60156
61602
61702
62740
65683
66043
74799
74817
75910
75910
75910
76638
77067
78834
80250
80250
80257
85139
85139
87382
88062
88176
88187
90328
91740
93374
96513
96813
96841
98198
100967
107001
107443
110723
110891
113425
113425
113425
113685
116456
