2379
2421
3246
3927
4891
5149
5676
8532
11575
11575
12137
12205
12467
12696
12859
13434
13680
13684
13740
13816
14978
15314
18564
21889
22296
23118
23499
23499
23499
23499
23499
23499
23502
23528
23528
26019
30160
30755
30755
30755
30800
30819
30896
31633
31686
31826
32628
32913
34233
34566
34566
34567
35321
35970
35970
36742
36947
37034
37228
37375
37517
37517
37517
38090
38090
39166
39251
39654
39704
39894
40065
40212
40498
40563
41006
41250
41979
42127
42343
43721
43893
44800
45388
45584
45665
45961
47376
47376
47376
47376
47376
47376
48129
48954
49190
49284
49780
51525
53531
53535
53542
54529
57578
58016
58212
59541
59548
59572
60603
60603
60947
61217
62618
62618
64191
65340
65435
65665
67152
67152
67405
67932
68954
70048
70048
70293
70332
71011
71398
71466
71545
72974
75559
75559
78028
78627
79930
80515
84526
84526
86831
88176
88176
88176
88176
88176
88187
88187
90125
92146
93081
93092
93098
93874
93874
93874
93874
93874
93874
93874
93874
93874
93874
93874
93874
96445
96840
98345
99205
99920
100056
100056
100084
100309
100425
100764
100809
102628
102819
102819
102888
104271
104321
105996
106922
107856
108405
108919
109087
109087
109709
110188
111061
111589
111589
112268
112268
112306
112306
112306
112306
112306
112306
112306
112841
113052
113425
113685
113685
113687
113687
114136
114136
114136
114136
114136
114136
114136
114136
114142
114477
114477
116074
116456
116512
