1273
2031
2032
2402
3190
3640
4798
5084
5468
5697
6190
6190
6373
7931
8058
8096
8096
8248
9189
9427
9526
11441
11572
11572
11951
12165
12321
12584
12773
13708
14116
14299
14376
15383
15403
15410
17526
18383
18445
18512
18522
18522
18672
21536
22072
22659
22668
23233
23528
23914
25695
25942
26999
27049
28066
28359
30145
31023
31604
31864
34482
36847
37228
37233
37599
38173
38273
38281
39166
39239
40065
40276
40582
41629
41702
41991
41993
43569
44698
44698
44698
44698
44980
44989
46501
46785
47197
47197
47197
47197
47197
47197
47198
47198
47311
47319
47319
47882
47960
48182
48385
49512
50383
50383
50404
50873
50873
50873
51697
51830
51849
51889
52187
52224
52224
56371
57175
58393
58715
59726
60603
61529
61539
65097
66043
67405
67408
68523
70692
71011
71018
71041
73866
74712
75132
75321
75743
75756
76511
76581
77035
77401
79976
80372
81224
81322
81596
81603
81820
82922
85655
85665
87787
88062
88062
88176
88187
89810
90674
90747
92454
92696
93096
93224
93326
94810
96744
98458
99843
100752
100752
100878
100934
100973
101083
101198
101792
102489
102491
102491
103057
103282
104167
104383
105394
106911
106930
107811
107824
107856
108421
109045
111063
111072
111605
111657
111953
113052
113162
113314
113324
113425
114107
114163
114854
115637
116175
116651
