1
1496
1595
1595
2339
2497
2501
2645
3102
3130
3140
3738
3828
4037
4055
4055
4309
4309
4309
4309
4309
4309
4621
4621
4621
4621
4621
4621
4621
4621
4621
4621
4621
4621
4688
4704
5557
6287
6537
10699
10699
10858
11261
11292
11292
11292
11292
11292
11292
11292
11292
11292
11292
11292
11292
11292
11292
12279
12279
12279
12279
12366
12748
13452
16456
16563
17406
17406
17524
18891
18931
18931
19087
19089
19142
19142
19627
19627
19785
19840
20359
20640
20649
20665
20680
20682
20682
20818
20876
20881
20915
21024
21033
21289
21289
21307
21352
21510
22374
22502
22502
22502
22508
22508
22508
22555
22563
23065
23439
23439
23763
23763
23805
23808
24236
24371
24381
24775
24868
24918
24948
25052
25052
26269
26425
28628
28744
28899
29565
29841
32965
32983
33079
33263
33316
33812
34075
34356
34714
34966
35496
35849
36012
36793
36793
36793
36793
37188
37800
37950
38028
38028
38383
38393
38413
42569
43167
43335
43834
43834
43834
43834
43834
43834
43834
43834
43834
43834
43834
43834
44050
45227
45338
45566
45566
45566
45566
45566
46474
46474
46474
46474
46474
46939
46939
46939
46939
48371
48733
48733
48733
48733
49296
49584
50382
51170
51170
51220
51355
52501
52501
52532
52662
52683
52683
52705
52726
52727
52740
52826
52826
52826
52840
52846
52846
52852
52853
53357
53719
53933
54092
55046
55046
56961
61102
61147
61147
61147
61147
61312
61318
62255
62813
63822
64089
64089
64326
64407
64713
65636
65636
65637
65965
65965
66224
66587
67380
67385
67449
68566
68641
68643
68792
68903
71208
71208
71208
71208
71380
72011
72011
72011
72011
72190
72190
73158
73223
73223
73223
73224
73224
73237
73411
73548
73661
73661
73662
74169
74195
74195
74266
75011
75161
75551
76267
76444
76444
76544
76716
76945
77403
77415
77415
77415
77488
77488
77492
77529
77529
77529
77714
77965
77965
78074
78078
78079
78373
78621
78787
79203
79697
79700
80014
80676
81334
82656
82789
82896
83141
83141
83141
83626
83681
83824
83824
84639
84639
84639
84639
84640
84640
84640
84640
84640
84640
84641
84642
85005
85005
85005
85005
85005
85005
85005
85005
85005
85082
85445
85455
85455
85898
87921
87997
88011
88041
88071
88092
88497
88632
88860
88971
88971
88975
89073
89073
89076
89082
89491
89548
89548
89593
89593
89715
89785
89958
90646
91855
91871
92156
92794
92794
95087
95109
95367
95374
96149
96279
96366
96591
96596
97144
97144
97439
97439
97439
97445
97445
97445
97445
97445
97445
97445
97445
97445
97445
97445
97445
97445
97445
97445
97445
97445
97445
97445
97445
97445
97445
97445
97445
97445
97445
97445
97445
97445
97445
97445
97445
97445
97445
97445
97445
97445
97445
97445
97445
97445
97445
97445
97551
97551
97574
97574
97574
97574
97574
97606
97609
97609
97634
97647
97658
97658
97898
97902
97902
97902
98368
98592
99223
99572
99572
100568
101520
101532
101546
102121
102150
103944
107622
107736
110634
110700
110703
110703
110703
111222
111530
111716
111899
111913
111914
111914
111914
111914
111927
111940
111940
112918
112918
112918
112918
113445
113541
113541
113945
113969
114009
114009
114020
114020
