2703
4096
4392
4688
4814
4925
5084
5291
6557
6557
6630
7291
8171
8325
8782
9651
9824
9829
9837
9837
12070
12159
12294
12612
13105
13232
13405
13548
13740
13816
13838
13838
14320
14486
14698
14700
15403
16091
16120
16926
17449
17912
21062
21860
21860
21939
22010
22020
22020
22020
22072
23069
23069
23069
23499
23499
23499
23499
23501
23502
23528
23528
23528
23528
23636
24252
26126
26126
26301
26680
26746
27399
28035
28411
28844
29211
29211
29211
29211
29477
29876
29876
30011
30011
30160
30329
30545
30555
30555
30565
30746
30896
31418
31841
32109
32248
32680
33858
34149
34716
35178
35193
37415
37440
37517
37517
37543
37591
37652
37652
38075
38528
38807
39234
39428
39544
39544
39550
40007
40276
40498
40498
40498
41201
41266
41266
41266
41319
42130
42264
42406
42917
43050
43050
43050
44326
44479
44651
45713
47002
47115
47784
48493
49230
49766
50873
50873
51706
51707
52051
52518
52670
52670
52868
53227
53281
53283
53283
53283
53490
53535
53535
54077
54078
54085
54085
54085
54085
54390
54678
54678
55827
56371
57578
57578
57858
57941
58305
58635
59545
59545
60105
60167
61220
61724
62239
62286
62597
62749
64534
64902
64928
65478
65665
65954
66043
66323
66323
66323
66323
66866
67795
67815
68150
68622
68627
68740
69069
69321
69436
69460
69460
69653
69655
70489
71398
73667
75106
76774
77030
77033
77033
77033
77067
77820
77820
78678
78993
78997
79006
80679
81495
81596
81596
81598
81709
81761
83347
84989
84990
85236
85814
85978
86046
86956
87742
87752
88175
88211
88296
88724
88724
88778
89107
89357
89742
89759
90139
90186
90604
91045
92270
92291
92300
92423
92956
92959
95049
95210
95786
96113
96222
96549
96744
97247
97252
98192
98192
98192
98192
98192
98192
98192
98192
98193
99174
99336
99336
99336
99336
99336
99336
99336
99336
99336
99336
99336
99352
99352
99354
99354
99354
99356
99396
99567
99871
100107
100110
100113
100216
100562
100562
100934
102193
103046
103101
103101
104630
104894
105172
105174
105193
105217
105323
105344
105884
105884
105884
108207
109373
109375
110499
110723
111061
111110
111240
112299
112690
112986
113052
113052
113128
113256
113685
113685
113687
113687
113700
114044
114067
114067
114067
114370
114370
114951
116069
116456
116651
116651
