2723
2841
2842
2846
3601
3885
4158
4428
4821
4828
4833
4932
5667
6298
6298
6298
6298
6300
6300
8077
8151
9221
9796
10375
11620
12137
12342
12471
12485
12920
12921
13685
14305
14420
14439
14482
14522
15361
16091
16091
16569
16679
18769
18905
18911
22020
22344
22920
23118
23279
23423
23480
23552
26147
27231
27327
27512
27572
28210
28363
29211
29770
30000
30739
30795
31197
31211
32628
32628
32628
33859
33920
34149
34149
34472
35787
36707
38007
38090
38206
39711
40471
40474
40703
40864
40864
41139
41328
41381
42033
42224
43169
44258
44416
44448
45276
45388
45909
46022
48193
48855
48855
48903
49260
49260
49260
49277
50873
50945
51753
52400
54673
54673
55260
56183
56937
57170
57494
57578
57578
57578
58806
59572
59851
60182
60699
61217
61217
61601
62605
62612
64902
65665
65665
65683
66629
66632
66632
66632
66632
66632
66656
66673
66673
66680
66680
66727
66727
66761
66787
66787
66787
68334
68340
68347
68397
68410
68412
69068
69068
70293
70706
71018
72614
73239
73835
73835
74019
74021
74587
78960
78960
78960
78960
78960
79052
79460
79465
79931
80761
81243
82302
84989
84989
84989
84989
88176
88209
88209
88464
88536
88831
90014
90280
90674
91657
92000
92001
92001
92266
92270
92569
92569
92569
92569
92569
92841
92956
93224
93235
95028
95028
95028
95028
95029
95198
95199
95854
96385
96385
96442
96744
96744
97467
98708
99085
99175
99871
100170
100178
100438
100641
100967
102819
103604
104894
105116
105251
105266
105266
105324
105344
105872
105873
105873
105878
106068
106068
106353
106992
107807
108523
108523
108523
108523
108523
108845
108998
109045
109373
109374
109717
110318
111002
111589
112228
112778
112778
112779
113162
113230
113230
113256
113256
113256
113257
113257
113406
114164
114362
114369
114404
115318
115727
115852
115952
116359
116456
116651
116796
