1510
2200
2729
4235
4328
4536
4753
5080
5084
5099
5149
6192
6604
6604
7121
7132
7968
7968
9056
9379
9914
10023
10647
12169
12437
12448
12588
12829
12859
12881
12881
12959
13132
13132
13316
13376
13740
14247
14376
14660
15666
15923
16271
16271
16295
16812
18002
18527
18527
18529
19364
19364
21773
21899
21963
22005
22007
22010
22020
22523
22719
22921
22931
23107
23211
23502
23502
23502
23528
23653
23654
24117
24405
25711
26291
26291
26845
26847
26847
26847
26851
27142
27399
27445
27528
27901
29122
29472
29473
29914
29930
30003
30003
30012
30012
30203
30284
30644
30868
30877
30947
30966
31395
31432
31505
31604
31658
32320
32320
33859
34191
34598
34598
34598
34598
34598
34598
34598
34598
34598
34643
35959
37037
37102
37517
37538
37544
37591
37740
37818
37822
38395
38417
38458
38642
39711
39837
40007
40050
40065
40065
40198
40244
40686
40794
40822
40951
40951
40951
41152
41202
41381
41734
41734
41734
41979
41994
42294
42576
42924
43050
43169
43169
43573
43637
43680
44006
44405
44413
44669
44957
45415
46292
46292
46739
47454
47454
48063
48123
48553
48752
48754
48754
48755
49114
50345
50345
50361
50470
50873
50873
51721
51722
51723
51846
52297
52309
53676
53818
54088
54187
55080
55246
55260
56290
56882
56882
57013
57031
57031
57263
57786
57983
58011
58395
58401
58497
59571
60582
60603
60627
60627
60791
61096
61220
61336
61432
61820
61918
61966
62103
62192
62240
62435
62435
62435
62435
62436
62436
62436
62436
62436
62437
62437
62444
62444
62813
62960
63121
63635
64191
64425
64826
64831
64962
65071
65665
65665
65686
66987
67686
67795
67914
68339
69069
69069
69074
69337
70196
70212
70489
71011
71018
71820
73898
73959
74136
74180
74724
74799
74799
74824
74870
74926
74987
74989
75229
75647
75836
77031
77031
77031
77033
77033
77034
77035
77391
78507
78561
79722
80035
80265
80569
80753
80780
81854
82741
82741
83369
84206
85331
85636
85739
85860
85874
85874
86084
86394
86412
86501
86580
86580
86582
86582
86582
86582
86582
86583
87374
87387
87602
87752
87853
87917
88176
88187
88230
88502
88539
88844
89342
89342
89434
89434
89658
89730
90285
90685
90724
90731
90743
90798
90814
90831
90832
91047
91172
91184
91184
91618
92211
92449
92728
92860
92956
93062
93128
93224
93356
93474
93947
94638
95119
95198
96756
96757
96767
96767
97569
97617
97617
99920
100416
100652
101369
101477
101872
102057
102057
102436
102489
102493
102493
102819
102979
103133
103604
103604
104166
104167
104577
104671
105918
105996
106022
106237
106315
107807
108207
108674
109101
109104
109104
109104
109375
109537
109640
109640
109651
109657
109717
110318
110721
110743
110882
111018
111240
111410
111411
111473
111473
111533
111581
111680
111727
112322
112610
112610
112842
113052
113052
113103
113567
113577
113666
113685
113687
113696
114258
114347
114390
114454
114838
115337
115777
116051
