1275
1683
1683
2246
2246
3902
6192
9427
9427
11089
12367
13159
13730
14249
14249
14480
15079
16105
16271
16301
17912
21773
21807
21860
21860
21860
22322
22896
23528
23528
25272
25511
25814
26913
28363
29236
29289
31347
31604
32510
32519
32561
32680
32680
32680
32846
32867
32867
36137
36707
37686
38819
39876
40065
40472
40472
40498
41003
42082
42196
43169
48123
51895
53779
53802
53802
53889
54116
54187
54293
54293
54691
56024
57175
57175
57200
57555
57555
57555
59739
60427
61185
62286
62286
63998
64165
64343
65665
65705
65886
66043
66043
67152
67152
67152
67829
68408
69069
69069
69460
69723
72488
75126
78312
78317
78326
78960
84990
86668
88209
88209
88296
89648
90330
90354
90354
90354
90354
90354
90521
91936
92860
93326
93354
94986
94986
96069
96443
96804
97467
99906
99959
100506
100506
100955
100958
100958
100958
100965
101238
107807
108207
109020
109717
110879
111493
112461
112461
112480
112480
112523
113052
114292
114370
114476
114476
114476
115794
115852
116384
116821
