1393
1407
1717
2713
3379
3929
4115
4659
5697
6279
6601
7174
7174
7572
8468
8482
8810
8885
9885
9885
10294
10446
10630
12198
12225
12443
12751
12881
12881
12920
13180
13376
13540
13585
13776
13806
14034
14223
14480
14782
16249
16346
17145
17558
17738
17738
18004
18403
18486
19923
19923
21013
21773
21939
21939
22020
22072
22934
22991
22999
23321
23528
25216
25216
25272
25309
25338
25338
25511
25711
25712
26003
27954
29161
29161
29698
29799
29799
30154
30812
30942
30947
30993
31023
31604
31604
32320
33865
34458
34648
34886
35275
35280
35325
35401
35785
37228
37233
37233
37366
37375
37700
38036
38076
38363
38642
38756
39170
39265
39285
39365
39456
39561
39598
39627
39681
39711
39837
40703
41152
41152
41739
41970
42122
42623
42712
42793
43050
43106
43114
43266
43421
43442
43458
43502
43676
44104
44340
44407
44698
44935
45033
45157
45388
45589
45606
45710
45713
45809
45909
45958
45961
45961
46242
46297
46491
46555
47540
48123
48123
48123
48123
48384
48665
48771
48771
48855
49190
49220
49763
50361
50873
50873
50873
51874
53010
53498
53829
53831
54047
54078
54078
54304
54529
54678
54693
54702
54969
55357
55750
56183
56967
57380
57518
57578
57884
57975
58056
58301
58528
58641
58641
59257
59319
59843
59848
60181
60455
60603
60603
62233
62606
62631
62634
63998
64191
64191
64343
64343
64343
64343
64534
64534
65092
65092
65092
65092
65549
65665
65665
66043
66043
66043
66086
67470
67856
68076
68170
68523
69069
69069
69885
70293
70393
70394
70395
70618
70656
71398
71398
72718
72722
73794
73794
73794
74093
74093
74293
74596
75448
75708
75879
76524
76707
77067
77067
77067
77067
77606
77982
78005
78312
78839
78839
79066
79754
79821
80107
80236
80515
80728
81055
81055
81055
81159
81587
81596
82667
83043
83822
83834
84841
84841
84841
84906
84983
84983
84989
84990
84992
85330
85817
85874
86312
86410
86417
86766
86831
87625
88165
88176
88176
88180
88211
89150
89150
89383
89384
89434
90264
91172
91617
91617
92885
92986
93096
93324
94100
94353
95198
95199
95261
96183
96199
96550
96711
96777
96830
98589
99993
100006
100113
100237
100448
100448
100454
100985
101195
101367
101809
101947
102491
102491
103295
105172
105996
106332
106335
106432
107024
107024
107306
107811
107835
107921
108772
108772
109301
109369
109399
109717
110360
110361
110570
110723
110952
110987
111018
111063
111288
111456
111473
111473
111473
111716
112986
113577
114303
114370
114370
114829
114833
114838
115002
115218
116115
116197
116286
116651
116675
116877
