2862
2862
2862
2862
2862
2862
2888
2907
3010
3387
3415
3485
3582
3661
3811
3997
4122
4765
5036
5335
5877
6372
6436
6601
7174
8667
8916
9377
9786
9807
9849
9945
11754
11790
11796
11933
12774
13105
13290
13725
13838
13838
14054
14219
14455
14456
14980
15200
15217
15218
15218
15630
15666
15686
15721
15930
16111
16151
16151
16488
16642
17303
17497
17674
17912
18004
18281
18417
18418
18466
18527
18564
19024
19923
19923
19923
19923
19923
19923
19923
19923
19924
19924
19924
21522
21522
21939
21939
22344
22344
22454
22978
22999
23212
23233
23414
23528
23528
23528
23528
25156
25272
25338
25338
25338
25540
25973
25990
26298
26298
26298
26301
26304
26649
27136
27183
27445
28830
28960
29211
30146
30152
30229
30812
31159
31347
31604
31690
32100
32216
32320
32320
32697
33111
33201
33489
34105
34441
34482
35420
36264
36707
37119
37281
37936
38173
38254
38512
38807
38807
38839
39024
39024
39024
39026
39170
39377
39377
39519
39610
39622
39643
39704
39711
39713
40041
40244
40698
40698
40864
40995
40995
41152
41159
41580
41713
41716
41979
41979
42664
42679
42728
42788
43169
44158
44479
44491
44612
44614
45159
45388
45445
45504
45902
46929
47128
47213
47635
48441
48747
49121
49143
49148
49259
49303
49467
49705
49834
49834
50402
50557
52145
52310
52311
53514
53520
53520
53531
53531
53535
53536
53652
53802
53889
54086
54193
54392
54657
54695
54727
55283
55924
57137
57175
57493
57494
57605
57976
58208
59249
59299
59613
59625
60184
60391
60510
60510
60603
60603
60603
60627
60783
60910
60972
61231
61395
61897
62618
62749
63998
64213
64848
64850
65478
65495
65685
66043
66093
66283
66832
66969
66970
66989
67067
67069
67421
67470
68170
69023
69023
69027
69177
69866
69869
69885
70048
70068
70185
70216
70371
70419
70426
70427
70706
70715
70716
70753
71011
71018
71041
71133
71926
71931
71943
71943
72190
72214
72290
72290
72898
73180
73246
73983
73991
74719
74719
74824
75448
75762
76232
76423
77031
77031
77033
77067
77118
77385
77852
77982
79273
80164
80209
80222
80222
80223
80223
80226
80227
80372
80393
80513
80520
80523
80523
80711
80755
80755
80755
80760
80760
80804
80833
80953
81040
81040
81274
81336
81495
81878
83044
83347
83933
84851
84851
84906
84908
85027
85655
85662
85746
85950
86501
86668
86831
86831
86831
86930
86979
87258
87387
87847
88176
88176
88209
88209
88209
88209
88209
88230
88230
88230
88347
88363
88401
88473
88523
88724
88724
88767
89107
89474
89729
90132
90133
90330
91435
92211
92274
92417
92860
93211
93266
93326
94353
94354
94466
94986
95319
95700
95700
95857
95857
95922
95962
96027
96081
96487
96757
96808
96808
96847
97595
97605
97673
97673
97678
98464
98879
99396
99396
99546
99804
99920
99935
100425
100653
100663
100786
101978
103604
103613
103828
103860
103860
105141
105364
105863
106002
106227
106227
106409
106543
106705
106707
106930
107023
107024
107287
107385
107811
107811
107835
108200
108204
108231
108311
108600
109876
110978
111061
111063
111590
112058
112354
112356
113052
113568
113685
113687
114362
114364
114370
114838
115796
116198
116323
116324
116651
116803
116835
