858
1510
1717
1733
1809
1814
2014
2018
3831
4679
6601
6635
6771
6775
6825
8073
8118
8976
11731
12709
13495
13740
14118
14732
14980
14980
15622
16280
17171
18522
19718
19720
21522
21522
21773
21860
23233
23480
25364
25364
25364
26380
28239
28240
28240
28240
28362
28725
29472
29476
30000
31017
31259
33728
35174
35445
36815
36820
38353
39641
40251
42283
42679
45388
45606
46022
49669
50589
52177
52224
52270
52301
52731
53089
53960
55624
55652
57031
60469
60469
62529
63269
63269
64343
66043
66043
66043
66834
66884
68323
68331
69069
71018
72158
72488
73983
73983
75837
76929
76973
77699
77700
80584
80599
80962
81596
88221
90280
90754
91071
92001
92001
92149
93096
93098
93098
93224
93224
95692
95793
95793
98860
99781
100663
101509
102057
102522
102819
102819
102819
102819
103033
107807
108207
110721
110856
111033
111473
111952
111957
112144
112725
112794
114364
