802
1133
1133
3579
3617
7136
7835
8310
10152
11949
13817
14376
14378
17223
17227
17231
21958
22069
23283
29364
30700
31004
31333
36809
37025
37025
37025
38471
39577
41190
43105
43169
45388
45665
45665
45909
45952
45954
45954
45954
47376
49277
49763
50873
53542
54732
56679
57280
57282
57283
57284
57307
57340
58414
58910
59571
59572
60189
63701
65080
65683
67932
68076
70752
71545
71901
73301
77067
77067
77067
77164
77227
78142
83242
83724
84681
87380
88176
88176
88209
88209
88213
89316
93315
93361
95673
96028
96841
96847
98796
100302
101127
101128
101642
105177
105296
105935
106186
106187
107753
108752
110215
110215
110439
110439
110486
113425
114370
115943
116456
116821
