3963
4853
4940
6123
6123
14522
14734
18522
18522
18571
18571
18613
18736
18736
19512
23847
23847
27094
27901
27901
27951
30439
30800
31333
31604
32323
35205
36847
37275
37275
37275
39519
44925
45390
45589
45633
47139
48123
51615
51819
52525
54355
57531
57578
62370
62749
62749
62749
65494
65690
70276
73160
73724
74699
74724
79027
80860
85977
86442
86925
86998
87097
89804
90125
90448
90448
93371
95768
95768
95768
95776
99999
100726
102261
103602
103628
105068
105503
105503
107002
107065
107090
108162
108172
108172
108187
109198
109717
111061
111072
112860
112860
113685
116338
