2402
2592
2695
2704
2862
2862
3387
4072
4355
4765
4861
6630
8158
8347
8352
8352
8634
8826
8833
9060
9060
9120
9614
9637
12149
12827
12881
13078
14281
14679
14679
14777
15079
15176
16121
16287
16310
17234
19923
21779
21807
21867
21939
21939
21939
21939
21939
21958
22007
22934
22934
23058
23058
23081
23086
23491
23491
23499
23502
23502
23502
23528
23528
23528
23528
23528
23528
23528
23528
23528
24870
26304
27183
27785
28844
30167
30510
30606
31106
31106
31455
31508
31540
31604
31658
32058
33880
33934
34233
34364
34375
34434
34880
34880
34911
35084
35193
35450
35787
35787
35791
35803
36186
36691
37233
37542
37548
37756
37870
37870
37877
38172
38173
38205
38465
38642
38839
39170
39234
39234
39497
39518
39829
39829
39868
40035
40065
40065
40086
40573
40717
40995
40995
41202
41204
41381
41734
41734
41734
41770
41970
42602
42712
42712
42823
43050
43169
43420
43420
43421
43510
43629
44156
44486
45157
45388
45673
45800
46491
46502
46629
46636
46664
47851
48123
48123
48123
48123
48123
48123
48123
48351
48762
48773
48773
48774
48774
48855
49220
49229
49324
49324
49521
50432
50873
50873
50873
50873
51291
53010
53242
53242
53242
53242
53251
53251
53254
53535
53535
53536
53796
54060
54137
54137
54138
54199
54199
54240
54240
54302
54303
54329
54329
55357
55357
55827
55924
55990
56223
56259
56371
56371
57493
57494
57578
57578
59292
60410
60493
60507
60603
60972
61571
61851
62333
62333
62618
63268
63268
63304
63979
63998
64343
64429
64429
64877
65665
65665
65665
66042
66043
67211
67451
67760
69069
69074
69371
69460
69592
69883
69883
70082
70156
70211
70419
70425
70433
70433
70656
70656
70752
70753
71018
72005
73428
73428
73428
73428
73428
73428
73428
73428
73428
73594
74131
74293
74415
74415
74422
74596
75156
75463
75567
75567
75567
75567
75567
75567
75567
75567
75567
75567
75567
75567
75567
75567
75567
75567
76940
76940
77488
77820
77982
77982
77982
77982
78839
78846
78960
78960
79845
79944
80512
80575
81039
81251
82195
82741
82866
83364
84982
84983
84983
84983
84989
84989
84989
85054
85054
85054
85056
85056
85330
85995
85996
86831
86831
87045
87152
87199
87227
87227
87348
88164
88213
89390
89392
89394
89729
90125
90125
90139
90185
90186
90186
90280
90684
91617
91617
91617
91617
91617
91617
91617
91617
91617
92211
92956
92956
92956
93096
96744
96756
97467
97986
98177
98500
99174
99174
99175
99202
99396
99498
99986
99987
100404
101367
102586
104156
104205
104460
106286
106929
107024
107245
107597
107642
107643
107835
108162
108198
108200
108252
108252
109551
109626
109924
110162
110162
110403
110445
110686
110845
110845
110953
110960
110987
111432
111473
112061
112273
113050
113050
113052
113685
113685
113685
113685
113685
113685
113685
113687
113687
114142
114320
114635
114829
115777
116452
116651
116651
116651
116730
