1315
2862
4536
4813
4813
5957
5987
9076
9117
9211
9874
9883
10047
10665
12698
13812
13812
13816
14732
15340
16120
16237
17314
17497
17883
18869
18869
19884
19923
19923
22014
22523
22898
22898
22934
22978
22991
23099
23502
23528
23552
24330
24330
24487
25637
26301
26847
27109
29876
29876
30947
30993
31547
31972
33839
34109
34191
35187
36713
36847
37233
37686
37818
38007
38007
38185
38839
39099
39717
39741
39876
40574
41305
41734
41734
42098
42166
42224
42289
42728
43086
44196
44651
44651
44695
44698
44698
47310
48439
49420
49420
53813
53829
54076
54678
57494
57499
58008
59851
59851
59851
59851
60525
61096
62239
62243
62243
62522
62522
62634
63944
63944
64011
64452
64789
65827
65848
65848
68408
68419
69460
69952
70752
71545
72614
72614
73203
75120
75707
76544
77033
77033
77033
77067
77067
78016
80209
80520
80755
80755
80804
81218
84788
85139
86424
86464
86925
86930
87827
88724
90089
90674
90674
90674
91051
91086
91086
92056
93971
94112
95028
95029
95029
95029
95044
95044
95698
95817
99738
100170
101960
102249
102976
102978
103257
103257
103359
103594
104321
105081
105174
105394
105504
106267
107120
107736
108736
108756
108772
109041
109417
109717
110755
110978
110987
111216
111435
111473
112555
113392
113425
113685
113687
114360
114364
114369
114390
114390
114477
114477
114829
115101
116074
116224
