1179
1523
2862
2862
2862
2862
3592
6121
7132
8149
12552
13257
13740
14320
14484
18004
19364
19397
22523
23961
24330
26847
27145
30148
30856
31333
34039
34040
34055
34056
34109
34598
34598
34798
36819
37818
38465
39170
41283
41700
42351
43169
44833
45924
50398
52004
52400
55357
58613
60603
61851
62243
62522
62606
62740
63268
63998
64529
66393
69957
74824
75559
76756
76990
77385
78326
79275
81243
81272
81596
81661
82689
83349
84990
88165
88221
90122
90280
90328
91086
91172
91184
92696
92908
98241
100084
100405
102487
105177
105507
105604
105671
105671
106043
106267
107811
111533
111590
112171
112552
112725
113687
114364
114370
114370
115475
116389
