1282
4639
4814
8886
9517
10345
15394
17171
17171
18574
18723
18724
19219
19364
19364
20321
21867
23321
25708
26847
27061
27061
27136
27399
27788
28022
28429
30896
30898
34234
34598
37139
39166
40144
40847
40847
40847
40847
40854
43821
44479
45606
47630
50873
53535
53850
54286
54302
54302
54303
54303
54303
54303
54538
56225
58056
58715
59848
59848
59848
59848
59848
61104
62888
63269
63269
63269
64826
65665
65665
69471
69575
69866
69866
72155
76973
76990
76990
77820
77820
77820
80331
80576
80576
80576
82544
82564
84990
87753
88176
88209
90674
90743
91064
91184
92518
93357
99806
100934
101873
102491
102888
102888
102888
104118
104332
104332
105184
105955
106567
107024
107807
110830
113375
113425
115651
116174
