981
1997
2705
2769
4211
4805
4878
5697
9054
9353
12570
12701
13105
13287
13290
13376
13387
14063
15218
15383
16091
16105
17086
17497
17516
17519
18186
18186
18186
18186
18186
19860
19860
20146
22007
22013
22013
22013
22344
22860
23321
26692
26819
26824
27774
28085
29059
29060
29723
29765
29799
29799
29970
30086
30090
30093
30093
30944
31017
31658
31983
32507
32561
32561
32564
32683
33489
34233
34400
34434
34436
34467
36816
37389
38642
38642
39585
39894
39913
40035
40144
40471
40682
40995
41404
41713
41713
41734
42224
42327
42380
42639
43420
43485
45456
45665
45665
46721
47465
49781
50432
50432
50453
50873
50873
51722
53542
53829
53829
54678
54678
55260
56223
57170
57578
58011
58012
58012
58012
58384
58624
60603
61224
62436
62749
62813
63998
64010
65665
65826
68076
68404
69069
69883
69966
70048
70165
70210
70210
70210
70210
70210
70210
70419
70419
70419
70419
70419
70428
70431
70489
70706
70957
71385
71576
73594
74699
74799
74799
74799
76756
76973
77033
78839
80755
80760
81248
82650
83364
83392
84788
84989
84990
84990
84990
84990
84990
86143
86831
86831
88176
88176
88176
88176
88187
88209
89434
89434
89745
90603
90723
90724
90724
90727
90731
90732
90803
90807
90807
90807
90807
91045
91343
91617
91658
91995
94351
94987
95862
96073
97440
97908
97908
97908
98290
98316
99392
99546
99667
99875
100711
101370
102453
102491
103286
103403
105518
105767
105987
107031
107184
107338
108107
108637
110162
110486
110486
110486
110987
111240
111456
111473
112195
112219
113049
113464
113631
113685
113687
113687
113700
114365
115637
115852
116444
116859
