1849
1895
2862
3107
3178
3183
3831
3831
3847
3929
4536
4945
4945
4945
4945
5029
5655
5778
5954
6190
6190
6252
8093
8325
8489
9076
9116
9979
10274
10705
11978
11978
11979
12149
12149
12344
12711
13939
14299
14621
14627
15239
15340
15617
15666
15693
16271
16415
17171
17658
17879
17912
19024
19364
19364
19364
19364
19364
19364
19364
19364
19364
19364
19364
19364
19364
19364
19364
19364
19364
19364
19364
19364
22013
22014
22020
22025
22033
22661
22743
22961
23034
23058
23118
23388
23499
23502
23528
23528
23528
23528
23528
23528
23528
23528
23552
23636
24117
24209
24456
24484
26845
28184
28404
28411
29289
29559
29673
30001
30001
30002
30217
30217
30229
30438
30555
30632
30644
30876
31065
31106
31353
31382
31508
31856
32320
32666
32680
32680
32694
32702
32702
32704
32754
32761
33175
33865
33978
34482
34940
35275
35280
35372
36274
36336
36336
36687
37100
37228
37228
37228
37228
37228
37233
37233
38204
38204
38807
38962
39519
39585
39780
39829
39837
39854
39857
40065
40128
40198
40498
40574
40574
41152
41347
41994
42416
43105
43169
43420
43444
43490
43537
44448
44486
44486
44488
44651
44698
44698
44956
45033
45157
45159
45388
45388
45606
45629
46008
46036
47167
47853
48050
48287
48752
49145
49719
50412
50443
50459
50782
50796
50873
50873
51055
51716
51721
51723
51895
52099
52224
52252
52309
52408
52408
52410
52414
52519
53310
53542
53829
54190
54535
54823
54864
55246
55357
55570
55827
56223
56225
56551
57712
57719
57732
57940
57946
58286
59757
59903
60603
60881
60881
61387
61686
61735
61736
61736
61750
62606
62618
62618
62618
64017
64343
65115
65665
65665
65665
65826
65869
66043
66175
66265
66265
66265
66265
66450
66832
66832
67148
67609
67720
67932
67932
67932
67932
68004
68063
68063
69069
69069
69069
69069
69069
69069
69596
69864
69866
70154
70168
70171
70180
70180
70489
70618
70957
70957
70957
71011
71024
71041
71413
71592
71820
72156
72365
73189
73942
73942
73983
74093
74095
74578
74799
74799
74799
74799
74824
74990
75040
75040
75695
75702
75759
75759
75760
75762
75836
76082
76680
76940
76973
76973
76973
77031
77033
77033
77308
78494
78494
78993
79334
79722
79820
80070
80514
80575
81592
81596
81701
81774
81820
82009
82466
83184
83770
83834
84526
84982
84983
85508
85853
85883
85982
86394
86425
86464
87099
87099
87535
89193
89238
89319
89434
90280
90685
90685
91079
91995
92211
92214
92214
92534
92731
92912
92956
93096
93098
93224
93224
93224
93326
93326
93947
94433
94433
94433
94436
94512
94949
94949
95123
95823
96847
97568
98605
99085
99920
99980
100940
102017
102487
102491
102493
102493
102493
102747
102959
102959
103078
103315
104159
104160
104167
104271
104271
104271
104446
104744
104935
104935
105503
105996
106033
106227
106898
107246
107357
107807
107811
107836
108310
108310
108310
108310
108388
108561
108610
109194
109196
109276
109625
109640
109849
109924
110162
110486
111019
111061
111281
111473
111590
111705
111746
111774
111774
111791
111800
111959
113044
113132
114370
114370
114390
114390
114390
114402
114905
115637
115637
115648
115648
115659
115659
115696
115711
115777
115805
115805
116468
