1066
2712
3885
4798
5026
5073
5356
5356
5380
5510
5702
5886
8248
10171
10323
10535
10676
10676
10676
10676
11544
11735
12138
12309
12773
12829
12881
13190
13237
13237
13415
13740
13740
13932
14439
14779
15407
15487
16099
17447
21881
22010
22344
23118
23233
23499
23499
23502
23528
23961
23961
23961
23961
25741
25988
26846
27142
27356
27901
28095
29211
29211
30001
30148
30148
30170
31198
31199
31455
31633
31836
33934
34039
34149
34482
34955
36211
37228
38364
38479
38807
38807
38808
38810
39185
40065
40246
40426
40472
40560
40659
41266
41267
41329
41470
41905
42210
42576
42994
43169
43169
43169
43421
43678
44284
44284
44284
44284
44286
44644
45589
45909
47162
47162
47162
47163
47163
47319
47348
47364
47574
48561
48855
49085
49087
49284
50873
50873
51307
52362
53531
53578
54277
55141
55268
55357
55357
56174
56183
56933
57609
58212
58388
58613
59571
59676
59676
60507
60653
60952
61192
61217
61336
62596
62606
62618
62628
63701
63701
63701
63701
63701
63701
63701
63745
63745
64600
64952
65071
65665
65683
65686
66043
66362
66362
66362
66390
66390
66390
66390
66390
66390
66390
66390
66394
66398
66941
66941
66941
66941
66941
66941
66941
66941
67385
69069
69074
69931
70489
71851
71926
72206
72208
72208
72208
72805
73301
73301
73308
73315
73315
73315
73315
73315
73315
73316
73316
73317
73983
75156
76707
76707
78284
80090
80753
82687
83329
83348
83487
84989
84989
84990
85363
85386
85386
85386
86297
86300
86668
86831
86831
88165
88724
89657
89828
90285
90521
90674
91592
91593
91740
92000
92000
92001
92569
92569
92569
92569
92569
92569
92594
92651
92661
92669
92672
92696
92740
92901
92928
93056
93062
93224
93224
93354
93828
93830
93833
93838
93947
94353
94354
94396
94987
96025
96050
96050
96442
96847
100084
100089
100635
100934
101027
101043
101043
101043
101071
101071
101071
101083
101155
102487
103303
104894
105599
105916
106196
108816
109717
110486
110723
110723
110723
111240
111590
111590
111590
111590
113137
114114
114364
114463
114838
115757
116651
116675
