1327
1970
2255
2383
2700
3107
3483
3904
4606
4827
4828
4829
5326
5501
5501
5609
5619
5642
5655
6601
6601
6601
6604
6604
6635
6777
6825
6825
6825
6894
6982
7632
7632
7935
8204
8976
8978
8987
9001
9019
9408
9614
9651
9662
9662
9662
9690
10047
10047
10309
10356
10357
10816
11160
11572
12494
12524
12590
12659
12774
12834
12881
12920
12962
12962
13149
13163
13612
13740
13740
13894
13963
13963
13963
13964
14117
14118
14125
14125
14439
14572
14594
14679
14698
14730
14885
14885
14885
14885
14886
14886
15154
15365
15666
15682
15721
16271
17171
17171
17176
17493
17497
17987
18196
18196
18196
18208
18208
18296
18347
18400
18522
19512
21773
21860
21860
21860
21867
22020
22302
22322
23058
23058
23070
23233
23321
23408
23480
23499
23502
23502
23520
23528
23528
23528
23528
23563
23699
23699
23699
23699
23699
23699
23699
23699
23699
23699
23699
24294
24484
25004
25364
25394
25415
25711
25712
26301
26376
26574
26692
26847
27122
27627
27901
28110
28188
29468
29472
29472
29472
29476
29559
30217
30709
30739
30739
30875
31082
31658
31723
31743
31967
32050
32320
33183
33728
33733
33733
33733
34234
34458
34458
34482
35570
35588
36152
36650
37233
37415
38206
38528
39170
39641
39641
39641
39642
39642
39642
39666
39666
39704
40007
40065
40065
40437
40441
40573
40703
40912
41114
41152
41152
41979
41979
41990
41990
42048
42148
42224
42355
42618
42618
42666
43169
43475
43575
44930
45388
45388
45388
45388
45415
46008
46207
46207
46207
46207
46207
46208
46217
46217
46217
46224
46318
46932
47395
47395
47804
47810
47811
48666
48855
49719
51307
52224
52224
52224
52224
52257
52337
52408
52408
52518
52662
53652
53974
54465
55511
56124
56221
56223
56223
57175
57181
57494
57494
57494
57494
57584
57735
57965
59805
60410
60410
60427
60427
60603
60972
61096
61916
61916
61920
62192
62439
63174
63191
63269
63485
63979
64429
65097
65665
65665
65665
65826
66043
66043
66043
66043
66043
66043
66553
67258
67940
68068
68086
69069
69069
69069
69069
69069
69069
69502
69804
69911
70957
71011
71041
71444
72488
73260
73260
73260
74699
75062
75068
76002
76973
77506
77507
77699
77700
78147
78284
79027
79484
79547
79980
81064
81504
81527
81527
81527
81527
81528
81775
82353
82844
82844
83347
83364
83834
83834
83834
84158
84446
84526
85655
86465
86668
86668
86997
87227
87778
87835
88209
88209
88213
89107
89121
89275
89737
90280
91666
91935
91949
91950
91960
92211
92399
92743
92956
92956
93211
93211
93571
95198
95741
96744
98761
98959
99309
99396
99685
100053
100448
100752
100912
101238
102487
102487
102491
102493
102819
102819
102975
102975
103009
103033
103054
103057
104136
104271
104798
105116
105323
106115
106721
106922
106922
107628
107807
108518
108562
108567
108833
108856
109037
110361
110978
111089
111456
111473
111590
111605
111682
111950
111950
111951
111951
111952
111952
111953
112087
112087
112087
112087
112087
112087
112087
112087
112087
112087
112087
112087
112087
112087
112087
112598
112598
112598
112598
112598
112824
112842
113418
113576
113577
114608
114608
114829
114838
114838
115422
115964
116081
116453
116453
116467
116472
