1773
1775
1775
2083
2797
3618
4717
4726
4795
4896
5121
5475
5739
6123
6123
6337
6362
6771
6771
6777
6860
6860
6860
6862
6863
6937
8159
8310
8310
8630
9233
9233
9651
9973
12138
12149
12920
12920
12920
13032
13180
13740
13740
13740
13812
13929
13932
14627
14628
14628
14973
16099
16271
16301
17047
18471
18522
18522
18564
19718
19718
19755
22007
22020
22076
22344
22523
22523
22934
23502
23502
23528
23528
23528
23528
23528
23528
23528
23528
23528
23528
23528
23636
24428
25708
26304
27250
27513
27877
28226
28227
28240
28451
29757
30217
30246
30296
30605
30744
31017
31347
31531
31604
31686
31831
31831
33728
34202
35163
35182
35198
35445
35445
35445
35445
35445
35445
35445
35445
35445
35445
35445
35787
35791
36617
36617
36809
36809
36809
36809
36815
36819
36917
39704
39888
40050
40065
41216
42353
42396
43055
43169
43169
43169
43266
43566
43632
44165
44486
44492
44732
44982
45033
45038
45157
45665
45905
45905
46151
46151
47197
47809
47809
47810
47810
47882
48855
48945
48945
48945
50411
51895
52035
52297
52408
52408
52521
52688
52731
52755
53851
53976
53976
56225
56545
56778
57494
57494
57494
57494
57578
59541
59548
59560
59796
60167
60603
60603
61096
61638
62065
62066
63269
64469
65478
65478
65478
65683
65891
66019
66043
66043
66043
66804
66804
66804
66804
66804
66825
66825
66832
66832
66878
66878
66878
66878
66878
66878
66878
66880
66880
66880
66886
66886
66904
67940
68136
68408
68418
69069
69069
69069
69069
69074
69076
70171
70293
70656
70656
71545
71620
71620
72723
74398
74398
74398
74405
75180
75559
76126
76126
76583
76929
76929
76929
76929
76929
76929
76929
76929
76929
76929
76929
77761
78005
78319
79027
79273
79274
79274
79274
79279
79279
79485
80209
80585
80588
80753
80755
81111
81339
81820
83347
84434
84983
84983
84989
86232
86673
86831
86925
86930
86930
87480
88165
88165
88176
88187
88211
88211
88831
89434
89434
89434
89636
89636
90279
90285
92001
92001
92214
92214
92214
92214
93187
93324
93947
93966
94421
96354
96379
96757
96757
100912
101244
101828
102057
102071
102273
102356
102489
102491
103033
103033
103057
103440
104409
105503
105503
105884
105884
105884
106340
106340
106950
108207
108363
108771
108857
109039
109158
109272
109362
110149
111032
111185
111240
111240
111240
111240
111240
111240
111240
111240
111240
111240
111473
111473
111951
112028
113409
114364
114464
114505
114843
116081
116472
116516
