947
1267
1499
1741
1746
1751
1751
1908
2577
2762
3302
3559
3579
3601
3707
3831
3885
4115
4473
4765
5304
5312
6190
6194
6245
6557
6603
6604
8050
8069
8177
8670
8675
8916
8916
9243
9591
9593
9603
9750
10047
10495
10553
10872
11932
12447
12774
12881
12920
13180
13183
13329
13354
13727
13740
13740
13756
13816
13838
14510
14594
14698
15132
15177
15365
16099
16156
16287
17170
17857
17912
18002
18413
18522
18564
18736
18736
18736
18736
18736
18736
18741
18751
18761
18773
19070
19811
19812
21773
21860
21867
21881
22578
22874
23058
23233
23233
23499
23502
23528
23528
23828
23878
24577
24592
26674
26676
26788
26847
26881
27042
27464
27890
27901
28363
28789
28793
29122
29211
30230
30600
30905
30993
31022
31202
31202
31211
31211
31211
31222
31540
31658
32239
32320
32628
32628
32649
32649
33624
35163
35205
35787
36143
36544
36896
37233
37233
37264
37360
37360
37360
37360
37360
37360
37415
37517
37686
37715
38185
38642
39351
39528
39537
39585
39681
39808
39876
39876
39894
39948
40050
40065
40065
40065
40228
40276
40452
40800
41113
41163
42166
42228
42796
42819
43054
43095
43131
43169
43169
43169
43458
44019
44407
44413
44413
45157
45157
45157
45159
45294
45415
45665
45872
45894
45909
46242
46271
46271
46271
46271
46271
46271
46271
46271
46271
46271
46274
46761
47385
47607
48129
48171
48257
48453
51525
51615
51846
51889
51889
51895
52408
52607
53531
53531
53531
53542
53829
53830
54534
54695
55162
55511
55511
55511
57137
57137
57181
57482
57482
57672
57687
57688
57688
57940
58023
58048
58166
58174
58241
58528
58528
59256
59648
59651
59653
59796
60141
60167
60400
60400
60493
60755
60898
61096
61911
62286
62606
62612
62633
62765
62920
63630
63680
63979
64084
64084
64084
64134
64266
64343
64343
64534
64872
65438
65684
66043
66351
66363
66996
67037
67037
67615
67665
67711
67745
67782
67783
67783
67933
68076
68399
68512
68522
68691
69204
69636
69671
69934
69992
69993
70045
70293
70293
71545
71823
71823
71823
71850
71850
71857
71876
72276
72589
73160
73260
73586
73983
74117
75801
76511
76511
76773
77031
77033
77228
77229
77420
77946
77949
78143
79084
79643
80452
80452
80711
80711
80738
80882
80884
80897
81243
81259
81653
82076
82799
82800
83316
83618
84970
84983
84983
84990
85853
86083
86412
86656
86930
86930
87706
87797
88176
88209
88724
88724
89108
89217
89229
89407
90185
90185
90186
90186
90186
90280
90280
90285
91045
91045
91497
91568
91584
91995
92211
92318
92357
93064
93224
94376
94933
95023
95241
95278
96025
96025
96550
96550
96550
96550
96553
96744
96744
97186
97227
97266
97386
98567
98567
98860
98860
98860
98872
98908
99684
100086
100457
102126
102126
102126
102126
102126
102193
102487
102491
102705
102761
103040
104355
104626
104786
104786
104786
104786
104786
104822
104833
104833
105139
105174
105174
105351
105354
105595
105596
106225
106231
106381
107856
108198
108605
108671
108673
108674
108674
109717
109801
109839
110824
110979
110987
110987
111061
111072
111533
111878
112987
113052
113201
113399
113425
113458
113508
113685
114168
114454
114829
115415
115732
115794
115852
116456
