1775
7291
7345
9594
10047
11232
11232
11358
11358
11358
11792
11911
12881
13106
13581
13684
13684
13684
13816
13849
14116
14522
14628
14730
15288
15289
15296
15385
16301
16806
17912
18275
18564
18564
22113
22124
22147
23528
26847
27052
27177
27279
29110
29211
30600
30715
30800
31022
32320
34787
36809
36815
37228
37328
37562
38471
38839
38839
39170
39496
39691
39693
39717
39837
40050
41003
41328
41397
41635
42927
42936
44698
45149
45307
45388
45613
45665
50873
51525
52861
53531
55238
55468
55468
56223
57943
58056
59541
59574
61217
64477
65071
65665
66294
66295
66676
67406
67406
67408
67782
68412
69068
69068
69068
71011
71018
71024
72167
72488
73196
73198
73260
73454
75762
75762
78326
78960
78993
79027
79027
79526
79976
79976
80515
80704
80707
80711
80753
80788
81225
81504
81916
83767
84550
84868
84868
84989
84990
84990
85625
86267
87116
87116
87116
87901
87902
88176
89810
91184
91184
91617
91617
91617
91617
91617
91928
92001
95899
98054
98708
98708
100564
101196
101238
101767
103290
104491
104497
104506
104518
106346
106485
107175
109366
109866
109866
109866
111705
111960
112153
112814
113285
114366
115826
116176
