1309
1765
2739
3457
3558
3878
5012
5084
6635
10068
10411
12422
14120
14120
14120
14250
14644
14730
14936
14936
14961
15862
16099
16271
18564
18564
20086
21860
23830
25564
26059
29659
30296
30644
31604
31604
36145
36145
36145
37228
37275
38807
41152
42028
42077
42111
42914
44479
44486
44651
45034
49668
51798
53717
54189
54189
54678
57031
57578
58875
59545
59742
62286
62790
63123
63718
64256
64256
65876
68523
69521
70082
70082
72011
72805
75559
75660
75660
75660
81243
83396
84696
84696
84696
84990
86831
87387
89804
90280
93098
94509
95687
96025
96334
98959
101584
103591
103592
106516
106712
107024
107856
108625
108860
110446
110987
111061
111578
112358
114114
114370
114451
116390
