3152
3600
3601
3603
3659
3831
3835
3836
3836
3836
4115
4140
4183
4536
4542
5084
5084
5240
5475
5779
5886
6601
6601
6606
6796
6797
6798
6825
7179
7179
7183
7183
7183
7183
7206
7206
7206
7206
7206
7206
7206
7206
7206
7206
7206
7206
7206
7206
7206
7211
7211
7228
7234
9384
9384
10749
12412
12447
12448
12448
12448
13095
13098
13098
13803
13803
13803
14125
14521
14538
14782
14978
15091
15686
15721
16301
17303
17309
17309
17506
19024
21773
21773
21773
22113
22113
23408
23480
23480
23528
23528
23528
23528
23528
23671
24627
24661
25272
25364
25394
27562
27637
28844
29714
29808
30093
30146
30987
31065
31686
31795
31796
31796
31921
31921
31924
31924
31927
34128
34202
34286
34482
34502
36815
36815
36872
37012
37012
37228
38090
38307
38307
38308
38683
38807
40065
40573
41201
41327
41338
41496
41562
43169
44486
45584
46619
46654
47958
48855
49277
49285
51525
52004
52004
52004
52186
53492
53542
53542
53802
53802
54182
55447
55448
55827
55827
55828
55834
55834
55924
56223
56296
56836
57497
58649
59738
59755
60603
61217
61336
61336
61571
61709
61868
65665
65665
65665
65665
65665
65705
66042
66043
66043
66043
66804
66866
67152
67354
67359
67877
68065
69068
69526
70165
71087
71087
71214
71355
71544
71736
72195
72782
73163
73260
73260
73858
73965
74496
74649
74649
74649
74650
74650
74650
74650
74650
74651
75527
76973
77033
77034
77287
78011
78312
78312
78960
79494
79494
79941
81397
81495
82490
82593
82596
83529
84526
86657
86657
86657
86657
87096
87112
88176
88176
88176
89804
90125
90125
91020
93257
95979
99037
99174
99174
99174
99748
100021
100378
100564
102640
103054
103426
104332
104332
104383
104577
105275
105275
106930
107023
107527
107811
107892
107893
107893
108363
109041
109329
110979
111015
111015
111072
111110
111473
113072
113073
114164
114362
114364
114364
114370
114370
116444
116651
116774
