3811
5083
5083
11089
11089
13491
16120
16271
17447
17447
17603
17603
17603
22007
22072
22344
22934
22934
23830
25980
26763
27820
28035
30434
31604
37063
37228
37650
37816
37818
38807
39361
39544
40065
40391
41216
41216
41380
41427
42993
43169
43420
43420
44833
45388
45664
46535
49190
49220
49220
49244
50873
50873
51895
52538
52999
54850
54850
58151
60972
61093
61595
61836
61851
62529
62529
62529
63998
65478
68418
68418
69069
69302
72488
72488
74055
74055
74055
75559
76680
78531
82866
84990
86924
86925
87204
88165
88598
88831
89107
89434
90286
90575
90685
93224
95838
96054
96073
98959
99308
99308
99336
99396
100301
101881
101881
102636
104256
105212
106096
106196
110486
111462
111473
112523
112842
113590
