1595
1595
1595
1595
2347
2443
2574
3140
3215
3811
3811
3811
4351
4352
4401
4621
4621
4621
4621
4621
4621
4621
4621
4621
4621
4621
4621
4621
4621
4621
4621
4621
4621
4621
6290
6290
6486
7092
7260
7260
7324
7338
7338
7437
7446
7856
7872
10712
10740
11300
11419
12055
12250
12279
12894
16185
16362
16962
17262
17265
17344
17344
17344
17345
18857
18894
18931
18931
18931
18931
18931
18931
19074
19100
19149
19211
19754
20190
20202
20202
20202
20202
20284
20367
20443
20513
20654
20670
20670
20778
20816
20818
21289
21289
21326
21429
21921
22555
23158
23315
23805
24284
24380
24777
24823
24917
25083
26273
28627
28633
28834
28834
29149
29246
29644
29647
32131
32956
32956
33044
33483
34178
34178
34178
34178
34360
34711
34718
34718
35025
35025
35025
35025
35380
35419
35421
35450
35784
35784
35845
36793
36793
36793
36793
36793
36793
36793
36793
37139
37952
38028
38388
38763
38763
41363
42569
43802
45351
45456
45456
45566
45566
45566
45566
45868
45868
46189
46474
46474
46474
46939
46939
46939
46939
46945
47021
47025
47457
47747
48212
48371
48733
48733
48733
48733
48733
48733
48744
49296
49375
49576
50343
50824
50883
51194
52090
52152
52727
52846
53357
53357
53357
53658
54077
54378
54378
54378
55407
57009
61308
61322
62462
62648
62655
62663
62663
62663
62663
62734
62991
63019
63044
63044
63123
63190
63525
64194
64326
64414
64587
64587
64587
64649
66499
66595
66797
67202
67202
68730
68730
68809
70046
70156
70646
70655
71205
71208
71208
71222
71229
71809
72011
72011
72011
72011
72011
72011
72011
72011
72011
72011
72011
72825
73224
73411
73412
73412
73412
73500
73500
73500
73776
74167
74168
74191
74191
74191
74191
74191
74191
74191
74191
74191
74191
74195
74195
74222
74232
74242
74370
74565
75013
75551
75551
75551
76264
76320
76322
76456
76456
76494
76583
76972
76972
76972
77357
77416
77711
77975
78055
79266
79706
79714
80068
80507
80548
80548
80548
80548
80641
80670
82381
82381
82381
82381
82381
82381
82381
82381
82381
82814
82816
82900
82945
82945
82947
83449
83635
83731
83731
83916
84627
84627
85336
85445
85445
85478
86850
87947
88041
88091
88092
88706
88773
88796
88817
88968
88975
89050
89057
89471
89471
89565
89602
89613
89958
89958
89958
90319
90325
90562
91028
91735
92160
92860
93045
93908
94140
94618
94830
94846
94971
95232
95436
95436
95545
95587
96149
96149
96187
96188
96968
97434
97439
97439
97439
97439
97439
97439
97439
97439
97439
97439
97445
97445
97445
97445
97445
97445
97445
97445
97445
97445
97445
97445
97445
97445
97445
97445
97445
97445
97445
97445
97445
97445
97447
97463
97463
97463
97466
97466
97551
97551
97551
97574
97574
97574
97574
97574
97574
97609
97609
97609
97609
97609
97609
97656
97656
97898
98152
98152
98410
98411
98411
98413
98413
98851
99070
99193
99247
99546
100490
101741
102181
103693
107622
109441
110368
110402
110580
110638
111217
111530
111899
111899
111899
111907
111907
111907
111909
111909
111909
111913
111914
111915
111927
111927
111927
111927
111940
112423
112918
112918
113403
113510
113510
113510
113535
113948
114013
