1908
1925
2013
2877
4824
5188
9874
9883
9914
9953
10257
12696
13727
15079
15120
15369
17584
18568
19011
20352
21860
23921
26847
27951
33294
36793
38881
38881
40576
40943
43272
45157
45909
46113
49617
52146
60182
61851
67795
68002
71211
71211
72155
72750
74614
74799
75901
78052
80111
80200
80219
80225
80882
80904
82116
82476
86024
86086
86086
88019
93210
93773
94905
95242
95242
95243
95245
95381
95381
98575
99037
103054
104239
104786
104833
108200
108207
109799
110830
110991
110993
113685
116205
116205
