3123
3403
3600
4937
4940
4940
5189
5189
5747
7181
9117
10635
12156
12959
14439
15079
15120
18574
23528
23528
24918
29472
30011
30053
30555
32680
32680
34158
36707
36809
37275
37384
37384
37384
38074
39524
39666
39691
40452
40667
41462
42225
43768
45935
48591
52004
52408
52519
55141
57531
59294
59319
60104
60104
60105
60105
62749
69460
70957
77623
77624
78846
79334
80679
81774
81774
81774
84327
84327
84327
84654
84654
84662
88478
88478
89121
92534
93211
93326
95768
96549
98182
99212
99223
99336
99336
99354
99354
100053
101675
103057
103057
103441
103628
103628
103628
103772
103913
104271
104626
105467
107309
108188
110696
111061
111061
111061
111950
112967
114364
114364
114577
