1179
2699
2862
5344
5739
6123
6604
6606
6610
6661
6798
6799
9102
9662
10046
10061
11545
12887
12920
13180
13183
13838
14713
15079
15079
15683
17549
17912
17912
18564
18564
18878
18878
18878
18878
18878
19607
27142
27298
27973
29251
30012
31347
32850
34482
34615
34674
35198
35805
37276
37531
38133
38172
39671
39687
39772
39772
39864
40276
40923
41979
42111
42427
42433
42602
42674
44581
45388
46208
46435
46447
50873
54298
55079
55079
57170
57494
58945
59018
59695
61336
61417
61839
61921
61921
62765
64249
65665
65665
65665
66043
66043
66792
69069
69069
69069
70082
71824
74799
74824
75559
76074
76973
76990
76990
78942
78960
79906
81224
82091
84355
84990
84990
86097
86668
88164
88176
90280
90285
90575
91135
92234
93177
94114
94520
94987
97789
97816
98739
99175
100416
101012
102491
103417
104460
105833
107835
109640
110486
111473
112986
113052
113399
113685
116172
116205
