1078
2084
2474
4979
7905
10564
10616
10676
12881
14254
14413
14416
14628
14978
14979
16099
17234
18213
18214
18214
18564
18679
23480
23480
23636
23636
23636
23999
23999
25272
27115
27356
27441
28171
28172
31604
31641
34055
35275
36809
39693
40498
41003
41266
42041
42612
45665
45665
51798
54390
54390
54564
56174
56174
56188
57031
57976
58761
61096
62960
62960
62960
64519
64531
64531
64704
65025
65665
65665
66043
66043
68076
68408
68418
69309
69309
69309
69309
72190
73856
84990
85508
85509
85509
85510
87651
87956
89865
92000
96050
97617
99598
99920
102288
102622
103054
104531
105558
107807
108337
108337
108337
108341
109514
110723
111061
113382
114142
116347
