1510
1661
2223
3008
3601
3631
3639
4645
4645
5122
5740
6601
7328
7328
9914
10649
10666
12205
13109
17314
17314
18814
22072
22523
22983
22983
23086
23321
23528
24041
24041
27051
28044
30000
32320
32320
34149
34202
36847
37544
37748
37816
38684
38807
38839
38839
38839
38887
38960
39585
39794
40036
40050
40050
40050
40050
41521
41713
42639
42712
42712
43169
45410
45743
48385
50782
52185
53010
54076
54076
56495
56495
57531
59252
59252
59252
59571
60460
61096
62239
62813
65827
65827
65827
65827
65848
65848
65848
65848
65848
65848
67206
68408
69700
70419
70419
70784
80035
80393
80525
80753
80753
80760
80777
80804
81451
83349
84980
84980
86255
86831
87229
87742
88464
89923
91477
91477
92232
93192
93192
93192
93354
95815
96756
97713
99037
100448
100935
102203
102487
103033
107342
109717
111217
111451
111589
111589
112242
114370
114463
114548
115777
