1741
2226
2379
3152
3152
3499
3600
3738
5650
6192
7274
8073
8380
8514
8581
8583
9164
9353
9883
10124
10720
10976
10976
10976
10976
10976
10976
10976
10976
10976
10976
10976
10976
10976
10976
10976
10982
10988
11025
11025
11054
11054
11054
11114
11402
11737
12123
12264
12515
12709
12881
12881
13491
13521
13803
14452
14473
14480
14480
14480
14482
14594
14884
15134
15930
16271
18196
18196
18202
18512
18522
18522
18522
18564
18702
19176
19364
19364
20073
21773
21773
21773
21867
21881
22033
22072
22072
22087
22087
22524
23118
23233
23256
23417
23480
23502
23636
24484
24487
24865
24938
24938
25540
25540
25707
26063
26377
26555
26569
26847
26893
26919
26919
26973
27115
27422
27492
28445
29187
29714
30912
31347
31456
31604
31641
31655
31686
31830
31849
31858
32320
32320
32320
32628
32628
32628
32979
33294
33853
33934
34598
34774
34781
35040
35040
35040
35113
35113
35549
35593
35709
35787
36650
36742
36815
36815
36815
36816
36820
37328
38112
38112
38115
38185
38281
38642
38642
38642
38669
39170
39251
39371
39566
40007
40050
40420
40704
40822
40995
41229
41427
41427
41628
41762
42225
42232
42639
42888
42948
43169
43587
44172
44196
44270
44650
44698
44957
44958
45410
45410
45589
45589
45824
46784
47094
47568
47705
48205
48205
48474
49298
50312
50327
50875
50875
51201
51636
51636
52127
52405
53542
53542
53542
53696
53960
54298
55177
56223
56225
56247
57031
57064
57494
57943
58414
58417
58434
58672
59573
60007
60493
60972
60972
60989
61096
61827
62436
62717
62749
62765
63887
63887
63887
63887
63887
63998
64212
64343
64408
64408
64475
64723
64729
65097
65097
65097
65665
65665
65665
67100
67100
67100
67385
67385
67390
67460
67783
67940
68523
69069
69069
69074
69074
69076
69568
70618
70891
70891
70902
70958
70998
71161
71544
71545
71737
72190
73160
73177
73190
73575
73894
74712
75687
75688
75723
75723
75756
75757
76891
77031
77033
77614
78201
78326
78876
79029
79223
79223
79228
79519
80170
81251
81670
81773
82922
83834
83904
84528
84528
84990
84990
84990
85331
85384
85958
85958
85958
85958
85959
86045
86062
86677
86831
86831
86880
86997
86997
87186
87542
88176
88176
88176
88176
88209
89434
90080
90279
90604
90674
91045
91184
91184
91184
91703
91928
92123
92388
92449
92449
92449
93098
93224
93244
93246
93355
94466
94512
94779
94785
94785
94807
94987
95793
96640
96744
96813
97467
98860
98860
98936
101242
102057
102819
103267
104167
104167
104242
104271
104271
105174
105575
105687
105821
106015
106348
106556
106853
106892
106922
107024
107592
107612
107628
107807
107836
107856
107856
107893
108717
108771
108835
109136
109155
109158
109239
109241
109241
109241
109275
109282
109314
110696
110696
110987
111073
111457
111459
111791
111950
112750
112751
113375
113425
113425
113463
114163
114320
114365
114370
114938
115318
115330
115334
115334
115438
115637
115637
115637
115794
115964
116074
116444
