1092
2723
3600
3811
3811
4680
4765
5486
6581
7027
7094
7094
9883
9973
9973
10047
10967
11572
12075
12287
12464
12881
12920
13727
13740
13740
14412
14522
14523
18055
18196
18196
18202
18903
19044
21976
21977
21977
22010
22310
23118
25272
25272
25272
25712
26304
26678
27826
28512
29468
29476
29811
30167
30487
31454
31456
31641
32628
32628
34373
34770
34828
34828
34828
35970
35970
35971
36285
37228
37267
37542
37542
37544
37693
37697
38889
39121
39471
39474
39480
39480
39704
40065
40169
40228
40276
40276
40276
40276
40521
40521
40521
40521
40521
40521
40521
40521
40521
40521
40521
40703
41152
41427
41470
42671
43169
43378
43678
43907
43918
43918
43918
43918
44411
44448
45033
45110
45110
45110
45110
45110
45388
45961
46297
46297
46297
46297
47319
48123
48855
49766
50365
50875
53166
53166
53166
53166
53166
53168
53531
53540
53542
53542
53542
53542
55315
56383
56933
57170
57493
57494
57499
57940
57940
58715
58715
58742
60476
61336
61574
62605
62960
63974
64343
64343
65665
65665
66043
66447
66447
66510
67148
67200
67200
67783
68049
68086
68416
68530
68780
68780
68780
68780
69069
69069
69283
69283
69283
69284
69290
69439
69883
70978
71011
71011
71018
71046
72162
72587
72614
73160
73724
74312
74338
74594
75640
75840
76544
76680
76680
76899
77506
78312
79265
79643
79931
80250
80250
80252
80372
81552
83822
83822
83836
83973
83973
83973
83973
83977
84526
84526
84989
84989
85384
85399
85446
85874
85886
86412
86643
86720
86780
86831
86831
88176
88176
88176
88209
88209
88209
89742
91928
92214
92569
92569
92569
92569
92569
92569
92655
92672
92692
92707
92860
92901
92901
92901
92901
93324
94353
94360
95198
95198
95198
95212
98466
102161
102193
102380
103078
105177
107660
107807
108207
109158
109270
109625
109875
110402
110879
111458
111950
112053
112841
112842
112987
113137
113174
113392
114829
115535
116077
116086
116625
116643
116877
