105
227
370
382
397
403
457
459
466
479
585
596
630
672
695
909
1474
3107
3738
3738
3771
3831
4380
4428
4428
4428
4606
4628
4676
4684
4765
4814
5294
6123
6557
6557
6557
6601
7328
7539
7657
8916
9526
10000
10061
10388
10445
11403
12022
12182
12281
12281
12281
12343
12698
12753
12765
12899
12964
13159
13706
13803
13838
14577
14730
14730
14730
14734
15383
15383
16099
16312
16841
16855
17137
17176
17497
17796
17993
18194
18564
18564
18568
18591
18591
18591
18591
18592
19024
19024
19024
19945
21026
21773
21860
21860
22014
22300
22720
22846
23058
23233
23418
23419
23499
23502
23505
24025
24035
24391
25487
25540
25551
25551
25977
26120
26715
26847
27424
27886
27891
27901
28490
28497
29714
29753
29756
30163
30795
31333
31454
31463
31773
31777
32320
32392
32405
32466
32537
32551
32551
32555
32555
32599
32702
32702
32704
32937
33008
33485
33851
34089
34234
35163
35189
35401
35589
35590
36245
37228
37275
37709
37936
38039
38039
38642
39199
39199
39518
39545
39550
39641
39641
39643
39643
40227
40573
40574
40700
41186
41186
41251
41253
43095
43272
43721
43721
43768
44095
44095
44165
45159
45589
45665
45665
45705
45779
47398
47400
47414
48198
48198
48271
48666
49166
49482
49826
50767
51720
52521
52521
52521
52522
52611
52902
53270
53542
53542
53544
53717
53813
54678
55263
55286
55357
55827
56223
56227
56232
57494
57539
57555
58393
58465
58720
59572
59813
59820
59833
59833
59834
60427
60427
60510
61096
61911
62114
62286
62464
62467
62467
62467
62472
62474
62474
62474
62476
62476
62476
62476
62606
62749
64435
64435
64675
64675
64940
65046
65080
65208
65444
65444
65574
65616
65665
65665
65684
66043
66043
66043
66043
66043
66043
66140
66183
66569
66832
66832
67035
67035
67044
67082
67586
67783
67829
67932
67990
67990
67990
67990
67990
67990
67991
67991
67997
68049
68092
68909
69069
70140
70257
70957
71329
71342
71500
71543
71823
71828
72010
72010
72010
72069
73239
73301
73594
73594
73856
73983
73988
75295
75657
75902
76116
76116
76126
76132
76636
77173
77447
78135
78197
79243
79976
80136
80302
80302
80941
81062
82765
82960
83053
83058
83058
83061
83074
83081
83081
83105
83870
83926
84259
84585
84723
85003
85372
85382
85533
85687
85821
86512
86702
86702
87078
87487
87941
87941
88041
88093
88093
88093
88093
88101
88101
88102
88103
88104
88106
88114
88120
88176
88209
88209
88724
88797
88868
89123
89316
89434
89674
89862
90096
90126
90130
90130
90130
90132
90578
90674
90674
90674
91507
91995
92056
92176
92176
92231
92232
93192
93428
94210
94848
96516
96516
97071
97094
97617
97931
98075
98090
98115
98116
99761
100438
100556
100564
100820
102010
102022
102057
102264
102269
102501
103031
103033
103056
103057
103323
103913
104117
105120
105183
105386
105855
105998
106346
106487
107729
107893
107947
108176
108228
108745
108822
110060
110060
110060
110643
110723
111072
111084
111180
111241
111273
111408
111458
112828
113598
113735
113760
113778
114336
114343
114357
114613
114708
115125
115318
115422
115811
115852
115860
115864
115960
115982
116017
116086
116088
116088
116347
116822
