1207
2075
2850
2862
2862
2862
2862
2863
2864
2865
2915
3012
3340
7835
8221
11339
11790
11792
11792
11796
11804
12505
12881
14439
16151
16315
16315
18527
19755
19789
19789
21522
21522
21773
21939
22076
22931
22934
22980
23013
23094
23528
24289
24627
25091
25091
26376
26674
27847
28365
28590
29157
29482
29871
30944
30955
31017
32320
33294
34149
36421
36477
37155
37155
37170
37170
38395
38810
39365
39419
39427
39837
39913
40065
40065
40276
40471
41979
45540
45665
46502
48123
48123
49121
49145
49324
50811
52102
52400
53259
54138
54691
55315
56985
56985
56985
56985
59573
59983
60906
60910
60926
61100
61836
62239
62322
62523
62618
63494
63998
64249
64836
64836
65665
66987
67421
67421
67470
68076
69023
69069
70210
70210
70212
71398
72610
73594
73594
74799
74799
74824
75879
75879
76756
76756
76773
77630
77630
79909
80516
80517
80882
81243
81243
81243
81507
82315
82877
83392
84990
85049
85728
86024
86619
86631
87045
87387
87541
88176
88176
90064
90064
90064
90285
91044
91129
92056
92143
93874
95199
95970
97667
98789
99094
99959
100678
102487
102711
102711
103350
103562
103564
104146
104271
104417
104552
105177
105364
105364
105450
105884
105884
107301
110149
110361
110469
110486
110486
111240
111431
111473
111589
111590
112194
112523
113418
114163
114320
114362
114364
114373
114596
114833
115318
115616
115637
115852
