2862
2862
2862
2915
2917
3008
4765
5934
6557
13105
13740
13838
15455
16151
16151
16301
16576
17447
17782
17782
23094
23501
23502
24547
24551
25338
27328
27424
27887
28411
29211
30955
31028
31333
31540
32680
33282
35163
36760
37275
37686
38079
38807
38808
39099
39101
39244
39418
39418
39418
39425
39427
41103
41427
41742
41755
43050
43436
43436
44413
45905
45905
46664
47997
48123
48123
48190
48205
48205
49121
49121
49121
49125
49333
49796
51895
52521
53542
53717
55447
57170
58063
58383
59018
59048
59324
60167
60274
60278
60766
60906
65594
65665
65665
65826
66043
66043
67783
68068
69883
70210
70212
71420
73594
73594
73991
74799
74799
74809
77385
77385
77385
81243
82316
84526
85728
86925
86955
88176
90156
90678
91594
92953
93361
93874
96801
97673
97673
99973
103054
104627
105447
106563
107306
107309
108252
108252
110952
111183
111240
111334
111437
111473
113687
116651
116758
