2847
2862
2991
3008
3012
3029
3481
3600
3600
3601
3601
3664
3885
4072
4115
4288
4288
4288
4288
4814
4814
5164
5680
5697
5697
6116
6116
6116
6116
6601
6630
7328
7328
8163
9116
9117
10495
10519
10647
10649
12134
12881
12959
13109
13264
13376
13376
13405
13550
13611
13803
13816
13816
13838
13838
13849
13849
13849
13849
13867
14063
14117
14730
14980
15455
15721
17028
17089
17089
17089
17135
17145
18308
18445
18496
18497
18780
18780
22010
22310
22524
22934
22978
23279
23321
24938
25272
25272
25272
25272
25364
25368
25711
25730
26301
26304
26609
26677
26990
27051
27183
27232
27350
27757
27924
28044
29672
30000
31194
31211
31333
31508
31508
31818
32107
32110
33232
33897
33897
33898
34014
34014
34051
34149
34149
34458
35193
35194
35325
35337
35337
35401
36584
36642
36650
36715
36807
36847
36884
37544
37816
38528
38807
38960
39106
39226
39251
39283
39585
39594
39594
39642
39654
39819
39837
40036
40461
41521
41713
42120
42351
42712
42712
42712
42781
43169
43371
43458
44603
45410
46022
46113
46188
47319
47864
48644
49190
49441
51844
51844
52344
52400
53492
53492
53531
53535
53542
53542
54076
54076
54678
56105
57499
57578
57768
57975
59223
59882
60167
60167
60460
60603
60808
61217
61336
61595
62239
62494
62634
62813
62825
63252
64134
64134
64134
64134
64534
65347
65347
65665
65665
65941
65942
66043
67408
67651
67651
67651
67782
67934
67940
68068
68178
68285
68415
69460
69719
69866
71090
71090
73428
74017
76480
77031
77033
77034
77067
77067
77067
77173
77173
78261
78636
78637
79976
80804
80888
80888
80891
80891
82071
82320
83044
83044
83364
83364
83904
84140
85629
86831
86930
86930
87742
87742
88209
88845
90280
90280
91045
92270
92442
92442
93211
93211
93356
93357
93874
93874
93874
93874
93874
93874
93874
93874
93874
93874
93874
93874
94280
94433
95979
96050
96050
96090
96090
96090
96096
96101
96423
96442
96442
96455
96459
96460
96550
96550
97713
97896
97909
98485
99066
99871
100175
100250
100504
100691
100912
100935
102487
103033
103040
103054
104040
104636
104654
104655
104833
104931
105118
105935
106922
107030
107332
107332
107334
107380
107380
109851
110723
111589
111589
112194
113149
113425
113685
113685
113685
113687
113687
114370
114370
114463
114477
114477
114477
115175
115318
115633
115794
115794
116086
116456
116651
116877
116877
