2111
4798
6190
9116
10589
12881
13183
13468
13803
13817
15288
15386
15386
18394
18522
18522
19171
21860
22010
22068
22523
22934
23321
26913
29104
31023
31564
34082
34234
34293
34293
34598
34598
34646
36815
36916
37228
37254
37855
37855
37855
39166
39518
42033
42033
42034
42041
42041
42041
43458
45038
45405
45407
45407
46016
48205
48397
48554
53905
56127
57943
58614
58617
59561
59572
59573
64728
64728
65836
70045
70048
70048
71018
71960
72896
72902
73177
74061
74180
74712
79051
81135
81268
81596
81596
84824
84990
86925
88176
88176
88176
90603
90685
91184
92452
92828
92959
92961
92961
92961
94415
96445
98929
100175
100176
102380
102766
107540
109375
111607
111672
112261
114477
114477
114838
115394
