2622
2622
2622
5449
6215
7330
7391
9410
11575
14574
17759
22113
22725
22725
22725
24088
24758
25236
25236
25236
25393
25595
25796
26467
26494
26494
26797
26797
26797
29206
29276
30515
30515
30515
30515
30600
32094
34614
37645
38090
43074
47736
50297
50342
50342
50342
50477
50477
53416
58761
58774
61096
65438
65665
65881
68408
70476
70638
71398
71398
72155
72548
73260
75183
76117
80479
80479
81215
81858
83225
83659
84896
87923
88165
88165
88176
90014
90575
93794
93794
95045
95630
96050
97789
97789
97789
98035
99280
99666
102487
103628
105212
110644
111089
113687
115429
115805
116456
