1405
2013
2295
2376
3561
3636
4091
5149
5667
6209
6601
6601
6821
6821
8046
8731
8886
9026
9095
9211
9377
11089
11197
11322
11932
12149
12498
12834
13551
13838
13838
14435
14627
14777
15340
15340
15344
15347
15474
16105
16287
16303
16308
17176
17782
17912
17982
18024
18074
19718
19740
21939
21939
21939
21939
21939
21939
21976
22344
22879
22934
22934
22934
22934
22934
22934
22934
22934
22934
22934
22934
22934
22958
22961
22978
22978
22981
22981
23058
23058
23094
23321
23499
23499
23499
23502
23528
23528
23528
23552
23552
23784
24185
25708
25708
26291
26291
26315
26317
26672
26674
26710
27142
27142
27146
27324
27576
27731
28035
28170
29236
29601
30144
30456
30727
30843
30956
31100
31402
31601
31641
31641
31658
31658
31659
31980
32680
32754
33291
33610
33809
33859
34406
34482
34850
34855
35174
36691
37105
37375
37417
37591
37963
38075
38468
38642
38807
38808
38839
38839
39346
39365
39404
39409
39704
39829
39874
40050
40065
40103
40191
40437
40573
40573
40573
40669
40703
40995
41205
41216
41427
41704
41721
41782
41905
41979
41993
42033
42187
42224
42576
42674
42687
42712
42737
43420
43420
43421
43511
43676
43733
43822
44406
44479
44486
44488
44925
44925
44925
45684
45796
46491
46664
46721
47281
47389
48004
48004
48004
48123
48123
48123
48123
48123
48123
48123
48123
48123
48123
48123
48123
48129
48752
48902
49695
49763
49763
49796
50347
50347
50389
50873
50873
51476
51706
51798
51819
52081
53531
53535
53542
53542
53587
53622
53796
54124
54175
54277
55924
55974
56374
56811
56979
57494
58902
58997
59298
60427
60457
60603
60603
60603
60603
60603
60603
60603
60968
60972
61096
61336
61336
61830
62192
62269
62435
62494
62529
63121
63121
64010
64011
64343
64534
65069
66043
66043
66171
67152
67152
67470
67711
67711
68004
68268
68500
69069
69321
70165
70210
70210
70230
70231
70231
70231
70231
70231
70578
70618
70656
70656
70656
70957
71018
71398
72488
72898
72902
73160
73280
73794
73983
74293
74718
74719
74824
74824
75269
75275
75313
76299
76515
76680
76990
78059
78960
79252
81063
81596
81784
81952
82741
82741
82741
82741
82745
82866
82866
83044
83182
83316
83392
84432
85330
85720
85761
85761
85883
86300
86831
86930
86930
86997
87097
87152
87225
87653
87653
87653
87653
87742
88536
88831
89357
89636
90066
90125
90125
90156
90156
90285
90285
90657
90911
91045
92056
92126
92569
92736
92885
92959
93182
93224
93717
94101
94354
95673
95673
96025
96125
97447
97447
97447
97447
97453
97730
98052
98187
98469
98474
98525
100504
101288
102487
102489
102489
102491
102491
102491
103174
104138
104271
104271
104706
104744
104935
104935
104935
104935
104935
104935
104935
104935
105833
105851
105958
105990
106273
106432
106445
106628
106929
107245
107807
107807
107807
107815
107835
107856
107856
107893
108694
108853
109676
109868
109875
109924
109924
110839
110864
110952
110952
110952
110952
110953
110953
110953
110953
110953
110953
111019
111408
111456
111457
111537
111589
111732
111735
111950
112040
112691
112842
112842
113425
113576
113600
113685
113685
113685
113685
114362
114370
114370
114370
114370
114829
114843
114843
115977
116675
116759
