227
373
472
755
1510
2127
3571
3571
3571
3811
3987
4827
5730
6601
6892
7044
7044
7044
7044
7044
7044
7044
7044
7044
7044
7044
7044
7044
7044
7044
7044
7044
7044
7044
7121
8093
8096
8310
8681
8945
9408
9979
11386
11386
11572
12067
12149
12157
12165
12227
12228
12303
12434
12584
12584
12584
12585
12586
12590
12827
12881
12920
12964
13293
13436
14480
14480
14620
14728
14728
14734
14734
15219
15284
15288
15347
15386
15684
15688
16093
16576
17176
17912
17912
17912
17912
17912
17912
19720
21336
21773
21860
21860
21881
22025
22072
22344
22977
22977
22978
22980
23081
23259
23408
23483
23528
23894
25272
25378
25711
26291
26291
26609
26845
26847
26973
27248
27500
27599
28363
30308
31259
32320
32320
32320
32320
32320
33216
34080
34132
34159
34233
34233
34459
35571
35584
35787
36819
36820
36847
36847
36922
37035
37341
37341
37341
37341
37344
37344
37344
37345
37542
37542
37544
37544
37544
37591
38335
38437
38529
38683
38807
38808
39285
39816
39876
39876
40007
40019
40065
40276
40276
40276
40483
40504
40574
40576
40576
40577
40585
40691
40717
40727
40865
40995
41152
41202
41202
41734
42283
43458
43490
43572
44397
44671
44833
45153
45388
45410
45584
45589
45606
45606
45936
46587
47631
48123
48634
48855
50361
50873
51057
51058
51636
51636
51723
51781
51895
52004
52035
52122
52369
52629
53799
53905
55268
55308
55315
55494
55828
56227
56355
57181
57256
57612
57673
57809
58119
58122
58419
58875
58877
58957
59182
59561
59882
59882
59905
59905
59905
60167
60457
60458
60603
61336
61350
61350
61694
61706
61815
61839
61852
61920
62192
62334
62347
62553
62606
62618
62740
63998
64343
64413
64430
64575
64729
65427
65452
65453
65453
65454
65454
65454
65478
65665
66042
66043
66043
66043
66180
66287
67377
67534
67700
67711
67711
67783
67940
68399
68535
68673
68675
68676
68677
69043
69486
69524
69723
69911
70110
70112
70489
70618
70706
71018
71024
71398
71398
71398
71497
71578
71641
71736
71738
72488
72488
72522
72522
72599
72932
72950
73260
73371
73896
73898
73956
75657
75836
76059
76554
76975
77599
77599
78382
78519
78520
78539
78561
78561
78997
80280
80515
80557
82038
83312
84526
84532
84532
84532
84532
84532
84532
84532
84545
84550
84550
84550
84550
84788
85677
85896
86327
86682
86879
86925
86997
87112
87147
87387
87742
88165
88176
88316
88554
88602
88831
89454
90089
90125
90261
90745
90746
91462
91995
91995
91995
92056
92060
92511
92844
92879
93096
93096
93096
93096
93112
93354
93354
93871
94776
94779
94785
95949
95949
95952
96087
96442
96640
96767
96767
96830
97027
97482
97482
97482
97968
98445
99405
99899
99920
100654
100940
100942
101743
101744
102287
102291
102300
102300
102487
102487
102487
102491
102711
102738
103942
103942
104117
104117
104166
104202
104205
104409
104416
104797
105248
105575
105575
105850
106033
106204
106352
106494
106531
106579
107856
107892
108252
108920
108922
109080
109636
109717
110179
110358
110380
110380
111215
111240
111589
111950
111951
111952
112199
112273
112842
113044
113052
113058
113058
113458
113458
114107
114142
114276
114868
114953
115422
115571
116448
