477
477
477
477
477
1125
1125
1259
1683
1756
1756
2371
2731
3885
3929
4140
4177
4178
4680
4726
5254
5338
5619
5886
6123
6601
6601
6642
6661
7206
9085
9526
9817
10312
10330
11403
11932
11970
12571
12573
12573
12573
12580
12580
12612
12960
12975
12975
12975
12975
13008
13093
13411
13411
13838
13932
13932
14118
14120
14125
14128
14249
14439
14495
14775
14978
14979
15396
15398
15398
15399
16064
16287
16445
17497
17685
18202
18222
18522
18522
18522
18522
18564
18564
18564
18564
18564
18653
19954
21063
21807
21807
21860
21860
22007
22010
22014
22454
22523
22715
23473
23480
23480
23480
23483
23499
23502
23505
23528
23552
24029
25272
25272
25551
25551
26301
27136
27220
27220
27287
27296
27528
27627
27627
27680
28844
29590
29782
29782
29782
29782
29782
29883
30145
30148
30148
30149
30296
30703
30800
30843
30856
30874
30913
31448
31455
31604
31790
31875
31883
31907
31907
31908
31921
31921
31924
31963
31965
31965
32023
32023
32023
32320
32628
32628
32628
32628
33194
34560
35132
35163
35255
35571
35571
35945
36815
37275
37275
37417
37417
37417
38204
39106
39106
39235
39236
39237
39237
39315
39340
39837
40065
40217
40475
40498
40700
41201
41201
41202
41970
42038
42038
42038
42038
42038
42041
42112
42112
42112
42114
42114
42114
42161
42273
43076
43076
43266
43458
43487
43490
43575
43598
44408
45664
45676
45837
46329
46773
47059
47060
47134
47260
47653
47893
48123
48123
49088
49152
49153
49154
49166
49260
49284
50875
53270
53496
53531
53531
53531
53531
53531
53531
53531
53551
53802
53902
54529
54529
55012
55012
55208
55357
55828
55828
55828
55854
55855
55857
55857
55857
55857
55924
55924
55924
56942
57137
58948
59229
59756
60493
60510
60989
61512
61514
61514
61556
61921
62482
63281
63824
64134
64298
65208
65289
65665
65665
65665
65665
65665
65995
66242
66292
67152
67278
67278
67292
67292
68063
68424
68522
68522
68522
68522
68534
69069
69069
69069
69366
69568
69775
69775
71514
71514
72156
72158
72190
72444
73109
74065
74087
74088
74093
74093
74093
74093
75486
75762
75762
76116
76300
76992
77033
78135
78284
78284
78960
78960
78960
78960
78960
78960
82490
82490
82490
82490
82490
82490
82490
82490
82498
82500
82500
82500
82503
82544
82544
82544
82544
82545
82572
82572
82572
82572
82572
82572
82572
82572
82572
82572
82572
82572
82593
82596
82596
83445
84526
84752
85372
85382
85687
86997
86998
87202
87968
88438
88842
89275
89434
90080
90107
90132
90219
90578
90674
90685
90871
90970
91046
91184
91740
92728
92860
92959
93096
93107
93235
93631
94353
94986
94986
94986
94986
94999
95668
95932
96877
97921
98484
98531
99127
99174
99174
100707
100720
100720
100942
101238
102971
103994
104378
104378
104384
105335
105841
106402
106724
106750
107661
107729
107729
107836
108378
108380
108380
108421
108836
108936
109717
109856
109866
110060
110060
110643
110696
110957
111063
111185
111456
111459
111459
111459
111589
111589
111605
111716
111732
111732
111735
111735
111735
111735
113392
113687
113760
113763
114136
114142
114390
114454
114463
114997
114997
115318
115336
115336
115811
115837
116074
116298
116651
