2847
3387
3525
4072
5109
8425
8681
8916
9085
10061
10345
12071
12627
13776
14526
14677
17171
18486
18486
18871
20061
21860
22010
23022
23279
23321
23528
26913
27122
27788
29472
30052
31276
31604
31641
31796
32320
33541
36793
37388
37415
37415
37415
37686
37693
37696
37858
38070
38281
38334
39940
40007
40656
42612
42672
42672
43086
44302
44302
44302
45665
47207
47207
48024
50873
51895
52023
52167
52868
53490
53535
53544
53544
53544
54298
54302
54302
54302
54360
54732
55357
55827
56495
56504
56504
56662
56684
56933
57170
58225
59793
60427
60427
63873
63998
63998
63998
64343
65665
65941
66043
66043
70293
71106
74699
74818
76641
78839
78960
81251
84990
84990
84990
85284
85664
87045
87057
87225
87340
87354
87387
87387
87668
87673
87675
87677
88176
88180
88209
88209
88845
90674
92734
92827
93309
93309
94024
94353
94505
96514
97027
97467
97467
97624
97686
97686
97686
97686
97686
97686
98235
99019
99396
99396
99396
100348
100667
101952
102971
107023
107571
107749
107807
107811
108694
110185
110504
111061
111110
111353
111950
111960
112987
112987
113052
113425
113464
113515
113685
114477
114477
114477
115101
116651
116883
