1180
1732
1733
3775
4680
4945
7547
7572
7616
7620
7628
7632
7632
7657
7657
8093
8093
12321
12321
12751
15948
16271
16414
18403
19364
19364
22007
22344
22677
23058
23528
23528
23528
23528
23528
23528
23528
23727
25415
25711
25725
25725
25725
25726
26212
26556
26913
27360
27459
28227
30012
30308
31334
31545
31546
31606
31606
31682
32320
32680
32680
32702
33858
34109
35791
36236
36336
36350
37686
38465
38471
38810
38839
38839
39106
39170
39717
40478
41266
41279
41295
41295
41295
43169
43169
45405
45651
45673
47095
47197
47736
47736
48187
48561
49151
50768
52400
53531
53531
53829
55529
56038
56039
57494
57514
58923
59545
60556
61655
62239
62286
62529
63269
65665
66043
66043
66043
66043
66180
66265
66451
66884
68049
68913
68914
69068
69775
70082
70082
70165
70618
71018
71018
74117
75156
76695
76990
77623
77735
77815
77815
77815
80735
80736
80753
80753
80753
80804
83316
84180
84940
87827
88176
88176
89110
90132
90156
90279
90825
92232
92731
93096
93107
93224
94461
95199
95793
96123
96445
96481
96847
97467
99396
99920
99920
99990
100452
100709
100912
101212
105503
106033
106950
107444
107447
107472
109014
110696
111432
111703
112322
113577
114142
114142
114336
116034
