1092
1190
1537
1537
1537
2841
2850
2850
3457
3457
3459
3459
3468
3640
3831
3929
4952
5223
5248
5400
5400
5770
5787
6348
6910
7291
7328
7913
8059
8096
8114
8310
8681
8681
8798
10215
12149
12281
12281
12282
12460
12515
12827
12881
12881
12920
12935
12959
13180
13180
13180
13251
13699
14059
14480
14480
14578
14626
14791
15053
15365
16078
16078
16105
21860
21860
21860
22010
22010
22010
22072
22351
22383
23058
23233
23417
23417
23480
23502
23502
23502
23528
23528
23528
23539
24455
24456
24613
24613
24613
24613
24613
24613
24706
25147
25850
26059
26059
26824
26845
26845
26847
26847
27115
27142
27309
27774
27774
29211
29211
29211
29630
29630
29980
30011
30103
31082
31194
31455
31830
31831
32066
32320
32320
32320
32628
33859
34085
34191
34191
34617
34670
34828
35230
35570
35588
35588
35593
35785
35785
35785
35785
35791
36815
37228
37384
37392
37830
37833
37834
37834
37834
37870
37872
38204
39170
39671
39837
39837
39899
39906
40065
40276
40437
40697
40697
40703
41127
41152
41427
41713
41853
42038
42224
42224
42243
42243
42256
42664
42712
43169
43169
43169
43169
43169
43169
43380
43420
43420
43447
44197
44340
44479
44479
44925
44925
44930
45388
45410
45415
45673
45813
45935
46113
48123
48385
48672
48751
49143
49143
49190
50873
50873
52004
52051
52051
52164
52412
52670
53531
53531
53535
53542
53622
53622
55204
55282
55283
55283
55526
56037
56037
56037
56037
56037
56037
56037
56037
56037
56038
56038
56038
56038
56038
56038
56038
56038
56038
56038
56038
56038
56038
56038
56038
56038
56038
56038
56038
56038
56038
56038
56055
56055
56070
56071
57031
57175
57494
57555
57578
57941
57943
58095
58490
58490
60410
60469
60968
60972
61851
61911
61911
61921
62606
63998
63998
63998
64191
64343
64429
65095
65097
65705
66042
66042
66304
67099
67152
67152
67547
67559
67782
67814
68002
68321
68327
68327
68576
68673
68673
69068
69069
69074
69303
69460
69911
70293
70600
70617
71011
71163
72155
73196
73196
73274
73895
74560
74824
74824
75156
75650
76116
76973
77761
77761
77838
78312
78312
78826
79275
79980
80816
81504
82007
82347
82361
83347
83834
84622
84622
84622
84622
84622
84622
84622
84622
84982
84982
84983
84983
85636
85662
86831
86831
86831
86924
87748
87827
87835
88165
88209
88211
88830
88914
88915
89107
89318
90132
90280
90603
90746
90746
91995
91995
92000
92211
92211
92211
92211
92211
92211
92211
92211
92211
92211
92211
92229
92229
92232
92237
92271
92385
92392
92392
92392
92392
92392
92392
93192
93192
93224
93224
93494
93631
93773
93773
94286
94286
94286
94607
95414
95414
96073
97467
97467
97467
97467
97467
98525
98525
98860
99175
99920
100056
100907
101244
101367
101367
102397
102397
102397
102487
102491
102491
102963
102975
102978
103027
104935
104935
104935
104941
105174
105323
105323
105557
105557
105872
105873
105878
106352
106911
106931
106931
106949
106949
107175
107175
107285
107516
107660
107661
107807
108443
108446
108822
109182
110146
110149
110486
110486
110486
110953
110978
111247
111951
111979
113052
113392
113425
113576
113685
114170
114170
114170
114171
115757
115950
116074
116675
