1523
1895
2226
2226
2711
2729
2850
4516
4664
5425
5425
5425
5803
6114
6114
6114
6114
7121
7291
7913
8059
8425
8428
8428
8428
9817
10056
10127
11978
11978
12149
12256
12429
12429
12430
12430
12586
12920
12920
12959
13725
13740
13740
14679
15232
16091
16120
17493
17883
17883
18418
18522
18597
19718
20111
21384
21773
21860
21860
22010
22072
22072
22075
22075
22344
22523
22523
22999
22999
22999
23019
23022
23233
23233
23233
23233
23233
23321
23480
23528
23528
23539
23830
24456
24484
24484
24484
24487
25261
25559
27142
27142
27143
27146
27901
29247
29672
30000
30002
30002
30002
30053
30087
30856
30987
30987
31106
31347
31347
31347
31347
31347
31347
31347
31347
31351
31505
31831
32320
32702
32702
35785
35785
35785
35787
35787
35787
36793
36793
36793
36847
37228
37228
37228
37228
37228
37686
37695
37716
37858
37858
37858
38185
38185
38334
38619
38619
38807
38807
38807
38807
38807
39170
39691
39933
39940
40007
40007
40007
40007
40065
40065
40065
40065
40065
40065
40065
40065
40498
40573
40763
40923
40923
41152
41329
41427
41427
41427
41427
41427
41427
41427
41427
41979
43169
43266
43420
44404
44411
44479
44581
44698
44698
44733
45388
45405
45410
45410
45665
46022
47165
47272
47272
47272
47272
47272
47272
47272
47272
47272
47272
47272
47272
47272
47272
47319
47851
47851
47851
47851
47877
48123
48123
48855
48855
49190
49254
49254
49254
49254
49254
49254
49254
49254
49254
49254
49254
49254
49254
49254
49254
49254
49254
49254
49254
49254
49254
49254
49781
50873
51273
52670
52996
53535
53537
54182
54238
54238
54302
54303
54303
54303
54303
54303
54303
54303
54303
54303
54303
54895
55022
56294
56294
56299
56355
56495
56495
56602
56602
56602
56602
56602
56602
56613
56662
56684
56684
56684
57494
59183
59545
60020
60427
61336
61739
61749
61749
61749
61752
63174
63434
63799
63872
63872
63998
64343
64343
64343
65826
65886
66043
66043
66043
66043
66043
66043
66043
66043
66043
66043
66043
66043
66043
66043
66043
66043
66043
66043
66043
66298
67700
68399
68400
68736
68736
69069
69069
69069
69069
69866
69911
69911
69911
69911
69911
70617
70618
70618
70618
70618
70618
70656
71620
73163
73203
73210
73991
75640
76973
76992
77034
78312
78317
78317
78327
78839
78846
79273
79273
79273
80513
80513
80513
81243
81297
81297
81527
83347
83411
83417
84789
84983
84990
85146
86403
86403
86800
86831
87045
87045
87045
87045
87045
87045
87045
87045
87051
87055
87055
87055
87055
87055
87055
87055
87055
87057
87057
87225
87225
87227
87227
87271
87286
87286
87354
87354
87354
87387
88342
89633
90280
90280
90280
90280
90285
91657
91657
91995
91995
91995
93107
93211
93215
93326
93326
94353
94353
94353
94353
94509
96025
96442
99396
100719
101600
102057
102491
102819
102923
103018
104271
104271
105177
105884
106231
106266
106272
106930
107058
107807
107807
107807
107811
107904
109276
109717
110162
110185
110361
110486
110723
110776
111015
111015
111123
111408
111456
112273
112273
112525
112525
113392
113425
113620
113648
114142
114360
114700
114700
114843
115637
115637
115637
115637
115637
115637
115637
115637
116472
116625
