42
42
1071
1208
1665
1665
1685
1803
2711
3771
3992
4380
4606
4680
5010
5146
5230
5555
5555
5555
5555
5662
5662
5886
6190
6192
6280
6376
6410
6557
8310
8310
9085
9662
9914
10604
10613
10960
11748
12149
12205
12286
12430
12444
12881
12962
13696
13740
13753
13838
13935
14249
14360
14574
14578
14884
14980
15079
15395
15683
16310
16445
17493
18296
18522
18522
18522
18522
18522
18522
18564
18564
18718
18719
18961
19024
19598
21773
21860
22033
22062
22062
22065
22310
22771
22883
23499
23505
23505
23505
23505
23528
23528
23528
23961
23982
23982
23982
23982
23983
23983
24002
24002
24002
24002
24029
24117
25392
25392
25487
25540
25551
25551
25708
25916
26020
26112
26297
26301
26304
26578
27538
27562
28411
28411
28508
28654
28973
28973
28973
28974
29109
29813
30011
30431
30812
30875
30875
30877
30882
31028
31052
31080
31082
31082
31164
31604
31856
32502
32507
32628
32628
32628
32628
32648
32648
32740
33921
33921
33921
34039
34039
34040
34051
34051
34051
34055
34055
34055
34055
34055
34055
34056
34056
34061
34482
34776
35982
36660
36707
36740
36847
37228
37233
37275
39199
39201
40065
40504
40504
40657
40659
40698
40700
40779
41469
42161
42427
42435
42435
42435
42435
42572
42576
42682
42684
43169
43169
43266
43458
43575
43721
43977
44284
44284
44833
45038
45038
45680
45806
45958
46350
46354
46354
46354
46354
46355
47051
47134
47313
47322
47574
47590
47895
47895
47895
47895
47895
47901
47901
47901
48044
48123
48185
49277
49284
49633
51693
51879
52410
52868
53122
53270
53531
53531
53531
53536
53542
53544
53609
53802
53802
53902
53994
55208
55357
55382
55382
55382
55382
55421
55529
55529
56174
56234
57137
57609
57609
57754
58406
58683
58715
58715
58715
60189
61096
61217
61270
61336
61853
61911
62135
62284
62292
62749
63269
63701
63701
63701
63754
63763
63888
64165
64298
64518
64528
64529
65095
65097
65097
65097
65208
65683
65784
65784
66031
66043
66362
66395
66397
66971
67152
67940
68009
68326
68408
68408
68454
69076
69545
69554
69696
69732
70489
70629
71042
71044
71574
71736
71738
72072
72209
72442
72442
72456
72896
72898
73074
73160
73707
75762
77447
77501
78016
78135
78344
78383
78960
78960
78960
79305
80244
80479
80548
80753
81051
81059
81286
81297
81298
82075
82333
82408
82690
83528
83529
83577
84238
84723
84858
85003
85382
85386
85386
85506
85687
86312
86424
86625
86668
86673
86951
88209
88209
88209
88644
89434
89628
90089
90101
90121
90124
90125
90328
90578
92696
92696
92707
92956
93266
93361
94353
94848
95028
95447
95932
96639
96642
96999
97346
99125
99160
100053
100167
100172
100667
100720
101044
101056
101156
101238
102715
102907
102907
102947
103054
103104
103247
103461
103505
103604
103604
103604
104117
104117
104117
104167
104896
105326
105577
105855
105939
105958
106033
106285
106289
106306
106340
106340
106402
106432
106524
107004
107301
107807
107811
109044
109385
109856
109866
110060
111063
111110
111437
111459
111589
111589
111676
111703
111927
111996
111996
111999
112536
112541
112541
112985
113425
113763
113774
114136
114350
114763
114763
114838
115318
115473
115475
115739
115739
