1124
1207
1208
1278
1299
1327
1407
1450
1973
1973
1984
2524
2862
2862
2862
2862
2999
3185
3418
3922
3956
3958
4122
4346
4945
4945
5188
5188
5747
5770
6016
6017
6019
6072
6092
6105
6123
6123
6150
6151
7291
7328
7757
8516
8677
8844
9060
9654
9761
10021
10722
12198
12456
12829
13434
14439
14480
14660
14779
14967
15379
15383
15391
15403
15456
15462
15638
15638
17137
17137
17774
17857
18281
18522
18522
18564
18564
18564
18568
18568
18736
19364
19397
20001
21522
21773
21860
22010
22033
22072
22083
22523
22531
22719
22934
23118
23321
23502
23502
23502
23505
23517
23519
23528
23528
23528
23797
24247
24261
24547
24683
24683
24858
24859
24859
24938
24939
25184
25850
26291
26291
26298
26847
26913
27098
27427
28024
28052
28105
28745
29211
29672
29747
29817
29825
30053
30867
30936
31092
32034
33485
33485
34109
34128
34128
34482
34598
34598
34598
34598
34600
34605
34605
34606
34617
35163
35887
36917
37102
37155
37233
37276
37338
37517
37887
37887
37899
38281
38642
38807
38807
38807
38810
39041
39308
39505
39876
40050
40391
40498
40498
40657
40992
40995
41061
41101
41260
41587
41751
41778
41853
41990
42191
42996
43050
43266
43689
44150
44488
44657
44698
44725
44925
45333
45413
45492
45664
45673
45676
45909
45949
47145
47159
47454
47454
47540
47682
48123
48747
48747
48751
48751
48861
48979
51715
52477
52955
53166
53242
53242
53242
53242
53242
53242
53242
53242
53242
53242
53244
53252
53254
53263
53264
53542
53851
53851
54138
54177
54177
54177
54193
54678
54895
55570
56173
56197
56223
57137
57167
57175
57342
57516
57578
57977
59290
59290
59444
60131
60436
60493
60603
60603
61815
61851
61851
62239
62239
62239
62318
62436
62596
62606
62765
62765
62908
63635
63783
63783
63942
64010
64256
64826
64845
65665
65665
65665
65665
65665
65665
65707
65826
66005
66165
66265
66265
66553
66553
67148
67782
68134
68425
68672
68913
69306
69321
69342
69723
69949
69976
70064
70068
70258
70493
70957
71005
71214
71873
71932
72442
72945
73260
73653
73667
74042
74093
74699
74799
74973
75321
75640
75640
76414
76973
77030
77030
77033
78312
78468
78468
78960
78960
78960
78960
79211
80024
80515
80516
81257
82845
83344
83594
84245
84432
84526
84956
84983
84989
84989
85058
85663
85802
85825
85978
86419
86583
87011
87373
87686
87686
87690
88176
88176
88209
88209
89121
89121
89266
89467
89759
90089
90125
90125
90125
90279
90617
90674
90746
91184
91184
91184
91663
92108
92211
92211
92229
92229
92426
92717
93096
93945
93966
93966
96394
96436
96792
96869
97186
97248
98321
98465
98605
99441
99498
99567
99582
100116
100321
100518
100942
101652
101890
102025
102057
102057
102325
102328
102350
102487
102491
102633
103054
103142
103628
104919
105323
105328
105532
105821
105884
105884
106056
106267
106862
106982
107242
107381
107381
107807
107807
108256
109717
110301
110486
110719
110723
111004
111015
111240
111285
111408
111429
111464
111473
112371
112371
112649
112842
112842
113076
113374
113374
113374
113458
113463
113685
113685
113687
114364
114364
114366
115058
115123
115123
115535
115596
115596
115852
116651
116651
116651
