997
1200
1250
1900
2240
2406
2476
2729
2769
3312
3708
3831
4530
4953
5222
5730
5824
6601
6601
6601
6603
6604
6635
6983
7328
7981
8581
9233
9272
9274
9374
9662
10459
10495
10495
10976
10976
10976
10976
10976
11004
11032
11441
11949
12467
12524
12659
12881
12881
12920
13103
13180
13955
14420
14449
14480
14562
14884
14884
14980
15079
15120
15166
15166
15686
16122
16249
16268
16271
16301
16576
17178
17240
17464
17493
18243
18571
18815
19720
19886
20001
20127
21773
21939
21952
21958
22010
22014
22020
22020
22934
23107
23499
23502
23502
23502
24112
24594
24792
25239
25308
25364
25540
25717
26004
26129
27115
27183
27350
27478
28090
28104
28523
28523
28523
28523
28523
28527
28593
28651
28666
29111
29866
29889
30087
30108
30167
30651
30800
30817
30874
30874
31100
31454
31604
31791
32320
33841
33858
33934
33934
33934
33934
33956
34376
34716
34780
34785
34793
34828
34828
35040
36743
36809
37233
37374
37374
37537
37542
37542
38076
38128
38172
38204
38204
38207
38207
38233
38281
38363
38364
38471
38642
38807
38808
39170
39562
39585
39585
39610
39711
39717
39902
40007
40050
40050
40244
40276
40276
41381
41853
41970
41979
41993
42668
43272
43272
43412
43590
44486
44488
45413
45603
45664
45664
45665
45665
46593
46761
47046
47124
47313
47607
47782
47864
47982
48123
48123
48129
48132
48533
48542
48594
48594
48679
49254
49796
50308
50389
50873
50873
50873
51214
51467
51642
51676
53002
53542
53542
53724
53828
54585
54678
54871
55092
55448
55815
55827
56196
57104
57494
57494
57578
57975
58414
59805
59882
60167
60469
60469
61183
61832
61845
61851
61851
61853
62233
62522
62554
62567
62618
62618
62685
62813
63123
63268
63410
63410
63434
63434
63442
63442
63998
64233
64343
64414
64544
65660
65665
66205
66205
67152
67470
67470
67470
67651
68054
68063
68399
68399
68952
68979
69069
69074
69302
69719
69719
69864
70656
70957
71398
71544
71616
72011
72599
72599
73163
73260
73899
75467
75723
75730
75923
76990
77728
78134
78219
78326
78326
78344
79223
79820
80804
81883
81943
82142
82307
82788
83347
83364
83461
84029
84258
84532
84752
85383
85617
85655
85938
85968
85972
85972
86297
86831
86831
86831
86925
87810
88171
88176
88209
88210
88289
89609
90089
90280
90743
91045
92090
92133
92449
92482
92566
93211
93324
93474
93947
94064
94064
94415
94987
95028
95028
95028
95478
96025
96025
96054
96054
96642
96744
96841
97527
98775
98807
98823
99396
99504
99757
100008
100116
100264
100411
100728
100974
101473
101819
102278
102487
102487
102487
102487
102487
102487
102487
102487
102487
102490
102819
103272
104258
104266
104271
104634
105083
105171
105174
105502
105754
105854
106267
106270
106425
106523
106572
106721
106856
106857
107532
107679
107812
107835
107835
107844
108207
108268
108397
108422
108571
108917
108928
108928
109072
109080
109101
109717
109717
109717
109719
109851
109859
110022
110486
110732
110987
111015
111061
111075
111240
111456
111456
111462
112095
112370
112523
112987
113052
113584
113685
113685
113685
113687
114157
114364
114370
114370
114370
114829
115106
115330
115330
115410
115410
115567
116358
116358
116614
116651
116651
116744
