1207
1468
1504
2702
2862
2999
3831
3832
4431
4431
4431
4945
5482
5482
5803
6190
7132
8096
8186
8516
8519
8886
9076
9753
9973
9979
11533
11533
11572
12935
12935
13838
14420
15721
16445
16445
17176
17326
18575
19364
19384
20288
20288
21860
21860
21860
21867
21881
22020
23013
23284
23508
23509
23509
23509
23528
23528
23528
23748
24484
26301
26376
27932
29211
29247
30229
32102
32628
32680
32680
32680
32702
32704
32704
32966
33238
33934
34774
35330
36143
36505
36509
36509
36509
36509
36510
36510
36510
36564
36809
37384
37384
37404
37836
37870
38807
38807
39099
39471
39837
40471
40574
40574
40574
40576
40576
40576
42225
43169
44472
44695
44698
45415
45575
45769
47134
49151
49321
50361
52343
52755
53091
53310
53652
53802
54895
56232
57578
58715
58943
58943
59545
60131
60510
60805
61565
61865
62286
62749
62749
64343
65438
65683
65826
66265
67029
67037
67100
67100
67714
68989
68989
69068
70240
70276
70656
71011
71018
71018
71736
71736
74526
74988
75053
76232
78627
78627
78627
78627
78636
78636
83348
84416
84648
84990
84990
84990
84990
85655
86501
86831
86831
86831
88176
88176
88187
88213
88831
89121
89153
89636
90285
90494
90578
90754
91087
91184
92056
93198
93224
93224
93355
93594
93717
94415
95698
96442
96481
97364
98485
98882
99646
100266
100267
100752
102098
102098
102487
102487
102487
102487
102493
103032
103054
107268
108378
109087
109087
109087
109158
109288
109564
109717
109717
110696
111061
111353
111372
111703
114142
114838
114938
116088
116088
