1328
3483
3592
5294
5739
5803
6224
8629
10701
12210
12889
12920
14482
15254
17171
18564
18564
20058
20325
21773
21773
22189
22189
22189
22223
23346
23506
23528
24915
25598
25598
25850
26555
27533
27535
27996
30148
30606
31023
31660
32706
33624
33624
33624
33629
33865
34134
35293
37328
38077
38669
38811
39666
39837
40478
41003
41629
41661
41979
42033
42033
42094
43169
43240
43444
44698
45589
45589
47086
47540
47561
47960
48123
48257
48849
50585
50590
51525
52322
52322
52408
52518
52538
52538
53536
53696
53802
54547
54727
54823
55357
56225
57175
57940
58056
58388
58414
59548
59783
59784
62740
62779
63039
63142
64035
64519
64698
64997
65665
65686
66086
67547
67623
68408
70926
70948
71018
71208
72167
72167
72494
72898
73472
76776
76919
76973
77031
77031
77031
77034
77034
79026
80738
80753
81234
81495
81504
81504
81916
81917
83664
83664
84789
84983
84990
84990
85171
86930
86955
87387
89002
90285
90674
90674
91691
92232
92863
92879
92879
93453
94556
95815
95948
96445
96630
97482
97625
98525
100719
101238
103361
104411
104768
105379
105503
105540
106990
108694
109174
109719
109924
109924
110361
111240
111408
111410
111473
111515
113579
114310
114362
115306
115306
115306
115307
115565
116431
