1061
1064
1067
1073
1075
1075
1075
1075
1077
1085
1416
2491
2491
3603
3831
3831
3831
3885
4586
4607
4680
4798
4829
5084
5356
5804
5886
6190
6190
6190
6248
6298
7291
7978
8050
8050
8768
8816
8833
8860
8945
9130
9401
9441
10171
10497
10497
10919
10957
11748
11964
12149
12774
12774
12774
12920
13095
13105
13237
13706
14439
14453
14482
14824
14920
14920
14920
14979
15289
17042
18215
18522
18522
18522
18522
18564
18564
20212
21773
21976
22344
22344
23067
23321
23480
23499
23502
23528
23528
23528
24456
25272
25364
25394
25394
25394
25828
25896
25914
26301
26609
27142
27142
27416
28685
28685
28686
28704
29110
29211
29619
29672
30875
30875
30905
31017
31023
31023
31350
31595
31604
31604
32320
32628
32628
32628
32628
32628
32628
32628
32628
32628
32754
32754
32754
32787
32787
33709
33752
33858
33897
33897
33940
33975
34039
34149
35401
35785
35787
36167
36809
37275
37384
38206
38368
38471
38839
38839
39505
40007
40065
40065
40065
41152
41152
41163
41163
41163
41164
41324
41328
42435
43095
43169
43219
43441
43485
44293
44472
44479
44698
44698
44833
45226
45316
45388
45589
45665
45665
45676
46379
46400
47095
47122
47319
47319
47319
47960
48199
48666
48855
48855
49260
49277
49763
49766
49780
50768
50770
50770
50873
50873
51630
52145
52538
52538
52868
52868
53310
53497
53498
53498
53531
53531
53531
53802
54678
55315
55357
55815
55819
56223
56371
56374
56375
56381
56811
57175
57494
57578
57578
57578
58285
58288
58288
58288
58290
58290
58290
58290
58301
58715
58715
58806
58880
59707
59707
60007
60131
60427
60427
60522
61096
61096
61116
61128
61182
61217
61217
61217
61815
62618
63070
63078
63082
63082
63082
63082
63082
63082
63082
63264
63983
63983
64097
64165
64518
64518
64519
64519
64519
64519
64519
64519
64527
64529
64945
65250
65665
65665
66246
67152
67152
67470
68327
68840
68843
68843
68865
68954
69514
71018
71398
72035
72206
72629
73114
73114
73114
73163
73163
73163
73242
73260
73260
73260
73260
74121
74293
76973
77100
77124
77402
77733
78284
78284
78284
78284
78312
78312
78312
78319
78960
78960
78960
78960
79029
79029
79029
79051
79727
81466
81596
81596
82435
84788
84989
85551
85637
85711
85714
87025
87633
87633
87830
87919
88176
88176
88176
88176
88187
88187
88187
88209
88644
89107
89107
90125
90132
90280
90330
90578
90603
90603
91087
91094
91129
91129
91427
91428
91429
91429
92000
92056
92143
92232
92234
92696
93081
93355
93356
93405
93831
93839
93841
94101
94147
94147
94376
94848
95261
95803
96017
96228
96643
96744
97299
97375
97377
99011
100691
100719
101043
101317
102161
102487
103081
103440
105174
105174
105174
105275
105566
105588
105599
105691
105704
106549
107024
107807
107811
107811
108207
108514
108643
108813
109045
109241
109556
110324
110445
110483
110508
111456
111590
111952
112017
112486
112853
112986
113392
113687
114136
114142
114167
114167
114477
114829
115318
115396
115473
116086
116347
116651
116675
