377
875
1323
1657
3565
3603
3636
3811
4415
4415
4985
5555
5739
6294
6376
6403
6557
7120
7291
7439
7986
8380
9085
9187
9288
9705
9760
9761
9779
10134
10431
10495
10644
10684
11038
11958
12075
12075
12156
12182
12481
12609
12612
12881
13389
13411
13707
13740
14434
14439
14439
14480
14578
14578
14886
15130
16865
17348
17883
17982
18218
18527
18564
18869
18911
18911
19024
19024
21773
21860
21881
21887
22344
23233
23484
23484
23505
23505
23505
23780
25551
25708
25893
25924
26288
26548
26997
27014
27220
27220
27287
27298
27298
27364
27806
27886
28362
29468
29863
30230
30314
30912
30933
31122
32059
32320
33204
33286
33921
33921
33924
33924
33924
33926
33937
33944
33954
34003
34003
34008
34014
34014
34021
34022
34026
34026
34026
34055
34056
34056
34056
34083
34191
34467
34836
35163
36518
36617
36650
37131
37542
38528
38528
38528
38528
38528
38582
38585
38604
38606
38789
38807
38807
39102
39201
39505
39576
39751
40007
40010
40011
40011
40011
40065
40071
40071
40073
40472
40476
40703
41003
41231
41381
41918
41951
41951
41961
42441
42475
42576
42604
42679
42878
43129
43169
43535
44698
44833
45033
45033
45388
45388
46703
46703
49152
49276
49285
49303
50873
50873
51693
51901
52410
52868
53535
53802
53900
53902
55418
55828
55828
55866
55961
55963
56257
56495
56902
56902
57092
57149
57609
57975
58001
58825
59280
59707
59798
60457
60476
61183
61217
61217
61336
61494
61709
61712
61832
62482
62493
62583
62984
63070
63072
64993
65095
65665
65665
66435
66437
67278
67535
67940
68400
68408
68420
68736
68846
68847
68847
69052
69069
69069
69069
69970
70489
70489
70679
70800
71041
71387
71498
71737
72011
72412
72898
72898
73794
73983
74094
74667
74667
74683
74695
75796
76116
76680
78114
78302
78960
79676
79687
79690
79804
79805
79806
79806
79806
79806
79807
79810
79871
79876
79880
79880
79883
79890
79890
80070
80178
80529
80728
80755
80760
80804
80806
80908
81243
81527
81527
81527
81528
82424
82439
82439
83181
83358
83366
83500
83982
84109
84257
84262
84263
85241
85372
85687
85831
85901
86730
86877
86879
86879
86879
86997
87332
88209
88211
88211
89107
89107
89121
89248
89658
90107
90674
90674
90674
90674
90674
90685
91184
92687
92687
92687
92696
92696
92717
92956
93192
93211
93224
93224
93224
93474
94354
94354
94396
94396
94396
94401
94402
94402
94402
94402
94403
94779
95038
95038
95038
95038
95038
95038
95038
95442
97008
97087
97285
97853
98959
99175
99309
99626
99694
99697
99920
99934
99935
99941
100248
100667
100912
101010
101012
101012
101212
101583
101680
101694
101708
102604
102971
103582
104117
104117
104117
104205
104376
104376
104384
105599
105599
105599
105599
105602
105604
105604
105610
105610
105611
105611
105621
105633
105648
105651
105677
105677
105720
105721
105721
105723
105728
105729
105735
106523
106990
107343
107483
107729
107811
108045
108747
108747
108837
109037
109110
109636
109866
110060
110060
110445
110782
110867
111015
111019
111240
111432
111473
111957
113036
113036
113685
113685
113763
114136
114320
114347
114347
114553
114663
114818
114829
114838
115318
115377
115473
115632
115656
116525
116625
116651
