1509
2863
3561
3885
4680
4814
5805
6123
6123
8149
8352
8725
9427
10837
11321
12075
12355
12612
12624
14252
14434
14485
14677
14840
16091
17095
17095
17095
17309
18138
18307
18357
18421
18507
18518
19201
19364
19497
21860
21867
21867
21881
22010
22010
22454
23284
23321
23830
24487
24939
26127
26301
27061
27220
29825
31604
34149
37282
37391
38185
39121
39170
39717
40086
40086
40651
42112
42499
42501
42501
43050
43169
43202
43266
44165
44404
44695
44698
44732
45589
45589
48054
48855
49152
51017
51021
51021
51021
51021
51021
51021
51022
51023
51024
51038
51038
51753
52145
53531
53531
53535
53542
53850
54589
55828
55866
55867
56127
56127
56404
56861
57052
57110
57175
57493
57976
59755
60427
60691
60766
60766
60910
60989
61723
62749
63268
64969
64969
64969
64971
64972
64972
64973
65705
65827
66043
66043
68412
69793
70691
71460
71460
71801
74699
77505
77513
78960
78960
79980
80760
81527
82051
82062
83646
83646
83681
84016
84017
84851
84990
84990
84990
85655
86367
86997
87227
87227
87265
87387
87579
88334
89657
89729
90279
90578
90674
91045
91064
91184
91344
92956
93210
96079
98113
102976
103602
105174
105324
106342
106546
107571
107571
108620
108743
112324
114115
114142
115565
116651
116675
116883
