824
1178
1559
1617
2390
2612
2729
3561
3885
4428
4914
4919
5250
5341
6391
6581
7935
7935
7987
8886
9143
9241
9662
9824
10047
10061
11313
12156
12452
12515
12612
12774
12774
12881
13103
13105
13105
13146
14698
14705
14730
15178
15238
15402
15403
15666
15686
16259
16287
16417
16457
18104
18527
19720
21676
21676
21773
21777
21798
21860
22033
22033
22072
22109
22285
22344
22896
23067
23321
23361
23361
23361
23480
23499
23499
23502
23502
23502
23528
23528
23528
23528
23528
23528
23582
24810
24810
24810
25399
25511
25584
25586
25587
25587
26649
26659
26681
29098
29211
29490
29532
29618
29824
29979
30464
30656
31089
31539
31604
31653
31686
31743
31939
31980
33880
33897
34149
34149
34191
34233
34482
35097
35415
35791
36015
36143
36829
37036
37155
37155
37155
37164
37170
37170
37375
37415
37415
37415
37415
37415
37415
37415
37415
37415
37415
37415
37417
37417
37517
37517
37666
37817
38035
38079
38079
38079
38180
38415
39234
39234
39234
39235
39589
39691
40574
40995
41240
41267
41296
41470
41734
41734
42199
42327
42396
42602
42996
43012
43032
43169
43236
43839
44196
45038
45573
45573
45573
45573
45573
45573
45722
45742
45958
45958
45958
45958
45958
45958
45958
45961
45962
46196
46230
46230
46230
46230
46721
46785
47300
47300
47926
47926
48481
48577
49054
49260
49422
50296
50361
50873
51515
51615
52868
52944
52944
52944
52944
53002
53133
53150
53169
53177
53184
53184
53291
53490
53531
53535
53536
53542
53542
53717
53829
53829
53967
54277
54303
54319
54529
54545
54545
54546
54693
55111
55827
55828
55924
55924
56404
56404
57099
57485
57975
57975
58151
58151
58549
60093
60184
60493
60507
61096
61188
61336
61336
61336
61336
61425
61595
61921
62284
62286
62430
62758
64010
64011
64165
64165
64169
64235
64256
64355
65145
65665
65885
66987
67783
67815
67893
68049
68049
68412
68454
68523
68622
68880
68880
68880
68880
69068
69520
70048
70493
71041
71041
71398
71545
71595
71595
71620
73116
73163
73372
73594
73895
75559
75640
75657
77067
77379
77380
78495
78699
78916
78916
79828
80030
80030
80030
80372
80711
80724
80724
82195
82195
82196
82196
82307
82668
82668
84858
84989
85026
86178
86831
86926
87627
87968
88176
88209
88343
88724
89189
89274
90066
90132
90139
91045
91617
92142
92211
92841
93224
94280
95768
95768
95768
95768
95768
95768
95768
96841
96877
96877
96877
97235
97242
97242
97243
97247
97248
98054
98054
98109
98320
98498
98498
98498
98498
98512
99077
99336
99336
99546
100216
101223
101400
102037
103408
103687
104456
104574
104822
105174
105174
105851
106196
106549
106998
107753
108388
108549
109054
109276
109276
109766
109767
109767
110723
110993
111456
111589
111605
111735
112552
112987
113052
113162
113425
113425
113629
113685
113687
114336
114364
114364
114370
114370
115219
115794
115852
115915
116052
116086
116456
116651
116651
116651
116753
