1845
4821
5084
5223
5223
5223
5730
6892
8334
8425
9189
12427
13202
13838
14480
15079
16677
17305
18002
18462
18564
18564
20073
20610
20610
21867
21939
21958
22010
22010
23528
26003
26932
26933
27142
27143
28023
28411
28700
29076
29450
29633
29883
29889
30439
34159
34598
34598
34598
34598
34598
34598
34884
35787
36687
36819
37228
37460
37591
37686
38204
38293
38468
39170
39244
39585
39882
40065
40065
40498
40717
40951
40995
42343
42958
43272
44006
44486
44486
44719
45033
45388
45388
45515
45515
46292
46415
47197
47197
48123
48493
48653
50873
50873
50873
51630
52755
53652
53652
54657
56684
56684
57175
57578
58119
58715
58806
59069
59545
60493
60499
60501
60582
60603
60972
61230
62013
62436
62436
62436
62444
62444
62722
62722
63494
63998
64343
64978
65665
65665
65665
65665
65665
65826
68022
68261
68506
70293
71501
72997
73274
74180
74799
74799
74799
74799
74799
74817
77031
77031
77033
78197
78198
78200
80753
83347
83364
83681
83681
85825
85874
86831
87097
88187
88209
88209
92211
92510
92510
93013
93224
93224
93224
93354
93469
93620
93634
93945
94711
96757
97467
99037
99328
100719
100934
102819
105212
105212
106273
106273
106952
107807
109560
109632
110301
110696
111953
112598
113277
114370
114370
114370
114390
114400
115569
116822
