1040
1040
2734
3927
4237
4945
4945
6892
8305
9288
9526
9874
9883
10171
10171
10312
10312
10312
12281
12434
12881
12881
13528
13528
13817
13830
13838
14054
14439
14768
14979
17380
18024
18403
18403
18522
18564
18568
18671
18672
18672
18776
19364
19364
19364
19364
19887
20433
20456
20465
20465
20465
20465
21035
21271
21807
21881
22010
22344
23107
23528
23961
24544
24752
26301
26304
27040
27115
27142
27340
27806
28995
28996
28996
28998
29211
29378
30806
31322
31454
31604
31658
31658
31851
32309
32309
32320
32704
32744
33764
34482
34598
34598
34670
34694
35791
36035
36035
36035
36816
36847
37147
37375
37415
38783
38807
38901
39122
39480
39863
39940
40169
40297
41139
41427
41700
44486
44651
46036
47355
47355
47540
48634
48642
49088
49833
50442
51307
52187
52533
52868
52996
53087
53802
53985
54189
56495
56587
56636
56636
56639
56684
57031
57071
57170
57175
57265
57306
57494
57983
60989
61217
62085
62436
62740
64256
65295
65665
66265
66265
66553
67406
67409
67409
68408
68408
70168
70488
70656
72156
73163
73203
74824
75879
77030
77820
77995
79613
80938
81383
82915
83357
83364
83982
84104
84990
84990
84990
85665
86296
86701
87352
87352
87352
87356
88176
88176
88176
88176
88176
88187
88209
88262
88644
88649
89107
89760
90132
90280
90285
90453
90541
90674
90747
91184
91184
91184
91184
92449
94649
95620
95698
96090
96757
97378
97572
97572
97572
97572
98893
100638
100901
101012
101082
101082
101083
101084
101147
102057
103580
104398
104455
105604
105604
105872
107572
107816
108088
108857
109020
109155
109155
110396
110721
110987
112513
112598
112713
113052
113052
114352
114820
114820
115218
115394
115565
115757
115901
