662
753
1090
1090
1265
1265
1896
2291
2700
2745
3600
3600
3754
4124
4642
4763
4827
5084
5365
5561
5564
5619
5886
5886
6178
7291
7328
7745
8093
8185
8310
8491
8532
9085
9233
10047
10312
10312
10330
10615
11513
12156
12182
12507
12584
12881
12920
12935
12935
12935
12962
13143
13528
13706
13740
13740
14302
14394
14480
14482
14575
14816
14823
14884
15079
15167
15186
15464
15630
15630
15630
15908
16287
17171
18367
18522
19133
19331
19720
19720
19935
20457
20496
20498
20501
20501
21035
21038
21773
21807
21881
22010
22020
22931
22931
22931
22931
22931
23260
23321
23408
23408
23423
23491
23499
23499
23528
23528
23528
23552
23644
23840
23949
24289
25708
26120
26511
26547
26581
26593
26763
26915
27536
27806
27806
27806
27806
28363
28583
28809
28992
28995
28996
29247
29247
29289
29289
29318
29385
29504
29663
29854
29889
30077
30142
30146
30229
30229
30229
30272
30400
30535
30772
30912
31398
31398
31454
31454
31460
31742
32320
32410
32411
32418
32418
32628
32628
32702
32704
32770
33403
33816
34056
34178
34828
35110
35163
35567
35588
36123
36152
36617
36707
36847
36947
37032
37032
37542
37542
37542
37542
37544
37544
37544
37544
38185
38185
38185
38471
38807
38839
39857
39913
40007
40472
40691
40848
40870
40873
41020
41020
41325
41328
41333
41514
41951
41995
42199
42199
42682
43575
43575
43629
43632
43977
44197
44404
44486
44488
44833
44950
46019
46022
46045
48123
48123
48185
48385
49079
49349
50365
50895
51089
51302
51895
51925
52180
52187
52211
52322
52408
52521
52731
52755
52797
52837
53062
53071
53497
55345
55448
55823
56355
56554
56557
56636
56639
56684
56696
56721
56731
56731
56734
56763
56763
56774
57265
58715
58918
59759
59828
59908
60603
60885
60972
60991
61096
61655
61991
61991
62061
62141
62303
62437
62729
64159
64408
64729
64729
64829
65003
65097
65289
65665
65665
66021
66092
67100
67715
67940
68326
68327
68408
68408
68408
68408
68418
68418
68420
68675
69069
69483
69569
70030
70156
70291
70489
70679
70908
70936
71011
71011
71011
71018
71545
72181
72470
72529
72529
72977
73023
73177
74359
74645
75156
77269
77402
77405
77488
77906
78164
78531
78960
79976
80685
80755
81055
81916
83342
83529
83805
83834
84526
84569
84791
85566
85610
85655
85655
86300
86831
87387
87610
87968
88209
88209
88262
88644
88831
88831
89729
90280
90280
90285
90328
90674
90685
90685
91436
91438
91451
91456
91485
91603
91612
92214
92732
92978
93211
93224
93477
94488
94649
94649
95193
95267
95854
96639
96654
96674
96678
96697
96744
97027
97569
97853
98892
98893
100691
100958
101012
101634
102316
102693
102819
102978
103248
103505
104271
104459
104550
104861
105251
105364
105503
105504
105788
106033
106307
106346
106353
106406
106922
107024
107374
107811
107816
108421
108549
108621
108867
109214
109564
109719
109720
110268
110721
110882
111020
111072
111110
111240
111240
111240
111319
111408
111408
111456
111705
112364
112383
112383
112407
112555
112607
112607
112608
112608
112610
112610
112610
112807
113116
114461
114574
114616
114723
114723
114735
114735
114838
114843
114843
114843
114848
115318
115565
115655
115757
115794
