2862
2889
4952
5449
5669
5700
9953
11381
11790
12149
13898
15079
16091
17912
18564
18575
21060
21060
21060
23480
23502
24455
26847
27115
28188
28363
30220
30700
30993
31448
31658
31836
32583
32702
32702
32704
32846
37415
37415
37517
39561
40391
41163
46676
48479
49190
50873
50873
50873
52401
53536
55357
56374
56486
57497
57717
59214
60400
61182
63307
63998
64256
64429
65665
65665
66287
66547
66547
66547
66547
66547
66614
67782
68622
70489
71730
76973
76991
79938
81251
81257
81352
86831
86998
88209
88334
90663
94444
97467
100504
100504
102057
102057
102057
102491
105859
106494
109311
109312
110978
110987
111097
113050
113513
114347
114362
114370
116086
