3835
3835
4765
5022
5501
5642
5744
6492
6604
6629
6872
9446
10261
12149
13727
13938
14816
15014
16120
16120
16287
16390
16390
16448
16448
16448
19166
20076
21958
21981
21981
23081
23321
23528
26480
27142
28873
29247
30843
31356
31604
31658
31796
31823
32320
33198
33880
34149
34233
34287
34356
34851
35135
35787
35791
35820
36106
37417
37844
38112
39159
39933
40065
40514
40703
40703
41413
41991
42576
44486
45388
45664
45673
46487
46487
46487
47997
48028
49221
51895
52084
53531
53531
53531
55924
56127
56371
56374
56856
59737
61096
61336
61336
61655
61820
63269
63998
64256
64266
64343
64398
64398
65665
67152
67861
68408
69076
69077
69077
69077
69077
69079
69366
69380
69380
69380
69380
70293
70293
70656
72995
73371
73489
74293
74293
74799
77031
78327
79613
79760
80291
82009
83349
84989
86412
86501
86780
86831
86925
87227
87323
89563
90280
90578
90674
93277
93326
93687
96025
96025
96025
96206
96206
96442
96850
97467
97482
99534
99546
99546
99559
100504
100571
101494
102295
102819
103894
104239
109636
111063
111121
111121
111121
111462
111950
111953
112523
112523
112523
112523
112523
113133
113577
113577
113577
114163
114163
116074
116151
