1327
1646
4428
4428
8248
8249
8916
10127
10255
10257
13740
18196
18522
21936
23279
23499
23502
23502
23502
23528
23528
24309
24938
26406
26678
28411
29512
30011
31022
31023
31641
36861
37397
39480
39837
40573
40704
41270
44448
46113
46113
48123
48129
48129
48129
48561
48752
48754
48754
49274
52519
57412
57412
57586
58216
58216
58562
59820
59882
59920
59945
60085
60086
60086
60427
64165
64256
66181
66574
67772
67782
69057
69057
69234
69234
69235
69235
70071
70071
70071
70071
70071
70072
70072
73240
73244
75064
77359
78468
80143
84186
84186
84186
84186
84956
85132
89760
91813
92399
92399
97123
100136
100691
104266
104480
109045
109160
113685
113685
115901
