1371
4096
5335
12464
12535
12881
13740
13838
17871
21958
22454
23499
28117
29211
29211
29623
30167
30393
31604
31657
31686
36707
36742
38319
39236
39346
39691
40265
40848
41113
41700
41736
42256
42380
43169
47292
48474
50873
50873
54678
55798
56381
59805
60181
60181
60181
60181
60181
60327
60603
64256
64343
64343
65391
65665
65886
65888
67935
69855
70027
70027
70027
71011
71011
71011
75024
79294
80454
80454
84526
84940
85808
87011
87011
88165
88187
88209
88209
88614
90280
91045
92001
92001
92952
93945
96027
98194
98778
98778
111457
111458
112194
112224
113425
113685
