1881
1881
1881
3885
4356
4358
4435
4448
4611
4680
4829
4880
4945
5012
5563
5649
5886
6014
6014
6014
6557
6557
7291
7451
7451
8118
8352
8352
8358
8731
8731
9377
9408
9408
9442
9657
9657
9874
9981
10007
10022
10024
11441
12282
12282
12286
13098
13405
13725
13740
13740
13753
13816
13838
13838
13838
14259
14468
14572
14698
14728
16091
16093
16095
16120
16120
16615
16615
17343
18403
18522
18522
18571
18736
18736
18736
18755
18756
19082
19364
19364
19401
21807
21860
21860
21881
21939
21977
22344
22393
23417
23480
23506
23528
23528
23748
23949
25147
25940
26297
26692
26692
27280
27901
27901
27909
27909
29468
29472
30000
30102
30145
31023
31658
31686
32221
32694
32702
34085
34716
35198
36740
37122
37122
37686
39197
39972
40007
40065
40144
40144
41114
41115
41918
41918
42224
42224
42225
42226
43071
43169
44373
45388
46349
47140
47145
47319
47395
47395
47736
48474
48863
49089
50361
50361
50873
50873
50875
51201
51630
51858
52521
52521
53169
53169
53531
53802
53883
54017
54047
54047
54047
54047
54048
54193
54678
54886
56225
56371
57031
57031
57031
57031
57175
57578
58096
58487
59290
59868
60093
60093
60499
61723
61911
62286
62286
62370
62370
62370
62372
63310
63701
63701
63701
63701
63701
63712
63712
63783
63787
63942
63942
64165
64343
64435
64446
64446
65145
65686
65705
66265
66926
67034
67054
67405
67586
67586
67586
67586
67588
67932
67932
68408
68410
68523
68530
68530
68530
68530
69023
69023
69023
69034
69034
69084
69866
69975
70048
70232
71011
71912
71912
71912
71912
73160
73301
73301
73301
74623
75053
75267
75546
76116
76986
77030
77030
77266
77701
79027
79234
80085
81243
81596
81978
82197
83695
83827
84528
84827
84989
84990
84990
86668
86831
86831
87490
87509
87509
87509
87509
87509
88187
88209
88209
88211
88211
88211
88961
88961
88961
88961
89195
89195
89318
89479
89852
90280
90285
90285
90674
90685
90685
90685
90724
91051
91184
91184
91184
91184
91592
91633
91633
92000
92000
92211
92211
92214
93096
94606
94606
94625
94928
95673
95768
95768
95771
96242
96801
97247
97247
97386
97467
97467
98202
98202
98296
98297
98300
98300
99332
99336
99336
99336
102491
103033
103033
103602
103628
103628
103628
103628
103628
103628
103628
103628
103628
103654
103769
103779
103822
103899
105174
105174
105396
105837
105841
105841
105841
106363
106363
106443
106579
107089
107277
107277
107280
107517
108887
109080
109179
109616
109717
109717
109719
110499
110499
110499
110501
111185
111679
112987
113133
113399
113685
113685
114576
114938
115318
115318
115571
115571
115633
115875
