41
41
41
41
41
41
854
1040
1042
1208
1416
1665
2225
3636
5169
5365
5368
5369
5619
5779
5841
6123
6892
7179
7386
8384
8752
10047
12249
12276
12580
13411
13411
13680
13705
13740
13838
14249
14310
14572
15022
15878
15919
16091
16310
16310
17378
17382
17526
17912
17912
17912
17982
18118
18222
18564
18564
18564
18564
18878
19024
19180
19192
19337
19932
19936
20073
20086
20494
20501
21348
21807
21807
21860
21881
21967
21968
22095
22580
22883
23058
23058
23058
23075
23233
23499
23502
23502
23505
23505
23528
24289
25081
25364
25540
25551
25551
25757
26547
26581
26582
27040
27040
27040
27040
27040
27535
27752
27806
27951
28490
28490
28968
28970
28983
28984
28984
28984
28984
28995
29010
29030
29030
29289
29323
29361
29368
29378
29429
29453
29562
29883
29889
30168
30837
30847
30875
30914
30916
31454
31454
31454
31454
31454
31455
31658
31660
31864
31864
31871
32406
32418
32418
32418
32418
32418
32419
32704
32704
32903
32903
33608
33692
35001
35163
35588
35799
35918
35958
36674
36815
37032
37103
37275
37366
37855
38185
38207
38855
38910
39121
39691
40007
40065
40573
40704
41115
41177
41574
42023
42120
42122
42357
42618
43266
43559
43627
43629
43721
43721
43977
44833
44952
44952
45552
46003
46019
46019
46022
46095
46096
46096
46787
46872
47735
48634
49154
49225
49568
49859
50873
51281
51307
51307
51307
51392
51895
51895
52004
52190
52519
52723
52733
52758
53531
53535
53542
53544
53642
53796
53802
54167
54189
55273
55291
55529
56484
56636
56636
56674
56686
56696
56706
56712
56719
56721
56739
56764
56872
56939
57103
57131
57137
57175
57499
57975
58715
58715
58875
59674
60410
60952
61096
61096
61104
61185
61595
61921
62722
62722
62748
63013
63304
63727
64594
64729
64793
64831
65097
65097
65208
65665
65665
65995
66021
66553
67152
67461
67940
68281
68843
68999
69069
69069
69069
70156
70489
70699
71018
71393
71673
72153
72805
73356
74180
74645
74645
75488
76612
76973
77838
78131
78143
78197
78201
78383
78453
78960
78960
78960
78960
78960
79027
79027
79950
80036
80068
80566
80787
80962
81286
81303
81397
82076
82082
82424
82599
83013
83528
83876
84526
84723
84870
84882
85372
85382
85391
85677
85687
86410
86702
87327
88209
88257
88262
88262
88262
88262
88262
88262
88266
88274
88644
89107
89121
89677
90107
90125
90674
90674
90674
90674
90743
91456
92129
92211
92746
92762
92972
93241
93405
93773
94144
94353
94408
94674
94929
95155
95161
95199
95793
95986
96647
96674
96674
96675
96676
96676
96744
96744
97027
97375
97615
97617
98210
98277
98647
98651
98875
98884
98893
98893
98893
98906
98906
99806
100559
100560
100564
100801
101212
101447
102209
102426
102491
102597
103390
103481
103482
104117
104276
104416
104491
104500
104545
104549
104731
105144
105174
105599
105604
105613
105855
105958
106037
106037
106037
106524
106806
106839
107369
107540
107637
107646
108352
108422
108588
109301
109408
109720
109720
109720
109745
109747
110060
110643
111002
111061
111441
111459
111761
112515
112598
112598
112598
113375
113392
113687
113760
113763
114463
114829
114843
114843
114859
115442
115794
116075
116075
116675
