559
609
609
609
609
609
1828
2065
2246
3832
3885
3885
3885
3885
3885
3956
3990
4122
4124
4745
4985
5084
5084
5281
5841
6190
7438
8188
8543
8945
8945
8945
9085
9249
9296
9377
9816
11441
11587
11624
11773
11958
12075
12859
12881
12881
13098
13399
13938
14197
14376
14480
14570
14621
14797
15079
15166
15622
15622
15721
15721
15952
16237
17287
17612
17700
17700
17700
17912
17982
18196
18196
18214
18522
18523
18527
18562
18775
21860
21860
22000
22007
22075
22113
22344
22344
22523
22927
22980
23480
23502
23528
23528
23528
23552
23552
23840
24098
24117
24484
24484
24487
26199
27061
27115
27146
27220
27806
27887
28216
28524
29217
30001
30009
30145
30229
30229
30257
30744
30766
30913
30947
31327
31569
31641
31952
32051
32628
32628
32628
32628
32628
32628
32704
32893
33486
33956
33960
34149
34503
34856
35275
35787
36029
36208
36947
37228
37228
37252
38281
38839
38839
39505
40007
40217
40217
40276
40472
40657
40703
40704
41003
41329
41454
41979
43095
43169
43169
43390
44411
44670
44824
44833
44833
44925
44956
45033
45033
45033
45277
45308
45388
45405
45629
45813
46008
46093
46181
46416
46416
46785
46788
48123
48525
48666
48666
49143
49229
50873
51636
51636
51679
52004
52035
52187
52322
52538
52538
52731
52731
52733
52733
52755
52755
52755
52755
52755
52755
52755
52755
52803
52803
52803
52868
52868
52868
53073
53101
53418
53531
53531
53535
53542
53644
53802
53802
54597
56602
56684
56684
56684
56883
57092
57494
57494
57578
57609
57609
57609
57898
58234
58234
58528
58715
58715
58876
59132
59134
59134
59134
59783
60189
60410
60410
60493
60493
60522
60603
60627
60972
60989
61217
61336
61368
61369
61529
61529
61839
61851
62580
62606
62618
62618
63959
63998
65000
65080
65080
65115
66581
67099
67119
67152
67278
67462
67462
68009
68339
68339
68339
68339
68399
68418
68419
68419
68910
68910
68910
68910
68910
68910
68910
68910
69081
69604
69719
69776
70855
70855
70855
70855
70891
70891
70978
71440
71892
72413
72413
72896
72896
72898
72898
72898
72900
72900
72929
72974
72994
73163
73203
73274
73941
73943
75559
76215
77031
77031
77033
78165
78284
78284
78284
78317
78317
79519
79519
79519
80372
80513
80728
81820
81978
82058
82244
82912
84432
84526
84526
84824
84983
85200
85655
86045
86054
86349
86403
86674
86674
86675
87160
87160
87160
87160
87160
87160
87180
87180
87227
87227
87227
87799
88176
88209
88230
88493
88493
89625
89657
89729
90125
90261
90262
90285
90328
91045
91162
91689
91740
91798
92211
92211
92211
92282
92828
92860
92915
93060
93158
93224
93324
93469
93539
93549
93700
94575
95414
95673
95692
96665
97377
99396
99498
99920
100179
100180
101122
101861
102487
102489
102491
103628
104166
104264
104361
104376
104688
104887
105144
105174
105177
105248
105272
105599
105653
106130
106180
106204
106204
106346
106432
106558
107245
107660
107661
107836
107836
108870
108917
108918
109072
109564
110558
111015
111589
111622
111951
111951
111953
111957
112015
112275
112517
112695
112738
113103
113685
113685
114320
114320
114463
115422
115565
115637
115773
115777
115794
115852
115906
116358
116625
