1733
3085
3090
3090
3090
3090
4072
4115
6150
7549
7604
11203
11403
11403
11403
14194
14768
14768
14768
15383
16576
22062
23321
23480
23505
25183
26609
30012
30012
31836
38076
38076
38281
38807
38807
39093
39166
39251
39506
39522
39562
40703
40703
41139
41139
41781
43043
45033
45665
47804
48205
52533
52868
53535
53542
53802
53802
54492
55357
56223
57493
57976
60469
60469
60603
60603
60603
60603
61720
61911
64850
65665
66043
66043
66142
69068
69068
69068
69303
81774
82311
87112
87387
88176
88176
88176
88176
88464
89121
89729
89729
90130
92211
92211
92569
92718
95199
96183
97195
98859
99962
101736
105174
105884
108207
108642
110723
111473
111953
111982
112528
113425
114390
115318
