1235
1665
2013
2023
2714
4096
4209
4321
4896
5084
5841
5886
6123
6381
6603
9384
9526
9742
10420
10495
10535
10558
10560
10565
10565
10615
10627
10676
10676
10887
11572
11572
12358
12962
13816
14054
14242
14439
14606
15365
16271
18522
18671
19364
19609
21522
22010
22523
22896
22920
23058
23321
23528
23937
23937
24005
25527
25749
26020
27146
27519
28978
29122
29889
30230
30874
31022
31658
31686
32405
33853
33853
33853
33853
33853
34055
34055
34056
34598
34685
35233
35593
36219
36691
36808
36809
36820
38204
39170
39691
39890
40154
40995
41114
41202
41979
42114
42924
43095
44479
44651
44698
45388
47825
47825
47895
48953
49154
49154
49260
49260
49276
51201
51243
51693
52035
52319
53531
53542
53544
53802
54567
55715
55715
55813
56087
56374
56456
56495
56532
56684
56696
58008
59077
59541
59541
59572
60459
60507
62147
62633
62749
62803
63070
63304
63686
63754
63815
64649
64702
65080
65080
65250
65250
65274
65665
65682
66042
67148
68219
68530
69502
70618
70706
70957
71200
71496
72156
72976
72977
73343
75113
76480
76485
76485
76680
78456
78551
78960
78960
78960
78973
81257
82408
82408
82779
83312
84990
84990
84990
85541
86621
86831
86831
87352
87748
87752
88176
88176
88187
88209
88844
89660
89742
89756
90279
90280
90280
90285
90521
90685
90746
91184
91184
91184
91205
92001
92083
92733
92757
92956
93096
93098
93241
93621
94316
95609
95609
95609
95609
95609
95609
95620
96354
96642
97467
97968
98222
98525
98860
98892
98919
99174
99626
99637
100167
101012
101043
101782
102161
102764
103056
105174
105248
105577
105671
105689
106022
106528
107155
107571
107807
107856
108207
108207
108589
108771
109034
109717
109851
110323
110723
111240
111240
111456
111456
111459
111459
111459
111473
111473
111473
111473
111473
111515
112438
113409
114136
114136
114142
114142
114167
114167
114167
114167
114435
115318
115394
115473
115473
115475
115637
115852
116069
116074
116074
116461
