1386
3115
3579
3640
5304
5400
5400
5697
6224
6280
7460
7460
7460
8432
8451
8844
9087
9649
10007
10007
12163
12449
12774
12862
13281
13725
13740
13818
14054
14232
14232
15930
16855
17447
17493
17493
17493
17493
18239
18239
19201
19201
21881
22020
22076
22351
22812
23118
23233
23502
23502
23528
23528
23528
23850
24195
25487
25511
26914
27327
27748
28227
28490
28576
28578
29714
30012
30053
30053
30090
30341
31022
31023
31252
31743
31773
32680
32680
32702
32704
32704
32942
33624
34776
34777
35193
35193
35240
35240
36253
36272
36273
36350
36816
37415
37652
37686
38281
38642
38849
39226
39251
39251
39544
39829
39837
39940
40007
40767
41250
41250
41251
41252
42125
42343
42343
42353
42393
42716
42820
44650
44719
45515
45664
45705
45705
45705
45713
46022
46144
46551
46734
47145
47281
48330
48331
48561
49114
49267
49718
49718
50770
51846
51846
53310
53310
53310
53310
53315
53315
53315
53315
53317
53317
53317
53317
53317
53318
53321
53490
53535
53778
53802
53831
54122
54189
54302
54319
54390
54935
54935
54935
54935
54935
54935
54935
54935
54935
56037
56162
57381
57532
58220
59294
59385
59572
59573
59820
60180
60410
60595
60595
60595
60603
60603
60603
60972
61096
61631
61640
62164
62472
63268
63797
63892
63894
63942
63942
63979
64558
64558
64683
65197
65478
65478
65494
66043
66043
66078
66078
66078
66804
66957
66957
67990
67994
68169
68952
69068
69460
69719
70082
70706
71341
71544
71546
73166
73179
75279
76116
76116
77067
77166
77210
77227
77228
79786
79786
79786
79786
79786
79786
79786
80767
81027
81234
81596
81596
83044
83044
83044
83393
83589
83593
83664
83681
84120
84461
84990
84990
84990
84990
84990
84990
85065
85065
85065
85139
85143
85728
85728
86091
86091
86091
86091
86091
86101
86668
86669
86669
86955
86955
86955
87941
87960
87960
87960
87960
87960
88041
88101
88176
88176
88176
88176
88187
89107
89121
89793
89804
90218
90578
90674
91184
92266
92270
92270
94987
98823
99546
99546
100447
102039
103429
104466
104552
104552
104561
104561
104577
105189
105351
105354
105364
105503
105517
105939
105967
106289
106352
106441
107031
107114
107382
107753
108891
109373
109719
110446
110469
110577
110723
111110
111110
112841
113425
113425
113685
113687
114320
114364
114706
114838
115258
115394
115497
115852
116877
