1262
1848
2264
2386
2780
3581
3885
3885
3935
4324
4431
4897
4941
5084
5173
5204
5204
5265
5337
5865
6893
7129
7133
8310
8672
8893
10161
10184
12206
12225
12260
12282
12282
12827
12920
12920
13277
13756
13776
14480
14594
14627
14698
15200
17348
17384
18575
18575
18586
19364
19364
19364
20061
20073
20494
20654
22010
22010
22075
22351
22528
22658
23058
23080
23499
23502
23528
23528
23748
24056
24098
24222
24455
24482
24548
25261
25557
25707
25708
26252
26692
27142
27368
28095
28184
28365
28700
29079
29378
29432
29482
29566
29970
30000
30217
30230
30947
31301
31936
32428
33843
33880
34080
34624
35787
36650
36691
36793
36793
36861
37147
37149
37228
37686
37858
37858
37968
38076
38166
38281
38622
38807
38808
38808
39717
39837
39940
40007
40035
40065
40452
40580
40703
41152
41183
41381
41427
42214
42224
42228
42244
43420
44302
44621
45184
45388
45455
45664
45664
46510
47607
48561
49065
49908
50321
50361
50875
51926
52035
53081
53490
53490
53531
53542
53829
53974
56227
56259
56520
56537
56575
56662
56684
56696
56873
57265
57278
57292
57294
57578
57765
57979
58212
58212
58894
59059
59183
60167
60167
60507
60603
60982
61096
61096
62303
62435
62436
62631
62722
62722
62722
62722
62722
62722
62722
62722
62722
62722
62722
62722
62724
62724
62724
63265
63799
64165
64343
65224
65665
65665
66043
66043
66043
66304
66445
67152
67152
67470
68824
69970
70706
70706
70950
70979
70979
70979
70979
70979
70979
70979
70979
70979
70979
70979
71398
71413
71926
73624
73954
74501
74501
74988
74998
75407
76231
76554
76620
76854
76854
76857
76946
77030
77032
77033
77033
78277
78317
78460
78491
78512
78512
78512
78823
78960
79820
80513
80520
81584
81997
82185
82866
82887
83058
83217
83219
83349
84432
84766
84940
84979
84989
84989
84989
84989
84989
85874
86142
86313
86831
86831
87227
88176
88176
88176
88176
88176
88176
88176
88187
88821
89028
90160
90165
90279
90285
90285
90746
91045
91995
92056
92090
92229
92229
92860
93210
93211
93324
94841
94986
95012
95155
95210
95700
95757
95854
96027
96050
96442
96442
96674
96697
97686
98202
98512
98879
99498
99959
99995
100107
100691
100934
104136
105212
105240
106041
106042
106292
106302
106494
106860
107245
107753
107811
107835
108671
108717
110162
110361
110445
110539
110696
111002
111240
111456
111456
112324
112552
112842
112986
113052
113101
113392
113392
113685
114032
114370
114390
114463
114709
114829
115596
115794
115852
115943
116456
116456
116489
116692
116840
