1208
1273
1366
3831
4680
4814
5084
6192
6205
6205
8352
8677
8678
9874
10107
11978
11979
12023
12024
12367
13251
13591
13740
13838
14053
14824
15285
15285
15285
15288
16526
16526
16811
17170
18597
18649
18701
18702
18702
18703
20073
21522
21773
21773
21860
21963
22344
23233
23499
23502
23528
24851
25272
25487
25560
26007
26007
27183
27371
27757
27951
28404
29992
30011
30053
30881
31468
32453
32453
32453
32458
32628
32702
32704
32744
32744
33294
33312
33458
33972
34914
35491
35699
36847
37088
37228
37233
37233
37235
38123
38204
40167
41291
41723
41723
41855
44650
44698
44698
44698
44698
44698
44698
44698
45390
45390
45664
45665
47319
47319
47651
48123
48362
48362
49143
49143
49277
50391
50873
53542
54319
54345
55992
55992
55992
57175
57868
57868
58286
58601
58715
58813
59453
59707
59707
59707
59741
59741
59741
59758
60522
62618
63998
64482
64674
65254
65254
65254
67152
67165
67385
67385
67408
67408
67408
67408
68408
68412
68413
68413
69460
69864
70168
71492
71492
72805
73160
73179
73343
74714
76485
76485
76485
76485
76485
76485
76485
76485
78468
78468
79976
79976
80728
80753
80761
80790
81078
81080
81234
82331
83044
83528
83529
83529
83529
83534
83564
83577
83664
83664
83664
83834
84928
84930
84990
84990
84990
85525
85525
85526
85529
85958
85958
85958
85958
85958
85958
85958
85959
86023
86925
86925
86925
88176
88176
88187
89434
90448
90448
90578
92963
93405
93405
95618
95618
95815
96159
96159
99174
100641
100691
100720
102161
102999
103093
103093
103301
103604
104220
104271
104578
104894
105156
105156
105615
105615
105671
105673
105673
105687
105884
106192
107058
107175
107175
107175
107682
107807
107852
108207
108625
108835
111206
111533
111533
112044
112863
112987
113685
113685
113687
114438
115318
115454
116651
116651
116675
