2734
3120
3885
5026
8885
9221
9427
10007
10047
12223
12862
13725
15383
16303
17497
17883
17883
18527
20073
22020
22033
22076
23502
23528
24484
25199
25707
25707
25878
27583
28253
30003
30308
31123
31333
31830
31940
32568
32680
32680
32680
32680
32680
32680
33213
34080
34695
35176
36253
36253
36270
36323
36650
38439
38855
39170
39251
39774
40065
40437
41252
41252
41593
41638
41721
44479
46008
47145
47197
48268
48310
48310
48511
49243
50365
50770
50873
51754
53902
57499
57578
58227
60167
60167
60427
60457
61634
61638
61638
61641
61851
62606
62722
62722
62722
63268
63942
63942
65505
66043
66170
66170
66804
66804
66832
67990
69069
70232
71824
71824
72155
73118
73128
80767
81234
81303
82116
84990
84990
84990
85655
85665
85883
86355
86355
86997
87486
87964
88101
88101
88101
88131
88176
88176
88211
90285
90674
91343
92235
93098
94147
94512
96116
97467
100053
100901
102621
102775
104411
104863
105117
107109
107114
107124
107124
108570
109282
110162
112598
112709
112709
112986
114479
115565
115794
115852
116456
