1326
1904
2703
2703
3343
3458
3459
3586
3831
4072
4734
4734
4765
4814
4945
5658
5658
5697
5738
5740
5933
6116
6116
6116
6272
6393
6557
6557
6601
6630
7044
7328
8058
8118
8865
8939
9076
9164
9282
9914
10023
10245
10297
10520
11441
12027
12125
12476
12503
12698
12827
12881
12962
13106
13406
13541
13725
13725
13741
13803
13806
13817
13817
13966
14118
14180
14305
14306
14411
14439
14464
14522
14523
14661
14699
14780
14980
14980
15288
16287
16925
17570
17912
18395
18645
19872
19991
19992
19992
20073
21773
21773
21939
22007
22072
22454
22454
22454
22454
22454
22454
22455
22579
23502
23636
23636
24222
24488
24544
24871
25076
25396
25708
26301
26674
26674
26674
26692
26819
26845
26847
26848
27115
27115
27117
27196
27319
27327
28018
28085
28104
28117
28411
28413
29226
29468
29477
30003
30081
30757
30795
30800
30843
30877
30993
31016
31023
31023
31508
31852
32628
32628
32628
32628
33485
34191
34373
34893
35280
35280
35397
35589
35791
36230
36544
37228
37243
37415
37415
37517
37716
37838
38076
38181
38245
38395
39170
39346
39902
39913
39995
40442
40498
40700
41321
41734
42120
42312
43191
43272
43441
43522
43813
44486
44950
45390
45664
45664
45664
45664
46148
46491
46491
47145
47282
47319
47403
48123
48537
48537
48855
49057
49276
50442
50829
51129
51129
51515
51515
51753
52868
52868
53490
53531
53535
53535
53535
53802
54078
54530
54579
54579
54579
54579
54579
54579
54579
54581
54581
54581
54581
54581
54581
54581
54581
54732
54732
55357
55828
56313
56313
58301
59545
60167
60525
61138
61217
61336
61709
62239
62239
62333
62598
62618
62631
62631
62740
63127
64165
64685
65072
65219
65284
65478
65821
65954
66265
66524
66524
66524
66524
66524
66524
66524
66524
66525
67408
67651
68408
68429
68429
68992
69306
69654
69724
69840
69911
70045
70048
70568
70752
71070
71398
71634
72771
72805
72947
73260
73260
73301
73577
74076
74594
74720
75412
75646
75910
77030
77034
77401
77614
77615
77623
78002
78197
78197
78284
78312
78320
78694
80070
80755
80755
80755
80760
80760
80804
80804
80804
80902
81498
81509
82142
82679
84206
85372
85853
85978
86210
86412
87742
87816
88025
88025
88025
88176
88187
88187
88209
88213
88297
88352
88464
88537
88845
89188
89474
89488
89759
90125
91045
91741
91741
92458
93031
93031
93031
93031
93031
93031
93032
93037
93040
93042
93096
93096
93224
93474
93874
93874
93874
93874
93874
93874
93874
93874
93874
93966
94841
95362
95703
95962
96027
96756
96841
97035
97301
97386
97390
97392
98860
98860
99134
99872
100084
100377
100383
100660
100691
100768
101288
101467
101779
101801
102711
102769
102769
103057
103057
104219
104580
104626
105046
105117
105488
105498
106287
106354
106354
106523
106642
107031
107246
107319
107736
107749
107816
107852
108207
108835
109378
109635
110655
110723
110723
110742
110978
111061
111101
111473
111473
111515
111589
111950
112028
112171
112528
112553
112853
113015
113375
113425
113425
113425
113685
113685
113685
113685
113687
113687
114164
114320
114370
114370
114485
114845
114940
115318
115394
115451
115537
115571
115980
116074
116088
116239
116312
116621
116651
116651
