2379
2379
2379
5204
6557
7291
8144
8161
9031
9363
10938
11574
12891
12892
13354
14480
14626
18561
29617
31604
31604
31641
32320
32628
32628
33853
34372
34773
35808
36072
36072
38281
39307
39620
41844
42373
42602
42835
44055
47319
48645
49671
50873
55415
55812
56986
56986
59738
60946
60951
61217
62606
64343
64996
65686
66435
69741
71018
73160
74017
75156
77067
77067
78512
82082
82082
84526
84526
84526
84611
84989
85508
85563
85652
85652
85652
85653
85653
88165
88830
88857
89107
92556
93224
95962
95962
96423
97789
97789
97789
98823
99376
100136
107835
110889
111537
113425
113425
113425
113685
113687
113687
