941
1207
2502
2700
2702
2823
2823
2823
2827
3525
3525
3525
3531
4765
4814
4955
10937
10937
10937
10937
10937
11932
13740
15049
15195
15487
17342
18557
22076
23847
25272
25394
27250
28289
28294
29472
30308
30526
31455
34482
35970
41103
41103
41103
42120
44448
45665
47630
51228
51228
51229
51248
51249
51307
51895
54725
54725
54725
54732
56774
56774
56774
56774
57306
59548
60627
60823
61096
61336
63167
63701
64256
65665
65665
65665
65665
65665
66043
66043
67100
67100
67100
67148
67148
67152
67152
67152
67152
69632
70294
70296
71011
71024
71851
73301
75981
81596
81596
81596
81596
81596
82058
82931
82931
84990
86668
87045
87097
88176
88209
90125
90125
92211
93112
93947
94354
95678
96025
96054
98887
101025
104376
105175
106348
107856
109561
109709
109710
109717
111387
112986
113425
113425
113687
113687
114136
114142
114347
114838
115394
