1042
2146
2146
2146
2147
2848
3097
3885
4680
4900
5482
5619
10171
10171
10312
10676
12435
12881
12881
12920
12962
12962
13741
14484
14572
14578
14769
14885
14885
16301
17912
17912
18217
18522
18522
18877
18877
19364
19364
19364
19395
20465
20488
21271
21773
21860
22007
23528
24487
25034
25489
25540
26517
27220
27282
27478
28996
29397
29397
29771
29890
29890
30229
30606
31454
32320
32320
34617
35584
36819
38439
38962
38962
39140
39140
39140
39166
39170
39170
40007
40035
40036
40065
40498
40498
40498
40576
40848
40854
41114
41628
43169
44698
44698
44717
44925
44956
46785
46859
47319
50873
51201
52755
52755
54298
54298
54298
55992
55992
56554
56602
56619
56668
56684
56684
56684
56684
56694
56789
57494
57497
57946
58008
58393
58943
58943
58943
59545
59573
59573
59755
64616
65084
65115
65115
65505
65665
68631
69068
69569
69576
70568
70640
71011
71018
71736
72158
72412
72412
72805
73047
73047
73047
73211
73274
74379
74712
74975
74987
76507
78494
81383
81383
84990
84990
85200
85623
86297
86955
86956
86956
87352
87625
88176
88187
88724
89636
90279
90279
90279
90521
90674
91184
91936
92000
92326
92505
93211
93224
93621
93634
93634
93674
93737
94709
94732
95618
95620
97364
98892
98894
100653
100707
100801
101082
101594
102078
102098
104135
104204
105599
105619
106640
106943
108896
109156
110162
111240
111456
111456
113518
113687
114479
114576
114838
115022
115318
115318
115565
115565
115565
116075
