1314
1604
2005
2848
2850
3885
3922
4677
4680
4726
4726
4945
5482
5482
9085
9085
9338
9561
10976
10976
10976
10976
10976
10976
10976
10976
10976
10998
10998
11040
11045
12623
12688
13103
13180
13816
14295
18111
18736
18736
18736
18736
18736
18736
18766
21522
22014
22344
23279
23502
23847
24289
24487
25540
26068
26824
26847
27583
27788
27996
30912
31023
31658
31817
33853
35113
36815
36819
36919
37517
37517
37544
37550
37550
37550
38110
38185
38808
39472
39837
39940
40065
40498
40498
40697
41115
41115
42120
43169
43169
45405
46118
46678
47094
48205
50361
50361
50361
50361
50361
50361
50365
51201
51615
51753
51753
52652
53829
54678
54895
55357
56223
57494
57813
57813
58762
58762
58762
58943
58943
58943
58943
58943
58943
58943
58943
61096
61595
62370
63268
63268
63998
63998
64249
64729
65080
65086
65086
65665
65665
66265
66265
66282
67385
67405
67406
68408
68622
68622
69076
69460
71011
71018
71018
71041
71620
72488
72529
72685
72782
72902
73667
75693
76116
77031
77401
77617
78326
78627
78627
78693
78693
79027
80753
80753
81642
81726
81746
81817
82195
84159
84990
84990
84990
85958
85958
86701
88177
88187
88187
88209
88209
88830
88831
89636
90094
90185
90186
90186
90186
90186
90186
90186
90186
90186
90186
90192
90280
90285
90575
90674
90685
91617
91617
92000
92956
92985
93198
93257
94512
94512
94512
96050
96596
97467
97722
99228
101508
102037
102037
102037
102474
103032
103305
103305
103591
103593
103602
104266
104339
105671
107088
107088
107088
107306
107413
107811
108775
108906
109196
109636
109717
110361
110446
111951
112998
112998
112998
113392
113627
113627
113627
113627
114276
114838
114838
115318
115318
115318
115336
115757
116504
116585
