1848
1973
2769
2863
3301
3418
3792
3792
3831
4606
4680
5084
5212
5482
5631
5642
6111
6111
6661
7282
8096
8275
8945
10215
10991
11110
11153
11153
11331
12075
12137
12313
12569
13180
13676
13838
13898
14215
14253
14257
14277
14515
14633
14816
14979
14980
15379
16053
16053
16053
16121
16151
16156
16229
16268
16301
16371
16872
16872
17120
17478
17497
17519
17519
17522
18381
18939
19923
20008
20073
20073
20097
21522
21773
21860
21958
22075
22285
22465
22523
22523
22523
23058
23075
23118
23482
23499
23528
23528
23528
23671
24006
24330
24707
25375
25540
25676
25708
25740
25762
26692
26761
26847
27782
27998
28035
29112
29247
30002
30012
30145
30220
30555
30646
30872
30913
31276
31455
31455
31658
31997
32107
32540
32628
32694
32913
32913
34191
34209
34366
34417
35584
35787
35841
36059
36272
36272
36809
36815
37102
37138
37228
37233
37366
37867
37867
37867
37893
38803
38807
38807
39148
39234
39265
39471
39490
39829
39933
39940
39940
39940
39940
40065
40471
40504
41059
41152
41202
41252
41970
42033
42256
42396
42643
42660
42792
43043
43169
43169
43458
44196
44196
44338
44397
44479
44479
44669
44698
44986
45100
45244
45244
45244
45244
45388
45665
45813
46299
46671
47524
48532
49285
49431
49512
50873
50873
52868
53021
53169
53542
53802
54007
54189
54926
55223
55228
55230
55474
56154
56418
56526
56627
56746
56974
57031
57170
57499
57514
57531
57531
57531
57531
57531
57531
57531
57531
57531
57531
57531
57531
57531
57531
57531
57531
57531
57531
57531
57531
57531
57531
57786
58943
60167
60183
60469
60968
61095
61336
61362
61454
62132
62147
62243
62333
62494
62722
62722
62749
63268
63454
63454
63647
64011
64191
64606
64902
64902
65025
65222
65665
65665
65665
65820
65820
65820
65820
66043
66264
66490
66490
66490
67099
67421
67615
67932
68408
68673
69654
70891
71011
71042
71144
71191
71256
71448
71545
72488
72524
73018
73128
73189
74065
74699
74799
74799
74799
74824
75299
75299
75299
75843
75879
76382
76382
76485
76544
76857
76860
76940
76941
76973
76973
77035
77385
77922
77925
78005
78839
79710
79976
80679
80798
80884
80888
81055
81229
81257
81383
81593
81766
82039
82315
83058
83347
83349
84158
84327
84662
84989
85624
86024
86296
86668
86668
86811
86831
87152
87202
87546
87827
88062
88062
88093
88093
88176
88176
88176
88176
88176
88176
88176
88176
88176
88176
88176
88176
88187
88209
88714
88715
89107
89121
89357
89729
90132
90280
90285
90330
90746
91087
91184
92211
92214
93096
93192
93198
93198
93288
93405
93405
94785
95721
95728
95768
95857
95980
96027
96114
96158
96394
96549
97505
97589
98062
98202
98306
98525
98860
99175
99212
99356
99434
101248
101557
102505
102505
102560
102741
102741
102972
103057
103592
103628
103772
103772
103772
104159
104328
104378
104491
104626
104797
104919
105046
105503
105812
106041
106435
106519
106612
106704
106950
107349
107382
107807
107807
108127
108127
108254
108254
108310
108743
109121
109644
110155
110361
110594
110690
110989
111061
111240
111240
111470
111589
112320
113162
113392
113699
113699
113699
114142
114360
114370
114370
114477
115535
115757
115794
115801
116390
