1146
1179
1317
2846
2847
3159
3366
3366
3579
3600
3885
4363
4799
4814
4883
5084
5089
5243
5697
6496
7987
8051
8453
9266
9272
9718
9742
9945
10017
10289
10629
11782
11933
12272
12505
12751
12829
12829
12830
13232
13746
13816
14067
14373
14452
14452
14677
14734
15178
15186
15218
15218
15238
15403
16249
16271
16373
16576
17311
17497
17519
18239
18239
19745
20001
20001
20001
20001
20001
20008
20014
20016
20017
21773
21958
22010
22072
22072
22344
22991
22991
22991
22991
22991
22991
22991
22991
22991
22991
22991
22999
23279
23279
23417
23851
23851
23852
23854
24222
24918
26301
26851
26913
27227
27399
27748
27749
27791
27892
28148
28512
29216
29226
30146
30222
30476
30938
31022
31125
31202
31202
31949
32107
34055
34056
34373
35182
35182
35228
36395
36395
36395
36450
36450
36450
36450
36450
36450
36450
36456
36456
37542
37542
38075
38077
39561
39704
39717
39902
39933
40228
40400
40911
41093
41113
41427
42038
42396
42602
42612
42612
42639
42781
44131
44196
44196
44196
45603
45665
45705
47145
47319
48205
48205
48419
48493
48561
49220
49220
49344
49431
49431
49431
49431
49431
49431
49431
49431
49431
49431
49432
49432
49432
49766
49766
50873
50873
51615
52868
54078
56933
57175
57499
57578
57667
57976
58391
58614
59263
59348
59429
59573
59603
60167
60221
60410
60507
60510
60510
60510
62618
63942
63942
64534
64534
64534
65084
65478
65665
65665
65665
65829
65829
65832
65886
65886
66019
66043
66473
66926
67054
67937
68068
68076
68080
68080
68522
68530
68622
68622
69357
71208
71208
71545
71545
72529
72682
74037
74037
74615
74615
74824
75477
75477
75479
75762
75952
75952
77067
77067
77067
77067
77067
77143
77164
77228
77228
77266
77617
77982
78365
78839
78839
78839
78839
78841
78841
78841
78841
78848
78848
79942
80753
80753
80755
81139
81495
81593
81596
81596
81596
81673
81678
81678
81678
81678
82667
83077
83077
84186
84446
84789
84990
84991
84991
85139
85343
86232
86252
86412
86831
86955
86955
88165
88176
88176
88176
88209
88209
88213
88213
88845
88846
88999
88999
89121
89729
90280
90285
90578
90578
90674
91044
91111
91184
92397
92563
92991
93357
93469
94045
94512
94940
95862
96516
96841
97182
97219
98523
98860
98959
99212
99212
99212
99212
99229
99278
99546
100454
101284
102820
103048
103131
103628
103628
103654
103655
103655
103718
103772
103786
103786
104357
104460
104577
104626
104636
104678
104680
105144
105174
105323
105884
105935
105937
105937
105967
106449
106523
106611
107033
107518
107784
107807
107807
108312
108313
108832
109138
110398
111015
111063
111533
111950
112986
112987
113425
113425
113630
113687
113687
113687
113895
114009
114009
114366
114366
114366
115318
115318
115484
115757
115757
115802
115943
115957
115984
116162
116176
116224
116456
116651
116651
116746
116872
