3499
3499
3509
3581
3887
3900
4598
4735
4738
4765
4805
6459
7443
7729
7734
8093
8118
8133
8634
8731
8731
8916
9355
9364
10353
10353
11914
12391
12500
12881
12881
12881
13544
13599
13740
13805
13817
14358
14439
14561
14663
15383
15666
16053
16682
17223
17445
17447
17774
17774
19698
19778
20940
21860
21860
21860
21863
21936
21939
22007
22344
22896
23013
23501
23502
23636
24085
24209
24950
24950
24950
24950
26304
26913
27338
27428
28087
28436
28844
28988
29616
30090
30663
30772
31022
31022
31051
31346
31346
31347
31455
31515
31634
31641
31658
32050
32704
32779
32819
33624
33624
33641
34492
34498
34716
36031
36185
36707
36793
37170
37171
37173
37928
38173
38579
38619
38753
38962
39106
39170
39894
40050
40065
40246
40276
40320
40576
40923
40981
41594
41594
41599
41706
41905
42120
42120
42319
42649
42956
43095
43169
43458
43633
43907
44302
44302
44302
44302
44302
44302
44302
44302
44302
44302
44302
44302
44302
44302
44302
44302
44302
44302
44302
44302
44302
44302
44303
44303
44303
44397
44411
44488
44695
44698
44698
44698
46113
46939
46939
46939
46939
46939
47159
47319
47382
47838
48004
48123
48205
48508
48559
48561
48666
48747
48999
49148
49901
50353
50873
51149
51151
51688
52004
52102
52200
52203
52205
52428
52522
52670
52670
52837
52837
52837
53531
53625
53851
54215
54239
54302
54546
54657
54678
54678
54725
54725
55298
55472
55827
55827
55827
55828
55913
55924
56495
56495
56501
56504
56532
56577
56581
56680
56684
56774
57137
57494
57538
57540
57542
58087
58177
59284
59545
59560
59600
60184
60427
60493
60499
60573
60603
61096
61565
61709
62830
62840
62853
63192
64118
64120
64120
64359
64373
65040
65040
65454
65478
65542
65616
65665
65665
65665
65682
66042
67152
67225
67560
68068
68420
68506
68519
68530
68827
69069
69344
69366
69460
70045
70232
70941
70941
71011
71018
71018
71403
71607
71620
71916
71916
71916
72190
72893
72962
73189
73239
73239
73391
74558
75573
75657
76680
76773
77805
77984
78010
78283
78378
78478
78512
78515
78531
78627
78753
79195
79195
79200
80753
80755
81007
82116
82195
82598
82598
82598
82598
82598
82598
83044
83672
84932
84989
84990
85655
85886
86232
86527
86925
87313
87314
87668
87668
87671
87671
87675
87675
87675
87677
87677
88041
88138
88142
88143
88145
88176
88187
88209
88209
88230
88346
88414
88724
88831
89077
89107
89825
89845
90125
90125
90491
90743
90743
91935
92001
93224
93224
93354
93812
93874
94944
94973
95029
95508
95621
95703
95857
95857
96550
96596
96606
97138
97366
97445
97686
97686
97686
97686
97686
97686
97686
97686
97686
97686
97898
97898
97898
97898
97986
97993
99109
99396
101017
102316
102441
102586
102666
102819
102819
102820
103628
103700
104417
104699
104774
104863
104931
105031
105503
106286
106866
107535
107784
107807
107810
107816
107979
109241
109556
109625
110486
110954
111229
111237
111240
111240
111240
111240
111408
111473
111481
111865
111951
112707
112986
112986
113052
113399
113407
113425
113647
113664
113685
113685
113685
114009
114031
114370
114370
114419
114477
114634
114829
114833
114838
114838
114838
114838
115367
115852
116810
116810
