964
1142
1143
1179
2776
2862
2862
2862
2862
2862
3418
3418
3654
3987
4512
4536
4945
5482
6194
6194
6511
7119
7830
8500
10656
11114
11339
12194
12524
12612
12844
12881
12881
12881
13521
13816
13838
14439
14480
14621
15186
15260
15666
15841
16403
16403
16697
17774
18132
18289
18403
18814
19247
19364
19364
19364
19395
19511
20128
21860
21860
21867
21939
21961
22033
22072
22072
22340
22397
23321
23528
23840
24222
24455
24627
25005
25090
25272
25308
25394
25487
25708
25850
26377
26845
26845
26847
30012
30204
30644
30646
30646
30658
30674
30744
30947
31051
31052
31604
31658
31828
33934
34149
34191
34191
34785
34785
35163
35313
35959
36142
36184
36262
36272
36421
36477
36872
37122
37170
37170
37228
37262
37328
37415
37816
38173
38185
38207
38281
38293
38807
38807
38810
38839
38839
38839
39365
39561
39681
39691
39860
39913
40065
40065
40065
40103
40256
40276
40822
40848
41380
42120
42672
43169
43169
43169
43169
43169
43169
43171
44349
44423
44423
44423
44486
44486
45589
45665
45665
45665
47328
47454
47454
47454
47506
47529
47529
47851
48852
48855
50786
50873
50873
50873
50875
52102
52400
52406
52464
52535
52670
53542
53542
53542
53697
53697
54188
54302
54546
54678
54695
54822
54835
54885
55032
55075
55075
55204
55260
56399
56876
56933
57031
57031
57031
57170
57181
57263
57494
58672
58672
58715
58944
60319
60471
60493
60493
60603
60747
60766
60851
60934
60968
61096
61096
61225
61225
61225
61225
61225
61336
61895
62239
62270
62312
62333
62333
62529
62960
63873
63998
63998
64343
64343
64343
64343
64343
64534
65217
65320
65478
65665
65665
65820
65820
65826
65886
66043
66043
66265
66804
66968
67600
67629
67795
68399
68399
68413
69068
69069
69866
70045
70489
70706
70794
71011
71024
71060
71607
73260
73428
74087
74093
74093
74093
74093
74093
74093
74799
74799
74817
74824
75053
75294
75299
75660
76245
76245
76862
76973
76986
77023
77033
77033
77784
77784
77982
78468
78569
78718
78758
78846
79211
79667
80349
81257
81257
81590
81612
81792
81820
82142
82308
83301
83364
84528
84716
84841
84841
84983
84983
84989
84989
84989
84989
84989
85642
85805
85978
85993
86024
86024
86142
86210
86210
86296
86413
86501
86574
86583
86583
86976
86976
87742
87828
88075
88075
88176
88176
88614
88844
88928
89742
89759
90285
90603
91184
91184
91184
91184
91267
91299
91307
91343
91383
92901
93224
93354
93354
94848
94906
95706
96190
96190
96196
96514
96757
96847
98830
98860
99396
100117
100438
100691
100752
100752
100970
101790
101927
101929
102057
102442
103033
103562
103564
103604
103615
104183
104894
106872
107030
107058
107807
107812
108085
108207
108872
108906
108928
109196
109281
109301
109636
109636
109640
109717
109875
109965
110158
110445
110486
110486
110690
110723
110723
111240
111440
111456
111473
111473
111589
111735
111951
111953
112525
112598
112598
112850
113052
113685
114276
114276
114370
114373
114654
114829
114838
114936
114936
114936
114936
114936
115358
115777
115852
116651
116651
116651
116651
