1179
1259
1510
2157
2729
3489
3489
3558
3559
3885
4204
4204
4204
4211
4361
4765
4827
4828
4828
4829
4937
4937
5250
5358
5400
5749
5824
5886
6123
6364
8681
8839
8839
9085
9353
9527
10589
10885
11226
11232
11232
11232
11232
11281
11441
11804
12156
13585
13740
13740
13740
13740
14120
14480
14629
14800
14800
15378
16660
17095
17510
17707
17912
17912
17937
17937
17937
17937
17982
18024
18024
18196
18196
18202
18245
18317
18564
18597
19364
21522
21536
21536
21860
21867
21935
21939
22072
22523
23499
23499
23499
23502
23552
24289
24918
24938
25540
25711
25712
25996
26298
26551
26954
27022
27142
27216
27475
27502
27627
29562
29770
31022
31604
31641
31744
32262
32320
32628
32628
32628
32628
32628
32702
32766
32808
32825
33202
33485
33485
33485
33576
33816
34598
34721
35593
35666
35667
35676
36214
36772
36772
36772
36772
36772
36816
36819
36820
37138
37138
37713
38076
38185
38185
38553
38642
39393
39393
39471
39518
39521
39666
39667
40276
40278
40406
40995
41152
41329
41672
41923
42023
42111
42112
42114
42672
43049
43049
43169
43178
43266
44698
44698
44719
44719
44719
44769
45289
45405
45415
45424
45515
45515
45515
45515
45515
45584
45665
45665
46721
46811
47097
47393
47395
47395
48136
48385
48404
48483
49154
49763
50361
50361
50588
50891
52004
52051
52099
52731
52731
52731
52733
52755
52796
53542
53542
53564
54007
54588
54588
54588
54588
54651
54962
55329
56223
56421
56933
57170
57170
57170
57175
57903
58715
58715
58750
59148
59170
59170
59545
59573
59805
60007
60007
60427
60510
60907
60989
61096
62096
62097
62303
62333
62606
63811
63974
63998
64343
64414
64836
65097
65292
65295
65295
65886
66043
67152
67408
67421
67863
68076
69069
70571
70576
70577
70595
70595
70595
70595
70595
70595
71011
71011
71041
71493
71496
71496
71997
72898
72921
72973
73190
73216
73216
73308
74546
75156
76973
76973
77033
77305
77305
77614
77623
77640
77838
77839
77903
78197
78197
78197
78378
78529
78636
79027
80068
81783
82489
82489
82564
82945
83535
83681
84353
84841
84989
84990
84990
84990
84990
86117
86299
86367
86825
86825
88176
88176
88209
88307
88644
88724
89107
89111
89742
89825
90064
90064
90065
90285
90530
90578
90674
90674
90691
90724
91132
91132
91143
91184
91184
91184
91377
92056
92211
92232
92232
92232
92234
92234
92234
92234
92234
92344
92522
92731
93098
93098
93224
93355
93355
93355
95261
95617
95819
97364
98512
99212
100593
101238
101361
101928
103292
103583
104376
104395
104458
104458
104459
104459
104468
104468
104985
105116
105503
106272
106911
107410
107571
107835
108696
109362
109408
109717
109717
109965
110350
110723
110991
111061
111169
111459
111459
111473
111498
111590
112025
112053
112053
112235
112523
112598
112808
112986
113052
114170
114170
114171
114365
114370
114390
114477
114567
115009
115022
115022
115022
115022
115022
115318
115394
115565
115565
115565
116074
116086
