1491
1908
3603
3885
4657
5156
6512
6512
6512
6512
6512
6512
6512
6512
6512
6512
6512
6512
8667
8667
8730
8948
9235
9465
9492
10184
10453
10660
10660
10660
11497
11513
11572
12332
12515
12659
12881
12920
12935
13103
13368
13759
14486
14767
14885
15395
16091
21773
21773
21860
21860
22322
23058
23480
24289
24487
24504
24938
25914
25914
27242
27901
30148
30875
31022
31023
31023
31259
31497
31497
31582
31583
31807
33859
34797
34797
39170
39837
40065
40717
41139
41164
41164
41168
41470
41593
41928
42028
42033
42033
42682
43421
44397
45033
45277
45684
47895
47901
49047
50536
50873
52924
53531
53797
53808
54632
55024
57175
57708
57780
57780
57976
58080
58414
58414
58715
58761
58806
59572
59739
59755
60007
60007
60410
61003
64010
65665
65665
65683
69068
69069
69942
70891
71018
71018
73260
73260
73577
73806
73971
78326
78561
78561
78561
79976
80753
81206
82617
82617
82617
82619
82619
82624
82624
82624
82624
82636
82641
83834
84252
84526
86997
87337
87742
88176
88176
88187
89108
89280
89737
90279
90280
90280
90674
90685
91575
91589
91700
93096
94551
94931
94987
96632
96632
96632
96756
96801
96801
96803
96841
97467
98701
101241
101241
101241
101241
102819
103628
103677
104166
106340
107533
107535
108620
110655
111110
111548
111548
111548
111548
111549
111572
111950
112231
112340
113392
113392
113685
113685
113685
113687
114370
114739
114742
115318
115422
115565
115571
115949
116077
116346
116450
