207
1090
1661
1896
3532
3532
3603
3878
4765
5365
5434
5564
5841
7291
7328
7745
7745
8270
8310
8385
10047
10312
10312
10324
10330
11451
12572
12696
12805
12935
12962
13232
13409
13706
13740
14259
14420
14480
14482
14562
14596
14628
15079
15298
15357
15622
15622
15644
15917
16006
16271
16301
17311
17321
17384
17493
17493
17912
18367
19156
19331
19338
19598
19720
19899
19935
20390
20501
20501
20501
20501
21035
21265
21349
21773
21773
21807
21860
21881
21958
22020
22072
22344
22931
22931
22931
22977
23081
23321
23321
23454
23491
23502
23502
23528
23528
23528
23528
23528
23644
23895
25272
25693
25708
26120
26138
26291
26297
26304
26547
26564
26573
26763
27536
27627
27806
27901
27901
27901
28079
28365
28365
28583
28970
28973
28973
28995
29013
29016
29247
29286
29289
29318
29329
29374
29453
29564
29714
29808
29854
30012
30152
30167
30229
30229
30656
30905
31259
31259
31314
31321
31322
31398
31399
31719
32320
32418
32608
32628
32705
32770
34055
34109
34125
34149
34159
34776
35163
35163
35189
35791
36123
36140
36707
36707
36820
36847
37088
37102
37517
37538
37542
37542
37542
37542
37542
37542
37542
37542
37544
38170
38185
38185
38187
38204
38807
38901
39258
39561
39562
39837
39857
39933
40007
40007
40036
40050
40276
40576
40691
40691
40703
40717
40848
40873
40986
41129
41325
41514
41700
41989
42283
42682
43320
43458
43575
43632
43977
44197
44197
44413
44479
44488
44501
44695
44833
45415
45629
45909
49154
49221
49277
49349
50447
51273
51307
51307
51307
51753
51954
51964
52073
52177
52187
52410
52755
52755
53496
53531
53535
53802
53802
53815
54505
54913
55823
56495
56636
56636
56684
56696
56696
56714
56721
56731
56774
57175
57175
57943
58756
58918
59197
59755
59762
59783
59908
60041
60469
60499
60991
60998
61114
61680
61702
62061
62194
62436
62618
62729
63048
64778
65078
65097
65289
65665
65665
65665
65683
66019
66021
67100
68220
68408
68408
68478
68663
68675
69069
69069
69069
69106
69136
69321
69483
70030
70165
70575
70772
70902
71018
71545
72155
72155
72488
72516
72529
72529
72529
72805
72988
73160
73179
74724
74824
76145
76375
77488
77540
78319
78391
78391
78820
79174
79980
79980
80804
81286
81504
81919
83342
83366
83529
83834
84150
84460
84569
85236
85256
85643
85655
85655
86300
86877
86956
87387
88209
88262
88644
88831
88831
88831
89318
89336
89434
89498
89550
89627
90285
90513
90578
90674
91159
91456
92205
92732
92963
93170
93324
93326
94328
94649
94726
94785
94850
95692
95693
95757
95757
95838
96442
96639
96642
96652
96674
96674
96674
96674
96757
97364
97853
98893
98893
98893
98898
100107
100653
101012
101012
101209
101238
101878
102425
102491
102819
102888
104261
104262
104404
104409
104466
104500
104595
105251
105577
105858
105878
106062
106269
106269
106401
106922
107221
107362
107374
107674
107807
107811
107823
108351
108906
109214
109709
110882
111061
111061
111110
111392
111408
111459
111791
111791
112383
112536
112536
112541
112591
112607
112610
112766
112850
113487
113582
114364
114626
114723
114723
114723
114788
114838
114838
114843
114858
115655
115757
115777
115794
115794
115811
116186
116637
