891
1208
1291
1372
2862
3148
3148
3148
3148
3558
3582
4378
4378
4621
4767
5099
5770
5824
5843
5886
5949
6601
6759
7328
7681
8632
8893
8916
9320
9442
9614
9633
9979
10386
11382
11441
12370
12471
12534
12626
12765
12765
12829
12881
12881
13093
13220
13541
13599
13838
13849
13849
13849
14117
14253
14259
14259
14677
15079
15365
15365
15920
17095
17303
17843
18280
18340
18564
18564
18564
18574
18725
18725
18725
18727
18820
18820
19599
20592
20592
20592
21773
21860
21860
21976
22010
22076
22285
22344
23233
23417
23505
24020
24100
24100
24428
24455
24456
24637
24872
26298
26847
26847
26847
27250
27400
28362
28411
29211
29211
29211
30000
30144
30296
30438
30856
30882
31022
31395
31454
31604
31641
31641
31641
31641
31660
32320
32320
32320
32769
33485
34149
34776
34830
34981
34988
35230
35445
35693
35791
36617
36650
36820
36917
37233
37233
37415
37415
37417
37517
37715
38173
38486
38642
38807
38839
39166
39280
39537
39585
39717
39717
39750
39863
39894
39940
39940
39940
40053
40380
40498
40662
40703
41152
41204
41476
41703
41800
41979
41991
42132
42161
42283
42402
42576
42665
42924
42958
42981
42984
43169
43458
44006
44488
44695
44695
44695
44698
44698
44698
44698
44698
44698
44698
44698
44698
44698
45051
45157
45536
45603
45664
45730
45803
45820
45909
46664
47562
48069
48123
48385
48521
48560
48751
50588
50816
51613
51753
51830
52224
53531
53535
53542
54085
55296
55357
56221
56223
56303
56636
56933
57743
57940
57940
59183
59545
60319
60427
60427
60789
60906
60911
60934
60972
60972
60972
60980
60980
61217
61815
61911
62233
62239
62765
63494
63998
63998
63998
64191
64191
64425
65080
65097
65665
65793
65820
65886
66043
66043
66043
66043
66043
66043
66825
66859
66866
66866
66866
67212
67782
67795
67940
68400
68522
69069
69069
69069
69069
69076
69340
70293
70941
71011
71011
71544
71545
72412
72599
73136
73263
73263
74025
74671
74799
74799
74799
74799
74799
74799
74799
74799
74799
74799
74799
74824
74824
74929
74987
75551
75551
75756
75762
75836
75837
76802
76929
76990
77577
77577
77613
78274
78312
78561
78561
78564
78960
78960
78960
78960
78977
78993
78993
78993
78993
79685
79729
79930
80159
80209
80209
80211
80213
80735
80753
81039
81251
81946
82009
82009
82695
82931
83002
84432
84526
84526
84528
84789
84841
84989
84989
84989
84989
84989
84989
84989
84989
84990
85655
85814
85860
86367
86367
86831
86831
86997
86997
87625
87625
88176
88176
88209
88407
88831
89759
90125
90132
90231
90685
90864
91007
91184
91740
92001
92956
93096
93210
93875
94780
94785
94848
94915
95700
96050
96550
96550
96550
96550
96553
96558
96744
96767
97467
97968
98376
98376
98376
98525
98860
99443
99589
100912
101012
101031
101239
102097
102490
102490
102491
102491
102491
103033
103033
103078
103079
104159
104792
104798
105987
106193
106621
106950
107301
107301
107807
107811
107824
107829
107829
107829
107829
107892
109072
109651
110318
110865
110978
110987
110987
110989
110991
111459
111950
111950
111951
111960
112169
112523
113052
113983
113983
114136
114142
114362
114833
114874
114927
115367
116456
116478
116651
