1042
2788
2862
2862
2862
3120
3831
3831
4363
4512
4821
4945
5039
5460
6582
6601
6984
7184
7206
7576
7628
7931
8077
8432
8844
9313
9573
9815
11232
11314
12015
12505
12505
12881
12962
12962
12962
13232
13237
13308
13838
13838
14072
14163
14235
14299
14603
14606
14606
15079
15079
15079
15166
15399
15822
15822
16120
16121
16271
16301
16527
17497
17912
17912
18196
18196
18202
18367
18522
18522
18574
19364
20264
20288
20596
21860
22087
22087
22344
22454
23293
23321
23321
23321
23324
23491
23528
23528
23528
23528
23552
23552
23830
24488
25005
25039
25272
26120
26334
26763
26944
27218
27287
27501
27502
27627
27627
28035
28218
28227
28794
28794
29211
29211
29450
29745
29763
30220
30229
30458
30502
30644
30913
30913
30913
30913
30919
31023
31285
31831
32159
32320
32564
32628
32628
32628
32628
32628
32680
32792
34336
34716
35698
36160
36273
36350
36350
36809
36815
36819
37384
37384
37384
37384
37384
37384
37400
37535
39226
39251
39308
40050
40065
40272
40276
40300
40467
40703
40847
40847
40995
40995
41016
41152
41181
41205
41328
41721
41734
41979
42023
42177
42639
42664
43114
43420
43575
43629
44165
44413
44452
44479
44551
44586
44833
45409
45410
45584
45603
45664
47665
47864
48123
48123
48855
48881
49151
49151
49152
49152
49152
49152
49260
49277
49284
49313
49763
49773
50443
50770
51328
52187
52408
52518
52868
53496
53531
53531
53531
53542
53597
53616
53645
53802
54354
54354
54374
54678
54732
54938
54972
54989
55241
55357
55570
55685
55685
55827
55924
56873
57031
57155
57170
57514
58806
59134
59454
59545
59711
59711
60493
60603
60603
61096
61680
61739
61852
62618
62618
62618
62618
62749
62749
62765
62850
63260
63268
65080
65080
65284
65284
65665
65665
66043
66043
66265
66265
66282
66804
66804
66832
67100
67100
67100
67100
67148
67783
67829
67940
68011
68011
68024
68025
68055
68055
68399
68408
68419
68519
69379
69847
69847
70048
70048
70293
70706
71398
71536
71901
71931
71934
72368
72582
72636
72898
73109
73160
74065
74091
74095
74174
74174
74174
74174
74174
74174
74174
75271
75762
76814
76973
76973
76973
77030
77228
77623
77623
78197
78202
78326
78326
78326
78326
78344
78636
78674
78960
78960
78960
78960
79786
80753
80804
81251
81527
81820
81968
83998
84435
84654
86825
86831
86831
87716
87968
88147
88209
88209
88319
88845
89121
89121
89121
89434
89604
89822
90125
90132
90280
91497
91657
91805
91805
91806
92211
92308
92510
92731
92963
93096
93224
93539
93539
93539
93590
93590
93618
93631
93634
93634
93634
93634
93634
93634
93714
94353
96027
96756
97467
98277
98860
99174
99216
99328
99396
99735
100053
100942
100992
100992
102213
102214
102306
102820
102964
103033
103582
104187
104279
104820
104918
104918
105081
105144
105153
105884
105905
105965
106130
106163
106163
106163
106164
106164
106776
106890
106929
106950
107058
108207
108700
108928
109157
109193
109288
109349
109625
109717
109717
109717
109719
110841
111240
111240
111473
111957
111960
112224
112620
112842
113085
113246
113257
113685
113687
113687
114136
114136
114706
114843
114985
115102
115218
115318
115397
115484
115852
116075
116651
116675
