2850
2897
3558
4122
4122
4821
5648
5877
9874
14085
14594
16686
16687
16687
17793
17793
17793
18576
23233
23233
23502
23502
23502
23528
24061
24062
26845
26847
28184
29091
29738
31817
37366
37366
37366
37415
37654
40420
40472
42256
44161
48104
48104
48199
48590
50873
50873
51201
55071
55357
58643
62233
62233
62286
63979
64157
64291
65665
65665
65665
65848
65848
65857
66344
66344
71056
71057
72849
75101
75101
75101
76272
76808
76812
77305
77306
79194
80070
80085
81005
82045
82058
82058
84783
84981
85507
86616
86831
87686
88176
88724
89805
90132
90132
92731
94045
100934
104243
104352
104786
105856
105856
110151
111264
111264
111459
111473
112194
