2041
3601
3603
3603
3699
3699
3831
3885
4237
4759
4937
5335
5356
6161
6327
6825
8561
8960
9498
9662
9937
10146
10146
10676
12653
12935
13838
13838
14117
14242
14680
14686
16091
16287
16301
17058
17058
17493
18196
18522
18681
18775
18777
19364
19364
19720
21686
21849
21967
22010
22010
22076
22568
22674
22896
22897
23058
23233
23321
23499
23502
23528
23528
23851
23851
25272
25319
25363
26569
26845
26847
27256
29281
29289
29378
29378
29462
29751
30053
30167
30912
31322
31324
31347
31399
31402
31467
31658
31836
31836
32216
32294
32294
32320
32320
32320
32320
33246
34566
35397
35971
36053
36505
36614
36681
36847
37384
37686
38076
39226
39396
39561
39691
39822
40007
40050
40198
40779
41091
41152
41593
41628
42186
42887
42994
43044
43169
43266
44256
44411
44479
44650
45289
45289
45388
45665
45705
45837
45958
45958
47476
47825
47882
48044
48123
48199
48257
48855
49132
49831
49831
50361
50365
51926
51941
52519
52755
53531
53531
53535
53542
53974
54911
55526
56227
56355
57170
57170
57175
57501
57941
58715
59454
59483
59560
59820
60510
60603
61920
61920
61966
62632
63269
63998
64729
64729
64836
65208
65653
65653
65665
65665
65665
65665
66340
66340
66340
66410
66553
67167
67421
67651
67932
67940
68506
69069
69866
70908
71011
71018
71024
71832
71851
72488
72637
73302
74691
74902
75837
75879
76511
76544
76940
77533
77539
77623
78636
78638
78960
79027
80735
81505
83392
83529
84526
84526
84526
84990
84990
84990
86349
86367
86372
86677
86831
87521
87668
87742
87778
87781
87835
88165
88176
88187
88187
88230
88831
88844
89434
89434
90125
90163
90280
90578
90603
91451
91451
92522
92569
93326
94150
94649
94673
94722
95155
95838
96514
96654
96654
96804
96847
97123
97467
99174
99175
102819
102819
102819
102819
103899
104043
104894
105248
105993
106879
107120
107571
107701
107807
107807
107807
107807
109155
109262
109556
110446
110539
110539
110723
111061
111061
111350
111712
111759
111794
112383
112383
112383
112386
112386
112391
112407
112427
112429
112767
112987
113052
113392
113425
113647
114114
114136
114142
114362
114362
114362
114525
114924
115318
115637
115757
115757
115761
116651
