1317
6892
8887
9337
9384
10495
10558
10558
10605
10617
10619
10676
10676
10676
10676
10676
10976
13154
13352
14480
14604
16120
17058
17058
17170
17176
17672
18522
18869
19215
20456
20456
21886
23480
23502
25511
26277
26334
27424
28989
28989
29349
29439
29439
29439
29482
30167
31023
33176
33934
34204
37374
41470
42112
42944
43043
43266
44719
44761
44761
44761
44956
44956
44960
45515
45515
45515
45515
45515
45515
45665
49143
49151
49277
50242
50867
50873
50873
50873
52521
52809
53496
53535
55715
55715
56225
56371
56565
57975
58865
59454
65665
65665
65665
69069
69069
69076
70957
71011
76592
76973
76973
77417
78391
78453
79729
81383
81407
83242
83681
84990
84990
84990
84990
84990
86232
86668
88176
89121
90279
90285
91039
91045
92076
92985
93096
93239
94551
94649
95611
95611
98878
99174
100611
100617
100760
100959
105878
107024
107629
107753
108770
109047
109851
110318
110446
110713
111110
111459
112598
115318
115473
