1108
1220
2837
3152
3600
3601
3603
4377
5425
5425
5707
5943
5943
5943
6145
8310
8432
8823
8844
9419
12430
12471
12612
12624
13706
13740
13740
13838
13838
13838
13838
13929
13929
14249
14257
14578
14980
15347
15347
16091
16091
16576
17185
17883
19024
19718
21807
21860
21860
21881
21881
21881
24428
24428
24638
25708
26102
26905
26905
26915
27399
30620
30916
31512
32153
33324
34759
34828
36809
36819
36819
36847
37417
37417
37417
37417
38061
38204
39561
39671
40036
40065
40717
40717
40728
40728
40728
41362
41462
41488
41979
42028
42038
42924
42924
42924
42924
42924
42924
42924
43169
44695
44695
44695
44698
44698
44698
45165
45673
49285
51139
52004
52004
53802
53802
54004
54199
54238
54278
54372
55225
55357
57031
57203
60380
60380
60380
60499
60507
60507
60507
60637
60637
60637
60637
60808
60998
61851
63998
64706
66055
66087
66293
66293
66294
67783
67932
68403
69795
70692
71011
71018
71018
72488
72896
74824
77402
81052
81661
84019
84019
85655
86413
87446
88176
88579
88592
88831
89636
90085
90285
91184
91995
92001
92001
92001
92956
93896
97482
98525
99880
100909
102487
102489
104153
105958
107829
109122
111458
112552
115773
116255
116499
