2728
2735
2735
3831
4937
5617
8149
8532
10495
10976
12920
13095
13534
13707
13803
13803
13803
13803
13838
13838
13838
13838
14730
14768
15488
16091
16347
16367
16458
18024
18417
18501
18501
18501
18501
18501
19607
19607
20465
21035
21035
21536
21536
21536
21597
21807
21881
21958
23279
23528
23528
23528
23552
24545
25272
26059
26059
26692
27216
28095
28115
28411
29378
29663
29665
30001
30166
30739
30875
30913
30913
31023
31333
31454
31454
31455
31840
32628
32628
32628
33934
33934
35248
35785
36707
36816
36816
36819
38167
38281
38464
39170
39170
39170
39480
39940
40498
40703
42224
43169
44486
44698
44698
44698
44698
44719
44719
44785
45405
45515
45515
45515
45515
45584
45823
47319
48666
50873
51307
53653
55612
55715
56495
56627
56627
56628
56628
56628
56638
56684
56789
56789
57031
57031
57031
57170
57170
57983
58393
60603
60767
62147
62147
62147
63078
63393
63979
64836
65293
65312
65427
65427
65665
65705
67753
67932
67932
68127
68420
69068
69068
69068
69340
69866
69866
70082
71018
71492
71717
72156
72974
74379
74379
74642
75514
75514
76511
76547
77820
77820
78284
78284
78997
79820
80433
81563
81955
83181
83181
83181
83681
84990
84990
84990
84990
85655
86831
86998
87006
88176
88176
88176
88176
88176
90061
90061
90064
90064
90064
90064
91039
91184
91184
92991
93235
93967
96744
96744
98221
98221
99396
100101
100728
100757
100818
102057
102057
104159
105364
106490
106524
106606
107023
107024
107156
107815
107835
108207
108881
109045
109155
109875
110138
110374
110446
111018
111185
111240
111618
111951
112523
112541
113392
114320
114838
115318
115565
115672
116390
116394
