4765
4798
5281
5465
5655
6190
7928
7931
8093
8913
10047
10263
10264
10887
10888
10888
11519
12315
12449
12505
13263
13611
13612
13740
14661
14732
15140
15284
16287
18323
18324
18325
18574
18656
18776
19364
19364
20103
22068
22068
23321
26301
27095
27115
27951
30011
30053
31633
31655
31658
31658
31658
31658
32628
34566
34566
34566
35293
36594
36949
36972
36977
36995
37415
37486
37486
37486
37486
37486
38642
38642
39093
39471
39933
42640
43086
44650
44683
44695
44695
45665
48672
49143
50281
50680
51525
51525
52650
54277
54319
54319
54319
55081
55081
57555
57712
59247
59541
59572
61231
62606
67152
67406
67406
67409
67422
67422
67795
68408
68415
69054
69054
69054
69054
71466
72488
72977
74712
76680
76680
76680
76680
76712
80110
81622
82048
84990
85071
86987
88176
88176
88187
89340
89760
89760
90280
90674
90674
90674
91045
91184
92000
92908
93192
93282
93282
100562
100562
102417
102769
105156
105156
105184
106525
107319
107856
108845
108856
109158
109375
112438
113425
113425
113425
113666
113685
115596
116347
116758
