41
2074
3849
3927
4120
4528
4659
5123
5620
5824
5887
6604
6661
7931
8093
8118
8310
8945
8945
8945
9289
9289
9435
9500
9914
10330
10994
11441
11523
11573
12378
12409
13183
13309
13434
13491
13706
13740
13740
14439
14439
14574
14575
14575
14628
14633
14978
15315
15369
15980
15980
15994
16271
17305
17383
17716
17912
18196
18418
18496
18522
18522
18522
18522
18522
18522
18522
18522
19024
20430
20501
20506
20546
20654
21261
21773
21807
21807
21860
21881
22010
22072
22296
22302
23168
23170
23321
23321
23321
23321
23321
23480
23480
23499
23528
23528
23528
23636
23636
23840
24457
25415
26301
26559
26571
26571
26571
26585
27047
27220
27901
28583
28585
28700
28700
28700
28721
28973
28973
28973
28973
28973
28987
29004
29010
29109
29309
29368
29378
29397
29397
29453
29564
29866
29927
30144
30152
30167
30217
30217
30220
30229
30296
30438
30647
30700
30854
30854
30856
30856
30913
30919
31080
31455
31583
31871
31962
32005
32050
32217
32309
32311
32312
32557
32628
32680
32702
32740
33203
33781
34451
35187
35187
35496
35505
35606
35771
35975
36001
36143
36395
36412
36614
36628
36629
36635
36636
36650
36650
36650
36947
37068
37108
38189
38618
38807
38924
39121
39244
39251
39654
39933
40441
40441
40441
40474
41113
41204
41329
41489
41853
42111
42183
42319
42948
43169
43490
44145
45405
45405
47355
47574
47631
48385
48666
49088
49143
49143
49260
49369
49854
50366
50873
51238
51308
51615
51636
51962
51999
52035
52110
52115
52297
52300
52731
52755
53496
53531
53531
53531
53535
53535
53535
53542
53802
55337
55703
56296
56554
56584
56674
56674
56684
56698
56719
56725
56725
56725
56726
56739
57265
58393
58395
58643
58715
58728
58756
58855
58889
58894
59755
59755
60253
60253
60348
60368
60370
60410
60427
60472
60603
61349
61350
61441
62055
63393
63760
63772
65094
65097
65097
65097
65097
65097
65097
65097
65665
65665
65665
66742
67119
67152
67234
67254
67304
67370
67477
67477
67613
67826
68019
68238
68323
68420
68420
68530
68661
68910
69069
69568
69571
69718
69866
70165
70296
70891
70957
70978
71200
72155
72184
72488
72498
72744
72976
73074
73074
73274
74642
75053
75511
77733
78529
78561
78570
78600
78998
79890
79976
79976
79976
80565
81135
81303
81466
81916
82330
82593
82922
82934
84526
84526
85202
86045
86108
86997
87006
87742
88151
88262
88267
88282
88378
88644
90280
90280
90280
90280
90674
90691
90746
90981
91051
92731
92731
92731
92731
92746
92879
93326
93502
93507
93509
93620
93622
93851
94649
94686
94715
94812
95605
95793
96654
96674
96674
96756
97792
97843
98222
98286
98893
100287
100752
100801
100801
100912
102493
102792
102819
102908
103033
103033
104271
104896
105144
105504
105599
105703
105703
105707
105998
106231
106346
106525
106804
106814
106926
107116
107892
108348
108760
108835
108856
110318
111061
111061
111063
111063
111068
111240
111408
111660
111704
111950
111950
111952
111953
112089
112517
112598
112598
112641
113101
113180
113829
114136
114370
114574
114576
114723
114727
114731
114838
114838
114838
114838
114838
114843
115318
115408
115416
115796
115802
116074
116088
116321
116347
116625
116758
116760
