558
662
1067
1475
3600
3929
3976
4096
4124
4827
5025
5084
5365
5582
5617
5619
5886
6167
6893
9696
9754
9795
10046
11089
12507
12701
12920
12935
13217
13706
13706
13740
14291
14562
14578
14627
14805
14816
15079
15630
16006
16091
16271
16287
16287
16301
17231
17497
17912
17982
18024
19151
19720
19935
20469
20501
20802
21265
21860
21867
21963
22020
22020
22020
22072
22344
22344
22523
22577
22931
23058
23108
23210
23279
23321
23417
23491
23528
23528
23528
23840
23840
23840
24489
24637
25693
25708
26120
26138
26291
26511
26572
26587
26593
27059
27246
28365
28426
28491
28583
28730
28973
28973
28992
28995
28995
29052
29247
29318
29329
29378
29378
29378
29450
29453
29504
29564
29736
29889
30003
30229
30229
30229
30229
30535
30688
30772
30800
30812
31321
31347
31399
31454
31460
31719
31831
31983
32002
32409
32418
32704
32705
32771
33202
35163
35187
35588
35791
35927
36152
36681
36820
36947
36977
37058
37102
37228
37517
37542
37542
37542
37542
37542
37542
37542
37544
37591
37591
37930
38185
38204
38676
38811
38839
38932
39717
39837
40007
40433
40576
40691
40691
40703
40873
40902
41020
41152
41152
41202
41328
41349
41471
41721
41995
42023
42033
42301
42357
42674
43177
43186
43487
43491
43573
43575
43575
43629
43631
43992
44197
44405
44448
44448
44488
45649
45909
46022
46151
47906
47906
48019
48123
48123
48483
48594
48594
49277
49285
49285
50441
50588
50873
50895
51203
51307
51345
52035
52164
52318
52410
52731
52755
52755
53802
53802
55455
56223
56484
56557
56636
56684
56684
56684
56684
56719
56731
56778
57743
57998
58286
58715
58715
58896
58910
59759
60427
60499
60603
60885
60993
61096
61119
61336
61655
61680
61920
62435
62437
63046
63348
65095
65289
65665
65665
65820
67711
67715
68002
68002
68219
68323
68408
68408
68420
68477
68507
69069
69069
69341
69571
69866
70165
70357
70575
70618
70902
71011
71018
71526
72155
72155
72158
72488
72681
72994
73034
73061
73160
73823
73983
74645
74645
74645
75156
76145
76275
77033
77269
77401
77486
77488
77489
78203
78960
79976
80804
81297
81495
81504
83013
83312
83366
83528
83834
84189
84526
85372
85566
85575
85651
85655
85974
86413
86673
86675
86831
86997
87070
87081
87387
87387
87610
88055
88568
88644
88746
88831
88844
88844
89432
89627
89632
89662
90089
90157
90328
90513
90674
90685
91159
91612
92114
92232
92234
93224
93326
93342
93477
94649
94649
94692
94785
95447
95854
95924
95985
96646
96697
96697
96744
96744
96757
96847
97027
97378
98882
98892
98892
98893
98893
98910
99863
100638
100660
101012
101012
101507
101681
101768
101924
102204
102425
102487
102491
102506
102625
102819
102819
102888
102978
104091
104117
104117
104251
104271
104378
104459
104460
104491
104491
104627
105169
105248
105248
105298
105577
105599
105878
105958
106039
106227
106401
106525
106839
106917
106922
107629
108351
108549
108560
108567
108621
108771
109719
109720
110539
110978
111072
111392
111409
111459
112536
112598
112607
112842
112842
112850
112855
113019
113828
114170
114370
114390
114574
114578
114721
114735
114786
114838
114838
114838
114838
114843
114924
115318
115777
115794
116186
116414
116585
