2686
2687
2688
2688
2689
2690
4065
4065
4065
4065
5584
6165
7206
8073
8221
9953
10016
11758
12182
12281
12505
13106
17497
18522
18522
22010
22999
23363
23475
23492
24180
26676
27520
29247
30003
30230
30449
30993
31017
32702
33143
37312
37734
39550
39589
40062
40304
40378
43169
44411
44818
48257
48951
49718
50873
51895
52868
52868
54189
54589
58658
58660
59543
60510
61217
61336
61341
61412
65059
65886
66043
66086
66087
66103
67054
67782
72169
73242
73389
73678
77031
77623
77623
77623
77624
77635
78960
86831
88209
88209
89165
92000
92000
92534
92956
93235
95802
96830
99546
102633
103057
105351
105353
105353
105356
107716
107784
111061
112053
112987
114142
114336
115135
116088
