1426
1895
2347
2347
2347
3600
3811
3831
3885
3922
4529
5003
5308
5556
6123
6214
8063
8886
9492
9754
9816
12075
12205
12209
12569
12881
12899
12935
12959
13093
13105
13287
13740
14107
14204
14332
14482
14574
14578
14980
14980
14980
14980
14980
15239
15347
15730
16099
16105
16310
17171
17171
18095
18522
18522
18522
18522
18522
19397
21807
22020
22113
22523
22524
22934
22980
23233
23480
24098
24100
24100
24222
24456
24484
25364
25364
25540
25708
26063
26120
26376
26376
26845
27393
27535
28362
29117
29247
29247
29247
29472
30012
30605
30647
31197
31347
31357
31604
31604
31604
32936
33294
33311
33871
34191
34773
34773
36819
36820
36847
38204
38323
38807
38839
39270
39333
39561
39837
40007
40463
40463
40478
41163
41267
41275
41550
41550
41979
42028
42028
42041
42094
42112
42784
42973
42993
43169
43266
44197
44407
44448
44833
44957
44958
45183
45409
45673
45909
46114
46145
46145
46491
46491
46491
46491
46491
46720
47736
48083
48083
48083
48123
48123
48123
48518
49079
50589
51630
51716
51716
51718
51718
51718
51808
52004
52187
53536
53536
53542
53803
53818
55225
55357
56223
56225
56229
56243
56244
57092
57578
57770
57941
57944
57949
59545
59614
60410
60457
60457
60469
60469
60510
60968
60972
60973
61096
61710
62269
62284
62606
62631
63243
63243
63253
63260
63268
63998
64483
65080
65665
65665
65948
65948
65948
65951
66043
67131
68419
69069
69069
69069
69780
69795
70489
70618
70618
70891
70891
70891
70891
70905
70905
70905
70905
70905
70905
70905
70905
70905
70905
70946
70948
71011
71018
71266
71496
71620
72155
72155
72158
72214
72494
72494
72896
72898
72898
72902
72908
73260
73428
73449
73667
73896
73898
74699
74714
75129
76116
76671
76813
77033
77433
78312
78312
78316
78316
78326
79330
80171
80693
80753
80753
80762
80790
80790
80804
80867
80882
80888
81007
81055
81055
81062
81064
82009
84434
85236
85236
85251
86417
86668
86704
87387
87387
87387
87387
87742
88209
88209
88209
90125
90743
91039
91184
91537
92271
92746
92746
92956
93096
93326
93326
93326
94184
94199
94253
94297
94415
94779
95802
95948
95962
95962
95962
96149
96394
96518
96830
98711
99175
99697
99697
99697
99697
99781
99781
99920
100089
100089
100089
100089
100554
100654
100752
100907
100965
102209
102209
102399
102558
102819
102819
102819
103301
104389
104389
104389
104476
104743
104896
105013
105080
105080
105113
105113
105116
105254
105493
105859
106190
106231
106402
106427
106485
106567
106577
106707
106900
107811
107811
108207
108764
108771
108771
108771
108771
108771
108822
108822
109041
109080
109155
109155
109193
109282
109282
110840
111061
111067
111070
111070
111590
112025
113407
113685
113685
114163
114163
114362
114364
114829
114843
114843
115170
115318
115318
115738
115802
116379
