1179
1992
3831
4639
4945
5190
5337
5482
6192
6601
6610
8184
8226
8653
9174
9526
9811
10495
11441
13220
13569
13706
14253
14439
14767
14884
15053
15232
15284
16122
16287
16925
17305
17501
17572
17774
17899
18501
18522
19219
19718
21860
21958
22010
22010
22075
22934
23058
23058
23321
23502
23840
23949
24020
25540
25711
25885
26006
26110
26275
26291
26406
26408
26845
26847
26913
26913
27183
27319
27371
27528
28110
28184
28362
28497
30012
30012
30063
30108
30203
30644
30800
30996
31017
31064
31357
31357
31455
31658
32628
32628
32628
33177
33177
33293
33294
34191
34191
34482
34532
35593
35791
36493
36577
37228
37228
37228
37281
37283
38465
38839
38839
38953
39166
39170
39505
39876
40007
40065
40065
40471
41152
41159
41853
41905
41979
41979
42036
44411
44479
44479
44492
44698
44698
45034
45388
45568
45569
45589
45665
45958
47043
47319
48123
48123
48385
49143
49276
54187
54187
54189
54465
54823
54895
55075
55357
55357
55698
56495
56503
56627
56627
56627
56684
56684
56774
56789
57031
57170
57170
57306
57499
57578
57578
57786
57786
57786
57786
57786
57792
57983
58943
59755
59756
59882
60183
60368
60972
60972
61024
61225
61225
61225
61230
61231
61336
61723
61815
61911
61911
62569
63979
63998
64343
64343
64425
65208
65289
65427
65427
65478
65665
66265
66610
66610
66610
67367
67405
67940
68076
68408
68821
69069
69084
69084
69303
70618
70706
70924
71041
71622
72994
73308
74379
74951
74951
76926
76973
77031
77034
78484
79274
80039
80516
81243
81854
81959
82009
82009
82039
82478
82851
83349
83827
84983
84983
84989
84989
84989
85827
86527
86564
86668
86825
86831
86831
87352
87742
87800
88165
88176
88176
88211
88574
88844
88844
89316
89475
89759
90089
90279
90280
90578
90691
90724
90746
91077
91184
91184
91184
91184
91197
91234
91362
91362
91362
91383
93224
93224
93354
94437
94465
95210
95620
95683
95948
96025
96813
96847
97008
97467
97482
98657
100813
101082
101095
102057
102057
102057
102975
102976
103010
103425
104135
104428
104636
105394
105398
105405
106033
106379
107678
108096
108311
108917
109032
109158
109198
110155
110374
110446
110486
111589
112853
113425
113689
114320
114370
114390
114652
115394
115597
116054
116456
116556
116585
