1179
1510
1516
2268
2379
2379
3603
4289
4289
5803
6123
6601
8799
9031
9936
10143
12165
12205
13109
13816
13838
13894
14978
16217
16237
18096
18308
18308
21860
22014
22081
22934
22934
22963
23233
23279
23499
23539
23539
25511
28095
28365
29211
29211
30011
30296
30659
30993
31022
31023
31965
32628
33159
33210
33312
36617
36642
38281
38807
39170
39505
39654
39902
39940
40065
40251
41152
41152
41979
43266
43420
46278
47319
50873
51754
52868
53010
53088
53531
53535
53542
54060
57499
57940
59292
59808
59811
60603
61096
61217
61217
61336
61336
62333
62765
63668
65684
67152
67152
67408
67415
67940
68283
68284
68284
68284
68285
68622
69069
69502
69503
69866
71011
76773
78561
78561
78636
80884
80897
81552
83348
83364
83681
84526
84526
84990
86124
86410
88176
88605
89434
90130
90280
92000
93096
93211
93324
93354
93874
94415
95857
96442
96550
97467
98879
99920
99971
102438
102491
104786
105144
108549
108943
109241
109866
110486
111108
111459
111459
112523
113685
114390
114684
115102
116651
