1273
1379
2770
2862
2915
3738
3832
3904
4428
4428
4814
6123
8349
8352
8352
8354
9257
9591
9953
9958
9958
12022
12568
13212
13350
13368
14249
14252
14531
14570
14826
14833
14898
15120
16093
16271
17028
18196
18196
18564
18564
18564
18564
18701
19669
19718
21558
21613
21773
22014
22896
23502
24289
24330
24763
24851
25514
25984
27263
28040
28040
28040
28040
29236
29237
29992
30875
30881
30881
31022
31023
31024
31333
32453
32453
32704
32959
33229
34598
34598
34598
34632
34770
34781
35571
35851
36820
37276
37808
39251
39711
39837
39913
39946
40198
40276
40471
40576
41121
41293
41721
41853
42124
42148
42639
43050
43449
44177
44695
44698
44698
44732
45909
47736
48123
50873
50873
51574
51615
52004
53887
53994
54319
54319
55018
57175
58286
58286
58715
59573
59573
59707
59713
59739
60972
60975
62779
62855
62855
62855
63815
63815
65081
65081
65250
65250
67385
67408
67408
67433
67783
67932
67932
67937
68002
68415
69076
69866
71018
72011
72155
73343
73667
73667
74699
74699
74714
75643
76485
76485
76485
76485
76485
76485
76511
77033
78016
78627
80790
81052
81139
81625
82871
83010
83834
84277
84290
84990
84990
84990
85883
85958
85958
85958
85958
85958
85958
85958
85958
85958
85958
85959
86501
86831
88176
88176
88176
88176
88176
88209
89318
90280
90280
91086
92000
92000
92000
92000
93405
93947
93968
97375
100086
100424
100632
100640
100652
100966
101212
101569
101630
101888
102491
103093
103093
103093
103093
103094
103155
103195
103440
103604
103604
104256
104270
105156
105364
105671
105674
105689
105689
105689
105691
105987
105987
106054
107010
107175
107175
107175
107175
107245
107807
108041
108729
108736
108772
108822
109373
109373
109375
109717
110396
110445
110723
110978
111951
112040
112041
112261
112261
112986
113052
114362
114370
115318
115394
115629
115801
115852
115852
115852
116176
116456
