2847
3418
4765
5482
7044
7198
10152
10589
10885
11089
11790
12369
12370
12370
12370
13315
13321
14253
14439
18357
19395
19397
19397
21536
23553
23636
26301
26847
29047
30881
31836
31962
33865
34159
34482
34554
36544
36895
37228
37243
37936
38308
43266
44486
45405
45584
48385
51895
51895
51895
52035
53850
54132
54247
54303
54303
54835
54896
54897
54899
54899
57031
57181
58943
58943
59666
61087
61182
61231
64114
64836
65665
65826
66319
66319
66319
66319
66319
67421
67421
67783
69675
69866
69934
70489
70489
71041
71776
71901
71902
73301
74799
74959
75559
75762
77030
78960
78960
78960
78960
78960
84990
86831
90064
90064
90674
91064
91110
91184
92056
93211
93326
97895
100653
100667
102057
102057
102057
102057
102057
103040
103625
107807
109674
111473
111620
112598
113425
115852
115852
