1872
1941
1970
1973
3885
4678
4765
4765
4765
4765
4765
4814
5697
7951
8248
9288
9750
12371
12423
12431
12607
12612
12827
12829
13740
13812
14521
14562
14730
14734
14838
14978
16105
16287
16639
16639
16639
16639
16639
16639
16639
16639
16641
17097
17097
17447
17447
17447
18574
18575
19428
19860
21935
21939
22793
22934
23075
23502
23502
23502
23636
23636
23780
25540
25726
25837
25838
25838
26301
26692
26715
26847
28076
29475
30588
30800
30800
30800
30814
30856
30856
30898
31023
31023
31127
31347
31347
31357
31361
31363
31604
31641
32115
32115
32115
34202
34785
35163
35678
35678
35678
35678
37138
37228
37252
37282
37808
38079
38080
39289
39663
39749
39837
40065
40065
40472
40623
40923
41328
41905
42576
42672
42816
43050
43072
43072
43072
43114
44405
44453
44485
44486
45262
45388
45388
47607
47630
47999
48123
49781
51201
51925
51925
52535
53030
53696
53696
54319
54691
54732
54822
54823
55260
55291
55433
55433
56224
56933
56933
57031
57137
57976
59548
60125
60167
60457
62523
63979
63998
64193
64193
64343
64343
64429
64534
65453
65665
65820
65886
65886
67772
67783
67783
67785
67803
67804
68002
68310
68539
69243
69460
69962
70057
70713
70713
71018
71736
71820
71902
71902
72190
73301
73308
73308
73308
73308
73346
73428
74799
74906
74959
74959
75059
75299
75559
76511
76544
76854
77034
77417
77417
77900
78960
78960
78960
78960
78997
80010
82466
82466
83058
83058
83242
83242
84076
84076
84526
84528
84789
84919
84990
84990
85139
85140
85329
85350
85350
85355
85874
86412
86501
86825
86825
86825
86825
86825
86825
86955
86955
86955
86955
87350
87350
88175
88614
90089
90280
90724
90727
90727
90732
91184
91184
91184
91212
91307
91362
91383
91383
91383
91383
93210
93326
93355
93819
93947
93947
93947
93947
94980
95198
96442
96596
96596
96744
98959
99546
99546
99546
99546
100382
102490
102701
105144
105824
105920
106289
106289
107611
107835
107856
108162
108388
108756
109717
110303
110303
110303
111240
112523
112985
112986
113392
113629
114276
114276
114833
114936
115933
116086
116456
116761
