3885
4799
4814
4814
4814
4951
5486
8058
8352
8678
8713
8718
9498
11979
12281
13602
13603
13603
13609
13609
13609
13609
13609
13610
13614
13803
15340
16287
17436
17436
18512
18564
18672
22344
22661
22668
22668
22668
26847
28411
31743
32628
32628
33312
33312
33457
33457
33457
33458
34159
34159
34482
34774
35230
38352
38642
39711
39717
39933
39989
40065
44486
44698
45390
46811
47319
51139
51794
51794
53535
53542
53802
55992
56168
59545
61217
61217
61217
67152
67167
67278
67406
67408
67408
67408
68530
69068
69775
74712
75559
79029
80742
82912
87152
87352
87352
87352
87352
88176
88187
88187
88187
88209
93361
93805
93899
94512
95618
95620
96014
96847
98708
101082
101082
101083
101083
101083
101083
101083
103069
103069
103069
103078
103081
103330
103330
103927
105174
105879
106553
107089
107716
108207
109373
110723
111002
112019
112513
112513
112613
112863
113425
115318
