1424
1800
1802
2379
2383
2383
2393
2393
2393
2611
2699
3600
3738
3764
3929
4621
5053
5315
5355
5722
5886
6410
6604
6825
7291
8093
9871
10134
10134
10134
10134
10757
12130
12130
12149
12659
12935
13817
13929
14178
14439
14447
14447
14452
14480
14480
14699
14730
15053
15173
15721
16053
17170
18269
19364
20073
20740
20741
20741
20741
20750
21773
21845
21845
21845
21849
21881
21881
21886
21963
22072
22076
22344
22384
23480
23499
23499
23502
23502
23502
23502
23502
23528
23528
23528
24085
24085
24098
24098
24098
24098
24098
24100
24102
24137
24137
24137
25394
25497
25707
25708
26692
26796
26796
26796
26796
26796
26796
27210
27220
27823
27890
27901
28104
28289
28844
28899
29233
29663
30220
30812
30881
31261
31454
31455
31455
31658
31658
31658
32320
32628
32628
32628
32680
33485
33833
33843
33844
34482
35830
35935
35980
36815
36847
38128
38281
38808
39837
40289
40498
41152
41152
41163
41270
41324
41329
42009
42327
42357
44946
45388
45410
45584
45665
45837
45909
46113
47736
48054
48123
49079
50875
50875
51517
51517
51517
51522
51525
52145
52518
52521
53531
53542
53542
53542
53542
53802
53816
54240
54240
54678
55212
55357
55357
55357
56259
56259
56371
56371
56933
56933
56938
57170
57170
57578
57717
58715
58715
59989
60410
60410
60426
60952
61595
61739
61739
61739
61739
61815
62043
62813
62990
63493
63701
63701
64343
64343
64482
65478
65665
65665
67099
67100
67152
67152
67278
67385
67843
67962
68068
68420
68797
69076
69303
69866
69957
70082
70891
71545
72488
72929
74331
75155
76135
76135
76554
76788
76814
77607
77623
78312
78728
78960
78960
78960
79273
79274
79500
80127
81774
82289
83349
84279
84990
84990
84990
84990
85814
86299
86656
86720
86831
86831
87045
87045
87045
87045
87045
87045
87057
87057
87057
87225
87227
87227
87259
87261
87271
87275
87748
87968
88176
88176
88176
88187
88209
88443
89432
89434
90061
90603
90685
91079
91740
92019
92449
92956
93455
94848
94848
94848
94848
94912
95282
95948
96756
97299
97346
97386
97602
98498
99498
99748
99748
100411
100691
102025
102638
103079
104197
104378
105248
106952
107807
107893
107893
108378
109281
110721
110723
111015
111015
111015
111240
111456
111458
111458
111458
111572
111951
111960
112555
112598
112842
112969
112986
113458
114320
114360
114364
114365
114365
114454
114654
115318
115422
115637
115974
116074
116651
116758
