1179
1388
2181
2192
3859
6248
6410
6601
6819
8397
9419
9589
10058
12773
12881
13725
13932
14803
16091
16091
16091
16271
16287
17445
18689
18691
18970
21958
22020
25272
25272
25272
25272
27995
28325
29081
29659
30000
30146
30495
30647
30688
30744
30758
31017
31023
31141
31357
31508
31641
31641
31641
32628
32628
32628
34149
37986
37986
37986
38185
38756
38807
39819
40065
40217
40472
41279
42028
43169
43904
44925
45640
45641
45650
45652
46334
46452
46452
49143
53490
53490
53717
53967
53967
54183
57943
59811
60968
61033
61096
61217
61920
61920
61921
61935
61954
61993
65066
65289
65665
68108
68108
68408
68412
68522
68523
68523
68530
68530
69069
69076
69568
69831
71135
71620
76126
76148
78960
78960
78960
78960
78960
78960
80728
81299
81528
83316
84821
85236
85236
85236
85241
88187
88187
88571
88571
88571
90014
90125
90125
90770
92731
92978
93257
93329
93405
96847
97123
97678
99859
100084
100086
103238
103604
103604
103616
104894
104896
105068
105369
105827
105939
106991
107517
108107
109014
109174
111459
112201
112219
113685
114320
115318
115318
115394
115782
115852
116821
