3579
3579
3579
3579
4765
6601
8221
9117
9724
10629
11390
12341
12774
13183
13479
14049
14439
14824
14884
15455
16312
17127
17521
17521
17675
19740
19740
19740
20016
20016
20016
22310
22344
22991
22991
22991
22991
22991
22991
24289
25396
26676
26676
27399
31467
32112
33816
34204
35228
36691
38281
38807
38807
39837
40065
40198
40836
40836
41853
42401
42712
42728
42779
42780
42793
43458
44340
45349
46415
46703
47095
47882
47882
48123
48972
49229
49431
49431
49431
49431
49431
49432
49432
49434
52868
52868
54530
57422
57422
57578
57667
57883
57976
59081
60507
60510
60556
62598
62741
63501
64986
65665
65684
66043
66043
66043
67278
68408
68530
68622
69719
74863
75477
75998
77067
77067
77067
77067
77067
77067
77143
77206
77228
78839
78839
78852
80085
80454
81063
81596
81596
83342
83364
84258
84446
84990
85739
86442
87225
87227
87968
88209
88210
88846
90458
91039
92000
92240
92569
92569
92885
93062
93355
93356
94061
94388
96025
96514
96744
96757
96847
96847
98326
98501
99332
100249
101913
102161
102161
102162
107382
107412
107807
107811
108822
108826
110398
110568
111015
111952
113425
114163
114505
115257
115330
115801
115801
116102
116223
116920
