938
2212
3636
4072
4614
4765
5179
5431
5770
5853
6123
6194
6284
6604
7439
7835
7874
7981
9427
9662
9914
10872
10872
10872
10872
10872
10877
10913
10913
11572
11572
12054
12055
12055
12227
12476
12773
12881
13105
13299
13740
13816
14555
14569
14627
14823
14838
14886
15309
15464
15722
16711
17493
18196
18771
18853
18869
21860
21860
22344
23279
23417
23499
23502
23505
23505
23528
23552
23636
23851
23949
24221
24222
24312
25091
25091
25091
25272
25708
26291
26291
26298
26609
26847
27621
28844
28844
28844
29676
30087
30148
30167
30170
30682
30682
31197
31258
31259
31259
31463
31641
31641
31641
31641
31657
31660
32110
32628
34149
34234
34482
34598
34598
34598
34598
35067
35571
36617
36650
36650
36691
37022
37233
37374
37374
37374
37374
37374
37374
37374
37374
37374
37374
37374
37374
37374
37374
37374
37374
37374
37375
37384
37417
37517
37693
37718
38204
38807
39099
39471
39829
39829
39837
39837
39837
40007
40007
40065
40065
40276
40464
40498
40532
40573
40573
40573
40576
40703
40995
41114
41152
41152
41152
41660
41670
41670
41782
41993
42186
42343
42623
42820
43010
43152
43152
43169
43169
43266
43441
43441
43633
43633
43816
43911
44105
44448
44472
44486
44651
45033
45111
45111
45589
46895
46929
47297
47919
48050
50361
50873
51754
52164
52224
52224
52837
52929
53154
53535
54303
54312
55425
55819
55828
55828
55828
55924
56223
56223
56259
56371
56371
56381
57175
57175
57208
57494
57609
57820
58011
58462
58948
59220
59545
59572
59573
60027
60603
61096
61217
61217
61747
61910
62043
62192
62192
62553
62569
62606
62685
64120
64120
64120
64120
64120
64534
64534
64534
64534
65665
65665
65665
65826
66043
66043
66473
67152
67278
67654
68399
68399
68399
68399
68622
68803
68803
68803
68803
69068
69068
69283
69283
69283
69283
69283
69283
69283
69283
69283
69283
69283
69283
69283
69290
69290
69290
69460
69851
70293
70293
70493
71398
72896
72896
72902
72935
72935
73428
73794
74005
74005
75268
75273
76512
76583
78235
78312
78325
78960
79460
79941
80513
81336
81466
81482
81504
81883
82009
82347
82349
82349
82353
82353
84989
84989
84989
84989
84989
84989
84990
84990
85146
85421
85421
85639
85874
87018
87341
87839
87839
87839
87839
87839
87839
87839
87839
87839
87839
87839
87839
87839
87839
87841
87842
87842
87846
87846
87846
87846
87846
87846
87846
88165
88176
88176
88176
88176
88176
88209
88221
88712
88831
89434
90280
90521
90530
91184
91603
91617
91871
91871
91905
91905
92056
92056
92056
92211
92569
92569
92569
92569
92603
93096
93096
93110
93370
93947
94059
94512
94552
94552
94554
95198
95198
95199
95581
96744
96801
97617
98494
98936
98936
98936
98936
98936
99354
99995
100451
100504
100504
100504
101238
102161
102489
102819
102928
103028
103057
103057
103461
103461
103559
103860
103860
104324
104788
105174
105401
105503
106523
107835
108363
108387
108906
108906
109175
109717
109717
109717
109717
109719
110185
110445
110445
110504
110648
111736
112324
112854
112986
113407
114362
114362
114370
114627
114627
114627
114627
114627
114627
114627
114627
114627
114627
114627
115459
116082
116086
116088
116186
116651
