1887
3489
3489
3600
3885
3885
4072
4115
4765
4938
5084
5337
5337
6123
6123
6604
7408
8561
8750
9313
9649
9649
10047
10092
10497
10515
10515
10515
10515
10515
10515
10615
10622
10627
11197
11232
11513
11533
11744
12400
12422
12510
12921
13105
13252
13252
13409
13415
13740
13740
13740
13816
13838
13838
13898
14767
15365
15666
16099
16099
16271
16287
16661
17164
17164
18317
19071
19609
20012
20014
21773
21860
22010
22072
22310
22896
22896
23439
23439
23477
23499
23499
23499
23499
23502
23502
23502
23528
23528
23528
23528
23528
23528
23528
23528
23528
26291
26392
26847
27291
27344
27424
28110
28110
28674
28700
28700
28719
28719
28827
29211
30009
30011
31023
31463
31515
31604
31641
31641
31658
31666
32590
32628
32628
32628
32680
33034
33275
33293
33613
33613
33613
33613
33613
33728
34055
34149
34458
35135
35151
35163
35163
35163
35588
36544
36650
36707
36853
36901
37815
38528
38642
38807
38808
39163
39170
39170
39170
39561
39561
39837
39837
40007
40065
40276
40667
40706
41593
41593
42343
43169
43238
43630
43687
44479
44799
44799
45405
45405
46008
47261
47319
47319
47376
47895
47895
48199
48257
48666
49143
50873
50873
51307
52004
52035
52035
52731
52755
53002
53531
53535
53535
53542
53542
53542
53542
53544
53642
55141
57494
57499
57578
57956
58419
59548
59756
60493
60603
60982
63505
64408
64729
64755
65206
65665
65665
65665
65683
65683
66656
67100
67131
67152
67152
68265
68265
68408
68408
68408
68420
69069
69069
69270
69270
69359
69502
69653
69934
70957
71011
71011
71018
71203
71208
71398
71534
71629
73308
73428
75559
77401
77623
78262
78391
78453
80169
80296
82490
82490
83529
83836
84456
84526
84526
84526
84526
84990
86296
86825
86825
86831
86997
86997
87155
87158
88165
88176
88176
88187
88209
88209
88962
89107
89107
89485
90125
90280
90280
90280
90280
90521
90521
90521
90604
90685
91045
91132
91184
91740
92232
92991
93192
93211
93211
93224
93235
93235
93773
93773
95155
95155
95981
96090
97292
97292
97292
97292
97292
97292
97292
97292
97292
97294
97295
97295
97956
99546
101467
103155
103708
103708
104032
104335
104757
105174
106173
107175
107811
107815
107836
107856
107892
108096
108620
108671
109072
110332
110486
111061
111240
111240
111457
111540
111791
112244
112523
112598
112986
113407
114009
114373
116312
116387
116651
116651
