1474
1474
3525
3525
3525
3525
3525
3542
3542
3600
3600
3956
3956
5084
5084
5272
6892
6892
7310
7760
7777
8204
8204
9076
9076
10152
10152
11157
11796
11796
12140
12140
12205
12205
12207
12207
12209
12209
12572
12573
12881
13838
13838
14253
14253
14439
14732
14767
14767
14978
15218
15218
16271
16271
16271
16271
16576
16576
17192
17192
17920
17920
17980
18196
18196
18196
18196
18522
18522
18522
19024
19083
19083
20501
21860
21881
21881
21993
22978
22978
23058
23058
23279
23480
23480
23528
23528
23552
24792
25338
25368
25490
25490
25718
25718
26297
26297
26304
26304
26845
27118
27118
28184
29211
29211
29211
29211
29211
29211
29211
29378
29378
29378
30009
30009
30074
30074
30758
30854
30856
31017
31072
31558
31558
31824
31824
31997
31997
33155
33155
33159
33462
35187
35187
35787
36230
36230
36707
36793
36793
36809
36809
36809
36809
36809
36809
37149
37149
37149
37149
37374
37537
37858
37858
37858
37930
37930
38619
38619
38808
38808
38901
38901
39170
39170
39509
39509
39562
39562
40228
40228
40228
40228
40228
40228
40847
40847
42566
43114
43169
43169
43169
43194
43575
43575
43630
43630
43632
43632
43632
43632
43632
43632
43632
43632
43977
43977
43977
43977
44413
44413
44413
44581
44581
45159
45159
45872
45954
45958
46278
46687
46687
48123
48123
48123
48123
48751
48751
49796
49796
50873
50873
51636
51636
51783
51819
51819
52521
52521
52526
52526
53535
53542
53542
53542
54319
54535
54535
54535
54535
55775
56497
56497
56572
56572
56590
56590
56602
56602
56602
56602
56602
56627
56636
56636
56684
56684
56684
56684
56774
56774
57265
57265
57265
57266
57266
57269
57269
57284
57284
57339
57340
57340
58059
58412
58412
59454
60457
60457
60972
60972
60973
60973
61215
61215
61409
61409
61548
61548
61839
61839
61895
63655
64198
65665
65886
66043
66043
66043
66043
66043
66043
66043
66043
66043
66043
66043
66043
66043
66043
66175
67152
67152
67609
69069
69069
69571
69571
69781
69781
70168
70308
70308
70334
70334
71011
71011
71859
72190
72988
72988
73034
73034
73845
73845
73858
73858
73858
73858
73983
73983
74269
74269
74642
74642
74645
74645
74645
74645
75406
76562
76562
77513
78529
78823
80657
80657
81568
81568
81568
81596
81596
81598
83248
83248
83248
83688
83688
86413
86413
86831
86831
88165
88165
88209
88209
89107
89107
89121
89121
89474
89474
90218
90218
90218
90230
90231
90231
90237
92214
92214
93096
93096
94816
94816
95265
96397
96397
96654
96654
96744
98461
98461
98461
98708
98708
99815
99815
101012
101012
101073
101129
101155
101155
101823
101823
101823
101823
103148
103152
103152
103152
103526
103526
104590
104590
104788
104788
105174
105174
106286
106435
106435
106950
106950
107366
107366
107374
107374
107807
107807
108621
110215
110215
110354
110830
110830
110952
111019
111061
111061
111240
111240
111288
111408
111408
111408
111408
111435
111435
111457
111852
111852
112053
112053
112523
112523
113101
113101
113413
113413
114027
114703
114703
114704
114704
114709
114709
115127
115127
115128
115128
115339
115339
115637
115637
115637
115637
115637
115637
115655
115655
116145
116145
116614
116614
116651
116651
116826
116826
