2700
3081
3418
5482
6121
6121
6123
9085
13186
13611
14779
18649
18649
18649
19364
19364
19364
19364
21536
22793
22793
22793
24319
28427
30000
30009
30053
30146
32231
32231
36861
37228
37936
38077
38211
39170
39717
40498
42351
42819
43266
44488
53531
53802
54302
54831
54897
54899
54899
54899
54899
55697
58943
58943
59212
59216
59755
61723
61725
61895
61895
61895
63567
64836
65685
65705
65707
66319
67783
67783
67785
67789
67789
68415
69864
69866
70489
73160
73160
74799
74818
74818
74959
74963
74986
74987
75708
80440
81792
81792
83627
85380
85631
87819
88831
90064
91771
92731
92956
93968
94776
98464
100384
102057
102073
103486
103625
103625
103625
106722
106930
108738
108962
111063
111952
113685
113685
