1133
1450
2862
3482
3559
3565
3600
3847
3986
4091
4091
4122
4428
4910
4938
4979
5084
5204
5204
5353
5433
5729
5957
5967
5981
5981
5983
5985
5987
5988
5988
5988
5989
6601
6601
6630
7330
7875
8171
8274
8488
10184
11796
12382
12382
12382
12475
12606
12612
12860
13740
13838
13838
13849
13873
14117
14555
14698
14980
15834
17364
17497
17497
17782
17832
17832
18196
18237
18575
18771
20354
21798
21807
21807
21860
21939
21939
21945
22007
22007
22280
22898
22980
23058
23233
23484
23499
23502
23528
23528
24185
24330
24792
25039
25487
26609
26609
26609
26671
26717
26845
27395
27478
28504
29482
29714
29742
30090
30108
30162
30229
30867
30944
30947
30950
31100
31106
31106
31107
31155
31155
31267
31267
31604
31641
31830
31979
31980
31984
33485
34146
34233
34372
34434
34434
34434
36691
37155
37400
38090
38642
38807
38953
39226
39409
39409
39519
39521
39687
39913
40144
40198
40198
40472
40498
40498
40498
40562
40931
41016
41152
41427
42161
42907
43050
43050
43050
43050
43086
43169
44005
44479
44930
45157
45159
45413
45589
45589
45589
45664
45664
45958
45961
46491
47122
47799
48123
48123
48123
48754
48762
49148
49220
49833
50361
50873
50873
50873
50873
50873
50873
50873
51132
51594
52337
52519
52521
53542
53542
53542
53717
53829
53892
53892
54077
54175
54175
54199
54241
54302
54302
54319
54534
54538
54725
54732
54854
54969
54969
55431
55827
55828
57378
57493
57667
57975
57976
58151
58485
59617
59882
60603
60603
60810
60972
61008
61339
61341
61571
61571
61736
62284
62333
62333
62523
62618
63001
63281
63416
63416
63418
64256
64256
64256
64534
64877
64902
65095
65268
65665
65665
65665
65665
65665
66043
66043
66043
66043
66043
66043
67582
67654
67711
67737
67782
67782
67782
67782
67782
67782
67782
67782
67782
67782
67782
67782
67811
67815
68213
69321
69321
69334
69460
70210
70210
70210
70417
70419
70419
70425
70618
70752
71041
71238
71398
71983
72214
72214
72348
72893
73109
73301
73594
73856
73856
73856
73856
73894
73895
74076
75130
75156
75175
75448
76425
77033
77050
80129
80884
81215
81251
81341
82353
82835
82835
83316
83933
84777
84906
85662
86442
86831
86831
86906
87225
87716
87780
87939
87968
88165
88176
88209
88209
88209
88209
88210
89188
89740
90089
90089
91039
91062
91562
91659
92000
92655
92687
92827
93403
93428
93945
94537
96025
96514
96744
97482
99202
99205
99973
100411
100564
101367
102487
102489
102489
102492
102677
103315
103315
103994
104002
104243
104271
104460
104552
104561
104822
104952
105031
105118
105174
105351
106244
106661
106665
107300
107492
107807
108928
109500
109500
109501
109501
109501
109501
109501
109501
109501
109501
109501
109501
109501
109501
109501
109501
109501
109501
109538
110139
110486
110486
110723
110845
110845
110992
111270
111431
111950
111950
111959
112053
112053
112053
112219
112598
113399
113425
113425
113425
113682
113685
113685
113685
113685
113687
114362
114362
114370
114370
114370
114370
114370
114454
114477
115777
115852
115969
116086
116088
116119
116651
116658
