1510
1924
3579
3579
3946
5365
9363
10967
11000
12334
12612
12935
13740
14378
16367
16373
16964
17192
23210
25398
26120
27398
27973
27996
28462
29211
29289
31833
32320
34372
37686
39197
39561
39561
40228
42210
43790
44833
51636
52591
54319
57269
57269
58909
58912
60855
60871
60872
61336
61796
64256
65018
66043
67651
69970
72896
72944
75795
75973
77067
77074
83248
86046
88846
89434
90094
90095
90521
90674
90674
93096
93224
94353
96028
96028
96031
96640
96744
96757
96804
100712
102289
102289
104240
104458
104626
106446
106839
109014
109720
111428
111771
114838
114838
114995
115318
115375
