1207
1218
1277
1559
2379
2589
2729
2748
2862
2862
2862
2862
2862
2862
2862
2862
2862
2899
3738
3885
4436
4937
4945
5189
5223
5223
5437
5561
5761
5761
5770
6165
6494
7291
8129
8204
8561
8732
8813
9377
9979
10046
11089
11441
11441
12169
12454
12494
12889
13105
13105
13124
13180
13674
13816
13838
13849
13849
13849
14194
14298
14306
14439
14594
15200
15259
15273
15379
15987
16091
16151
16234
16301
17483
17493
18418
18462
18522
18564
18564
18564
18564
18564
18564
18574
18575
18597
18725
19364
20133
20133
20133
20133
20133
20133
20133
20133
20479
21665
21665
21665
21665
21665
21665
21665
21665
21665
21665
21665
21665
21665
21665
21665
21773
21939
22113
23058
23058
23236
23365
23502
23528
24101
25026
25261
25272
25878
26692
26752
26845
26847
28023
28341
28478
29112
29113
29211
29800
30438
30647
30647
30658
30800
30950
30993
31272
31444
31658
31686
31751
31831
31855
32104
32683
33624
34596
34830
35372
36396
36396
37299
37334
37415
37417
38090
38252
38478
38642
38642
38807
39024
39024
39024
39024
39026
39251
39505
39764
39876
39876
39882
40007
40416
40498
40506
40511
41152
41152
41152
41427
41700
41756
41763
42224
42588
42612
42672
42672
43050
43169
43421
43542
43790
43922
43922
44411
44675
45388
45388
45531
46278
47319
47319
47540
47540
47642
47867
47906
48018
48169
48754
49079
49079
49121
49125
49221
51861
52506
52662
53490
53535
53542
53587
53802
53994
53994
54189
54660
54823
54823
54823
54835
54842
55357
56197
56223
56933
56933
57170
57175
57381
57493
57496
57530
58643
58855
59249
60785
60805
60852
60934
60975
61096
61217
61336
61710
62048
62522
62522
63264
63998
63998
64175
64342
64343
64363
64534
64993
65011
65665
66043
66265
66493
66493
66553
66884
67422
67470
67697
67746
67932
69238
69479
69492
69864
70223
70650
70891
70973
71018
71393
72893
73163
73260
73280
73783
73896
74088
74093
74093
74093
74799
74799
74799
74799
74817
74817
74879
74893
74896
74951
74951
74959
74959
74963
75349
75640
76511
76904
76973
76990
76990
77030
77033
77588
77606
77614
78943
80760
80760
80760
80762
80839
80963
80982
81243
81243
81251
81251
81272
81272
81272
81272
81593
81596
81645
82466
82650
83058
83058
83370
84432
84716
84716
84841
84841
84841
84880
84908
84990
85443
85443
85443
85874
85886
86668
86668
86677
87628
87742
87742
88165
88176
88176
88314
88831
88928
89107
89107
89318
90125
90156
90330
90521
90601
91748
91995
92056
92951
93211
93211
93224
93355
93947
94100
94910
97922
97922
97922
99589
100053
100107
101409
101435
101927
103021
103040
104156
104624
104721
104774
105174
105323
105503
105801
105878
105887
106033
106226
106226
106551
106577
107022
107124
107301
107529
107571
107753
107807
107807
107807
108085
108252
108256
108295
108388
108671
108672
108859
109079
109164
109196
109196
109198
109241
109264
109311
109636
109674
109717
109717
109924
109945
110162
110185
110445
110679
110866
110987
111061
111456
111456
111456
111458
111459
111473
111473
111791
111952
112555
112842
112842
112987
113052
113425
113464
113648
113685
114028
114114
115257
115318
115956
116086
116339
116523
116651
116651
116651
116753
