981
1420
1421
1665
1810
1941
2700
3511
3871
4096
4363
4607
4767
4822
4945
5204
5204
5425
5861
6166
6166
7119
7119
7132
7136
7184
7931
8310
9313
9341
10047
10554
10558
10589
10632
10665
10672
11750
11911
11933
12308
12431
12496
12498
12515
12572
12829
12881
12881
12881
12920
13366
13708
13740
13740
13838
14067
14253
14455
14572
14683
14734
14790
15339
16120
16301
16303
18043
18527
18815
20001
20001
20001
20001
20001
20001
20001
20001
20001
20001
20006
20006
20012
20012
20012
20014
20014
20016
20061
20456
21006
21773
21773
21773
21773
21773
21860
21879
21976
22344
22344
22344
22523
22523
22523
22524
22626
22661
22680
22793
23279
23321
23499
23499
23499
23499
23502
23505
23528
23528
23528
23528
23528
23528
24098
25209
25878
26277
26569
26847
26847
26913
27142
27256
27401
27773
27996
28156
28412
28674
28794
29029
29040
29714
29854
30000
30003
30229
30644
30655
30937
30937
31381
31399
31633
32323
32680
32680
32680
32680
32770
33457
34134
34149
34159
34785
35072
35275
35588
35850
37228
37233
37398
37544
37593
38185
38471
38839
38839
38839
39170
39170
39211
39717
39837
39837
39876
39876
40065
40065
40573
40717
41152
41152
41152
41163
41594
41713
41979
42566
42958
42978
43050
43266
43266
43266
43266
43272
43421
43441
44165
44197
44698
45208
45277
45388
45418
45584
45909
45935
46008
46019
46387
47095
47540
47688
47895
48199
48199
48199
48257
48441
48713
48855
49229
49230
49277
49625
49814
49814
50873
51201
51201
51525
51854
52114
52317
52408
52755
52868
52868
53535
53535
53542
53802
54189
54895
54895
55357
55449
56029
56374
56684
56995
57031
57170
57170
57265
57663
57953
57956
58286
58806
59545
60184
60402
60510
60559
60603
60603
60627
60972
60990
61224
61839
62370
62437
62529
62592
63454
63998
64191
64518
64832
64954
65665
66265
66265
67132
67932
68200
68300
68419
68673
69076
69144
69210
69460
69653
69655
70293
70891
70910
70957
70957
71018
71018
71041
71398
71629
71737
71756
71958
72124
72805
72805
72898
72988
73274
74737
75175
75879
77030
77033
77623
77761
78326
78326
78342
78448
78529
78728
78728
78821
78821
78960
79703
80247
81243
81596
81596
81700
81952
82009
83182
83182
83267
83834
84076
84277
84983
84989
85149
85739
86300
86831
86831
86955
86997
86997
87155
87387
87675
88165
88176
88176
88176
88176
88176
88176
88187
88209
88211
88211
88999
89107
89143
89150
89318
89318
89623
90177
90675
92211
92240
92728
92879
92956
92956
92964
93186
93188
93326
93971
94353
94353
94776
95155
95283
96442
96628
96643
96665
96697
96744
98466
99175
99175
99212
99993
100148
100207
100691
101573
101698
102251
102295
102491
102819
102820
102900
103602
104156
104361
104636
104919
105174
105250
106720
107673
107807
107807
107811
107811
108207
108207
108313
108313
108313
108313
108337
108549
108960
109418
109564
109594
109717
109717
109717
109719
109924
109965
110162
110162
110318
110374
110423
110445
110723
111002
111297
111384
111704
111735
112219
112523
112598
112610
112704
112711
113392
113407
114136
114370
114370
114505
114616
114829
114938
115637
115637
115637
115757
115874
116390
116456
116614
116651
116651
116766
