1179
2033
2515
3310
3738
3885
3885
4072
4798
4798
4951
4964
5425
5425
6190
6195
6342
8670
8681
8766
9282
10150
10649
11089
11533
12165
12182
12346
12881
13725
13816
13838
13942
14627
15666
15688
16287
16310
16310
18568
21867
21936
21939
22010
22014
22072
22072
22454
22454
22454
23184
23186
23186
23210
23233
23321
23620
23951
24844
24844
25338
25375
25377
25837
26375
26465
29211
30011
30600
30644
30655
30761
30856
31022
31072
31408
31515
31830
33045
33868
33873
35450
36917
37228
37233
37415
37654
37654
38281
38454
38757
38807
39099
39539
39539
39671
39720
39837
39868
39908
39971
40015
40063
40065
40503
40503
40503
40573
40703
41152
41266
41660
42224
42373
43012
43050
43087
43095
43272
43420
43458
43721
43721
43904
43905
43905
43905
43905
44257
44444
44448
44463
44479
44651
45584
45909
46019
47804
48385
48385
48645
49277
50361
50867
50873
50875
51005
52860
52868
53002
53011
53535
53542
53632
53802
53802
53802
53802
53802
53829
54187
54319
54928
55357
57170
57170
57355
57355
57355
57355
57355
57355
57539
57578
57975
58516
58562
58562
58562
58563
58564
58565
59755
59882
59940
59940
60007
60044
60044
60044
60044
60044
60044
60044
60044
60044
60056
60071
60499
60821
60829
61096
61897
62303
62631
63810
63983
64256
64343
64361
64362
64729
64729
65208
65391
65391
65665
65682
65888
67408
67408
67408
68594
69234
69234
69234
69353
69460
69502
69640
69957
73163
73962
73962
74093
74426
75573
75643
76680
78197
80085
80711
81884
82426
82426
82741
83902
84788
84788
84989
85128
85128
85372
86043
86442
86930
86987
88165
88464
89107
89283
89488
89633
90061
90575
90674
92146
92234
92281
92281
92720
92843
93031
93188
93326
93355
94140
94901
95980
96039
96346
96442
96486
97467
97741
100423
100504
100753
101828
103080
103082
103091
103899
104075
105144
105275
105564
105577
105595
106349
106495
106593
106615
107031
107280
107282
107807
107813
107836
107918
108207
108743
109719
110185
110185
111330
111456
111537
111540
111581
111581
111681
111735
111735
111774
111774
112053
112219
112219
112224
112523
113049
113052
113052
113052
113052
113392
113425
113425
113508
113647
113685
113685
114362
114370
114370
114370
114454
114706
114838
115318
115318
115369
115794
115794
116346
116651
116758
116758
116758
