2849
4096
4814
8211
8906
9389
10976
11016
11029
11420
12496
12534
12887
13103
13604
13740
13816
13816
14522
14752
14851
15666
16301
16576
16576
16609
23499
23502
23528
24289
25486
27894
29153
29247
30052
30160
31604
31658
31658
34385
35056
36707
36847
37155
37155
37155
37170
37170
37374
37827
38807
38839
39837
41270
42186
42712
43105
43820
44302
44302
44302
44302
44302
44302
44302
44302
44302
44302
44302
44302
45415
45665
45666
45958
46021
46761
48530
49260
50308
53079
53490
55174
56259
56259
56520
57708
57975
60493
64343
65478
65683
66043
67152
67890
69502
73160
75577
76990
78312
78456
80515
80516
82116
85140
85330
85331
86791
86930
86955
86955
87675
88176
88176
88176
88846
89477
89636
89737
89744
89752
90746
91044
91045
93326
94987
96025
96596
96596
96841
97686
97686
97686
97686
99546
99685
99834
99835
102489
102493
105599
106524
106930
107591
107807
107807
109717
110194
110316
110361
111240
112998
113425
113466
113685
113685
114347
114362
114364
115330
115334
115334
115410
115410
115616
116074
116651
