1328
2797
2862
2862
3601
3929
3929
4115
4355
4355
4441
4542
4814
4831
4980
5156
5450
5770
6294
6294
6294
6294
6294
6294
6294
6294
6294
6294
6294
6294
6294
6294
6294
6294
6601
6621
6797
6825
6825
6936
7328
7358
7411
8432
8533
8916
9179
9179
9187
9189
9189
9694
11441
11441
11610
11768
11796
12753
12881
12899
12953
13033
13105
13448
13772
13805
13966
14027
14103
14118
14120
14120
14381
14531
14885
14885
14885
15019
15079
15079
15079
15079
15079
15084
15456
15630
15721
15721
15831
16042
17086
17305
17380
18527
18571
19024
19024
19364
19364
19364
20054
20475
22005
22005
22005
22005
22005
22005
22005
22068
22069
22113
22160
22247
23505
23895
23895
25076
25312
26025
27221
27528
27528
27528
27528
27887
27973
27973
27973
28289
28289
28289
28521
28890
29238
29690
29770
30758
30758
30758
30758
30759
30812
31393
31468
31468
31505
31508
31889
31906
31922
31922
31922
31924
32590
32590
32590
32590
32590
32590
32680
33701
34598
35549
35970
35970
36847
37133
37369
37679
37716
38901
38972
38991
39197
39198
39894
40407
40532
40532
40532
40532
40532
40544
40651
40691
41164
41434
41434
41557
41767
42323
42441
42441
42603
42608
43610
44011
44169
44197
44675
44675
44675
44695
45064
45261
45482
45482
45837
46787
46790
47376
47376
47635
47851
48198
48244
48644
48972
49089
49277
49558
49558
49558
50807
52035
52035
52035
52035
52538
52538
52538
53533
53535
53535
53564
53665
53843
53900
53902
53902
54189
54228
54277
54319
55185
55617
58385
58715
58715
58761
58875
58880
58954
59183
59185
59190
59209
59882
60427
60627
60627
60630
60633
60633
60634
60699
60699
60853
60853
60909
60910
60934
60952
60954
60955
61121
61217
61338
61481
62749
62749
62749
62960
64145
64145
64145
64145
64165
65665
66293
66293
66293
66293
66293
66293
66293
66293
66293
66448
67086
67086
67086
67086
67086
67795
68522
68522
68534
68538
68910
68910
68964
69479
71011
71337
71377
71460
71859
72190
72214
72896
72898
72898
72898
73301
74287
74560
75530
75789
77447
77838
77838
78062
78063
78391
79194
79519
79642
79642
79642
79642
79642
81238
81387
82038
83487
84189
84720
84841
84843
84908
85652
85933
86178
86541
87045
87155
87155
87225
87227
87698
88724
89740
89740
89779
90074
90498
90548
90548
90548
90549
90674
90674
90679
90732
90746
90780
92569
92569
92569
92569
92687
92687
92687
92860
93071
93081
93081
93081
93081
93081
93090
93090
93090
93092
93216
93474
93947
94776
94891
95375
95375
96744
96874
96874
96877
96932
97182
97664
97667
97667
97667
97667
97667
97667
97667
97671
97671
97671
97673
97673
97673
97678
97971
98485
99710
100041
100193
100446
100645
101238
101693
102161
102738
102819
104139
104166
104229
104229
104508
104822
104935
104935
104935
105144
105477
105599
106106
106285
106292
106293
106293
106293
106293
106804
107342
107392
107641
107641
107856
108278
108348
108887
108968
109007
109368
109875
109875
109904
109909
109924
109924
110462
110504
110869
110952
110952
111061
111457
111705
112159
112476
112610
112610
113171
113171
113180
113204
113257
113860
114136
114136
114213
114214
115127
115312
116074
116169
116782
