1180
1180
1282
1282
1704
1710
1710
1732
1733
1733
1733
3090
3691
3885
3885
4814
7572
7572
8050
8063
9337
9834
9834
11160
12773
12773
12774
13803
13803
14979
18202
18213
18382
18417
18417
18417
18473
18473
18473
18473
18473
18481
18481
22344
23233
23321
23499
23528
23528
23528
23528
23566
24025
25419
25766
27362
27362
27862
27862
27862
29211
29739
30148
30878
30879
32320
33858
35163
36272
36449
37706
37709
38440
38440
38642
38839
38839
39456
40065
40657
40700
41115
41325
43169
44196
44196
44650
44833
44833
45673
45673
45909
48666
50873
51855
52035
52944
53531
53531
53531
53717
53717
54319
54691
54691
57494
59560
59571
60192
60427
60603
60603
61187
61187
61187
61217
61217
61217
61217
61815
64993
65665
65665
65886
65886
66043
66043
66043
66043
66043
66043
66043
66804
66804
66832
69303
70706
71579
72524
73301
73301
76116
81855
83834
83883
83883
83883
83883
84179
84180
84206
84221
84526
84990
86000
88165
88187
89434
89434
92056
92762
93355
93356
94136
95768
96025
96744
99336
101647
101647
101648
101648
101650
105144
105324
105884
105884
107807
107807
107807
108968
108971
109009
111072
111456
111457
111459
111459
111459
114136
114136
114142
114463
114479
