1262
1273
1689
1689
2729
3622
3622
3831
4091
4814
5149
6607
7760
7779
7780
7782
7789
7806
7806
8096
9233
9662
9662
9662
9979
10885
10885
10885
11089
11533
12023
12557
13180
13415
13491
13494
13495
13740
13816
14244
14253
14751
14824
15052
15191
15401
15401
16091
16192
16346
17171
17171
18421
18456
18522
21773
22007
22896
23279
23279
23482
23502
23528
23528
23528
23528
23528
23528
23528
23528
23552
23552
25922
27310
28411
28411
28663
28663
29192
29192
29192
29211
29211
29211
29378
29378
29444
29450
31022
31314
31322
31484
31484
31583
31604
31997
32002
32320
32320
33383
33524
33865
34773
34773
34776
35945
36213
37384
37384
37384
37384
37384
37390
37398
37400
37400
37986
38076
38373
38932
39106
40007
40007
40050
40065
40065
40436
40706
41113
41329
41470
42111
42994
42994
43575
44413
44695
44833
46304
47151
47350
47630
51073
51073
51080
51082
51201
52004
52035
52035
53531
53531
53531
53531
53531
53542
53542
53728
54678
55570
55612
55614
55615
55615
56223
57265
57269
57269
57294
57294
57294
57494
57578
59183
60007
60448
60448
60448
60457
60499
60510
60603
60968
60982
61183
61215
61709
62286
62589
62589
62597
62608
62618
65000
65665
65665
65665
65665
65797
65797
65894
67966
68054
68412
69432
69433
69433
69436
69654
69719
70123
70123
70547
70547
70834
70891
70891
70891
70891
70899
71024
72522
72950
72953
73109
73160
73722
76240
76240
76240
76240
76583
76940
77405
78456
78960
78960
78960
78960
78960
78960
80538
80542
81820
83248
84150
84526
84526
84526
84990
84990
86501
86831
86831
86831
86831
87716
87968
88176
88209
88209
88209
88844
89107
89108
89533
90125
90280
91051
92231
92828
92828
92992
93235
93326
93915
93917
94649
94649
94649
94649
94649
94649
94649
94673
94679
94696
94698
94722
94722
94722
94722
94848
94848
94848
94987
95029
95029
95029
95029
95263
95320
95320
95657
96025
96025
97095
97095
97166
98860
99541
100086
100377
100411
100411
100504
100638
101081
102487
103019
103081
104547
105144
105176
106799
106804
106839
106840
106922
108864
109032
109065
109065
109207
109241
110723
111015
111735
112523
112986
113049
113049
113685
113685
114320
114370
114370
114370
114477
114477
114477
114995
114995
114995
115101
115886
115902
116444
