802
802
802
1420
1474
1474
1507
1952
3196
3253
3418
3811
3831
3831
4483
4658
4658
4765
5192
5416
5482
6190
6190
6190
7328
7328
7751
7758
8126
8236
8624
8999
9070
9449
9913
9979
9979
10353
10676
11533
12205
12209
12505
12881
12881
12881
12943
13403
13725
13838
13838
13935
14344
14439
14439
14482
14603
14627
14767
14800
15178
15881
15942
16042
16042
16123
16390
17635
17700
18522
18522
18736
19397
19547
20001
20001
21773
21860
21860
21860
21867
21976
22007
22014
23321
23502
23502
23508
23528
23528
23528
23528
23528
23528
23528
23528
23528
23528
23528
23528
23528
23552
24101
24149
24918
25272
25272
26304
26376
26378
26847
27005
27061
27581
27890
28022
28902
29236
29397
29753
30097
30874
31259
31333
31347
31351
31582
31658
31658
32507
32635
32680
32680
32680
32680
32702
32702
32702
32702
32723
32729
32754
32754
32754
32754
32825
32825
32825
32827
33154
33859
34128
34158
34482
34482
34847
35292
35659
35685
35698
35787
36510
36542
36716
36847
37384
37384
37384
37384
37384
37384
37384
37384
37384
37384
38028
38471
38642
38807
38839
38901
39809
39837
40213
40276
40520
40574
40574
40923
41201
41470
41594
42058
43169
43169
43421
43441
43630
43632
43879
44415
44472
44486
44486
44537
44833
45405
45405
45410
46019
46917
47630
47825
48123
48123
48206
48291
48351
49392
50816
50873
50873
50873
51082
52136
52408
52408
52731
52757
52868
52955
52955
52955
53094
53498
53531
53535
53542
53542
53544
53544
53550
53902
54895
56137
56317
56497
56684
56696
57031
57031
57175
57265
57395
57482
57573
57747
58516
58603
58857
58943
58943
59454
60190
60427
60507
61606
61701
61911
62467
62519
62740
63196
63260
63998
64082
64083
64191
65081
65665
65665
65705
65705
65705
66021
66265
66265
66265
66265
67034
67035
67100
67278
67829
67940
68399
68821
68910
68910
69136
69164
69460
69911
69949
69975
70165
70168
70618
70656
71018
71079
71080
71208
71398
71398
71545
71823
72155
72994
72995
73034
73165
73179
73894
73898
74093
74642
74699
76453
76671
76973
76984
77031
78690
80242
80242
82969
83171
83171
83347
83423
83696
84158
84159
84337
84526
84654
84654
84654
84662
84983
84990
84994
85663
86296
86412
86413
86492
86769
86825
86825
86825
87097
87112
87517
87542
88176
88831
88831
88845
89121
89121
89121
89136
89227
89227
89283
90663
90663
90663
90663
90663
90673
90754
91184
91546
92126
92534
92728
92731
92732
92959
93098
93215
93326
93481
93634
93634
93945
94433
94433
94437
94451
94512
94785
94928
95793
96744
97758
98404
99174
99175
99212
99212
99212
99396
99734
99781
100843
101426
102057
102057
102972
103057
103155
103628
103628
103628
103628
103628
103787
103787
103787
103806
104135
104699
105144
105323
105323
105359
105401
105419
105505
105507
106839
106867
106872
107052
107120
107163
107167
107186
107194
107396
109136
109147
109155
109158
109301
109301
109691
109706
109706
109717
109717
110162
110316
110696
110723
110723
111240
111240
111456
111456
111473
111473
111535
111563
111953
111962
112517
112534
112535
112620
112620
112812
113052
113399
113685
113685
113945
114681
115211
115218
115318
115367
115367
115883
115936
116641
