1179
1208
1208
1232
1503
1510
1510
1510
1864
1941
2223
2379
2734
3811
4124
4124
4320
4528
4528
4639
4680
4680
4680
4906
4906
5326
5886
6123
6123
6123
6123
6123
6123
6123
6123
6123
6123
6123
6123
6127
6127
6127
6604
7132
8760
8817
9316
9316
9776
9783
9946
9953
9953
9953
10046
10976
10976
10976
10976
10976
10976
10976
10976
11051
11096
11096
11533
12267
12623
12817
12830
12830
12881
12881
13232
13232
13232
13541
13585
13611
13803
13808
13808
13808
13838
13838
14249
14259
14260
14260
14433
14570
14606
14606
14768
14980
16099
17876
17883
17883
18522
18564
18564
18564
18564
18568
18929
19171
19397
19397
19932
21881
21881
21881
21887
22007
22010
22344
22524
22572
22583
23499
23502
23502
23502
23505
23505
23505
23505
23528
23528
23528
24098
24098
24487
24487
25272
25397
25551
25551
25551
25551
25551
25551
25712
25850
27136
27136
27306
27806
27806
27806
27806
29110
29110
29110
29378
29416
29416
29416
30145
30606
30872
30874
30875
30875
30876
30876
30878
30905
30913
30919
31322
31505
32320
32320
32628
32628
32628
32740
33859
34560
34730
34730
35053
35053
35058
35113
35163
35525
35525
35525
35525
35525
35526
35616
36395
36395
36406
36493
36497
36497
36497
36583
36815
36819
36820
36847
37275
37275
37275
37275
37275
37275
37275
37275
37275
37275
37275
37276
37276
37276
37276
38184
38185
38281
38311
39166
39396
39754
39803
39940
40498
40700
42112
42396
42396
43721
43721
44270
44472
44640
44651
44698
44698
44698
44698
47260
47730
47960
48182
48385
48419
48493
48538
48561
48696
48696
48849
49143
49154
50680
51636
51636
51636
51693
51715
51810
52004
52004
52073
52337
52521
53270
53310
53531
54277
55418
56495
56495
57052
57743
57762
58420
60410
60603
61016
61096
61270
61853
62749
62749
62749
62749
62749
63772
63772
63772
63772
63772
63773
64165
64298
64343
64749
65000
65097
65097
65680
65686
65686
65705
65763
65763
65763
65763
65763
65763
65768
65770
65771
65772
65772
65772
65773
65774
67873
67873
68268
68408
68910
68910
69068
69068
69074
69911
69931
70000
70000
70082
70154
70334
70334
70618
70679
71636
72155
72185
72185
72190
72190
72190
72190
72529
72998
73074
75780
76447
76447
77744
78131
78135
78284
78312
78960
78960
78960
78960
78960
80545
81297
81304
81466
81527
81527
81528
83301
84723
84752
85577
85687
86045
86046
86061
86831
86831
86836
86949
87078
87614
88176
88176
88176
88176
88176
88176
88176
88176
88187
88187
89318
89335
89760
89760
89760
90124
90285
90673
90673
91050
91051
91184
91184
91184
92731
92734
93354
93362
93685
93687
93748
93947
93947
93947
93947
93947
93947
93955
94353
95155
95161
96877
97062
97148
97722
98406
100638
100728
101012
101056
102798
102799
104117
104788
105304
105599
105599
105599
105730
105746
106085
106388
106388
106481
107152
107156
107175
107301
107811
107811
107836
107905
108380
108380
108380
108421
108845
108869
109014
109041
109041
109158
109421
109717
110060
110060
110060
110060
111072
111186
111707
111791
111791
111832
111953
112268
112841
113392
113586
113735
113760
113763
114142
114362
115565
116074
116078
116543
116675
116759
