1142
1416
1941
2031
2034
2085
2729
2731
3558
3601
3738
3885
4726
4910
4996
5667
5767
5899
6629
7439
8209
8623
8629
8634
8976
8976
9242
9353
10330
11988
12881
12881
12881
12881
12920
12920
13143
13149
13180
13180
13706
13740
14480
14480
14480
14482
14570
14627
14730
14823
15486
15683
16074
16074
16074
16834
17171
17171
17330
17330
17843
18429
18429
18429
18431
18769
19720
19720
22285
22333
22781
23058
23321
23321
23321
23408
23480
23499
23502
23528
23528
23657
23657
23657
23657
24222
24423
25628
26291
26291
26291
26376
26692
26913
27038
27528
28085
29067
29211
29509
29509
29509
29509
29509
30182
30220
30220
30229
30229
30644
30644
30913
31092
31099
31357
31604
31604
31604
31641
31815
32216
33865
34458
34856
35270
35570
35571
35571
35785
35787
36160
36707
36809
36847
37228
37228
37415
37415
37417
37417
37417
37417
37417
37439
37439
37439
37439
37439
37439
37439
37439
37439
37439
37439
37439
37439
37439
37439
37439
37439
37686
37816
38007
38076
38090
38131
38131
38180
38185
38205
38528
38531
38807
38808
38839
38975
39170
39454
39666
39894
39902
40065
40065
40065
40276
40276
40297
40703
41152
41152
41632
41632
42314
42343
43050
43169
43169
43169
43169
43169
43171
43420
43485
43485
43487
43487
43687
44104
44172
44405
45034
45388
45388
45388
45405
45606
45665
46011
48123
49612
50797
50873
50873
50873
50873
50873
50873
50873
50873
50873
50873
50873
50875
52464
53494
53542
53542
53542
53542
53717
53717
53889
53960
53960
53960
54124
54506
54535
54648
55111
55111
55473
55473
55474
55990
56221
56263
56881
57494
57494
57494
57578
57654
58007
58388
58806
58875
59976
60437
60493
60499
61030
61655
61911
62081
62618
62652
62652
62652
62652
62652
62654
63024
63701
63799
64120
64120
64124
64134
64142
64147
64256
64343
64343
64343
64343
64343
64549
64549
64649
64702
65171
65665
65665
65665
65888
66043
66240
67940
68068
68300
68523
68870
68952
69068
69069
69069
69516
69866
69866
70293
70293
70493
70553
70568
70571
70617
70656
70891
71196
71544
72599
73260
73983
75156
75615
75657
76554
76680
77402
77402
77402
77617
77624
78095
78316
78326
78492
78993
78993
79265
79319
79503
80035
81251
82303
82931
83348
83364
83834
84143
84227
84282
84723
84789
84938
84989
85007
85782
85782
86300
86341
86458
86831
87742
87742
87968
88209
88209
88209
88831
89121
89319
89729
89742
89759
90330
90504
90575
90575
90610
91045
91062
91087
91087
91657
91666
91671
91671
91671
91740
91874
91874
91874
92100
92137
92562
93211
94785
94910
95741
95901
96054
96174
96394
96442
96744
97058
98185
98186
98186
98321
98567
98567
98568
98569
98571
99396
99396
99498
99498
99498
99498
99685
99920
100101
100271
100663
101872
102487
102490
103010
103054
103054
104243
104376
104626
104799
105144
105884
105939
107726
107726
107807
107807
107807
107807
107856
108549
108777
109276
110146
110189
110361
110486
110668
110696
110809
110871
110987
111019
111456
111527
111527
111527
111527
111527
111711
112517
112523
112986
113381
113381
113399
113460
113464
113645
113685
113687
114320
114347
114941
116286
116286
116286
116614
116753
116758
116758
116883
