1414
2699
3764
4760
5204
5204
5481
5803
6751
7183
8888
8916
9348
9427
9706
9885
10261
10313
10656
11224
11441
11708
11708
11708
11708
11708
12075
12236
12584
12889
12962
13180
13740
13816
15561
15561
16130
16287
16576
16576
16576
17017
17176
20066
20094
21860
21867
21963
23081
23233
23417
24222
24455
24487
26291
26845
26845
26847
26848
26913
27418
30390
30606
30994
30996
31106
31131
31134
31455
31480
31952
31965
31979
31980
31980
31983
31983
32942
32943
33880
34149
35325
35791
36922
37374
37415
38072
38172
38180
38353
38353
38642
38807
38839
38839
39315
39537
39732
39803
40065
40065
40065
40703
40703
40707
41106
41152
41152
41163
41380
41427
41726
41726
41726
41726
41734
41734
42130
42283
42333
42380
42427
42702
42993
43420
43420
43420
43420
43420
43420
43420
43420
43420
43420
43420
43421
43421
43421
43421
43421
43421
43421
43421
43421
43421
43421
43422
43422
43441
43907
43907
43907
43907
43907
43907
43907
43910
44158
44196
44326
44448
45388
45388
45388
45405
47094
47146
47191
47192
47192
47395
47395
48050
48256
48256
48256
48256
48256
48256
48256
48256
48256
48257
48257
48257
48287
48351
48537
49229
49229
50873
50873
50873
51911
52630
53531
53717
53878
53880
53880
53880
53880
53880
54085
54182
54182
54303
54303
54303
54732
54850
54850
54850
55284
55357
55827
55827
56037
56294
56374
57578
57975
58875
58957
59101
59104
60510
61096
61096
61336
61336
61336
61336
61852
61911
62192
62596
64343
64534
64534
64534
64534
64836
64836
64836
65665
65665
65665
65665
65665
66042
66042
66042
66043
66043
66264
67795
68049
68408
68412
69175
69653
69883
69911
70134
70656
70957
71764
72190
73033
73178
73260
73276
73948
75126
75156
75949
76707
76707
76773
76773
77384
77384
77384
77850
78948
78993
78993
79273
79273
79273
79273
81220
81495
82430
82430
83002
83058
84789
84988
84989
84991
85372
85372
85655
85798
85916
86412
86816
86831
86831
86831
86898
86921
86930
86946
88170
88176
88209
88209
88210
88297
88297
88297
88297
88297
88844
90139
90139
90674
91110
92133
92841
93187
93211
93224
93224
93224
94488
95202
96123
96123
96628
97469
97512
97516
97735
98062
98062
98062
99396
99396
99498
100214
100217
100220
100387
100411
101674
101951
101951
101951
101951
101951
101951
101951
101951
101951
102501
103176
103994
103994
103994
103994
103994
103994
103994
103994
104002
104320
104931
105189
105855
105884
105987
106286
107023
107244
107244
107245
107245
107245
107301
107301
107535
107686
108388
109198
109713
110359
110809
111015
111429
112030
112842
113041
113375
113375
113375
113419
113458
113685
113685
113685
114360
114370
114576
114672
114678
115204
115361
116422
116682
