947
3178
3970
4361
4889
5088
5337
5739
7836
8077
8681
8868
9958
10017
10017
10061
10257
12573
12827
12829
13098
13740
14886
15284
18568
18670
18736
19511
22014
22883
23499
23499
23528
23528
24195
25499
25511
25511
26379
26692
26851
27094
27820
27901
28283
30898
31022
31022
31088
31100
32100
33249
38207
38642
38669
39505
39837
39837
40576
40821
40821
40821
41201
41703
42225
42712
42712
43144
43169
43266
43575
45664
46415
46416
47851
48123
48666
49229
51858
52410
52662
52662
52860
52944
52955
52955
52955
52955
52955
52955
52955
52955
52955
52958
52966
52966
52966
52966
52966
53536
54535
57578
57834
57834
57834
57834
58257
59290
59290
59290
59290
60167
60410
60510
60510
60603
62286
63998
64173
64274
67035
67035
68002
69069
69434
69949
69949
69949
71024
71820
71820
73160
74093
74093
74093
74799
74824
77623
78009
78506
78943
80372
80513
80520
81774
83348
83364
83770
83770
83770
83770
83834
83834
83836
86997
87517
88209
88213
90186
90199
90199
90199
90199
92352
92354
93064
94954
95802
96757
96757
97186
97235
98062
98141
98141
98141
98219
98219
98219
99212
99212
99229
99534
99559
100053
100424
100934
103628
103628
103628
103628
103752
103753
103814
104574
105200
105503
108949
109202
111953
112030
112517
113463
114364
114370
116027
116088
116651
116651
