2371
2611
3197
3525
3525
3831
3840
4258
4258
4258
4260
4657
4827
4827
4827
4922
5084
5425
6497
7198
7198
7291
8031
8193
8204
9189
9408
9761
10092
10092
10885
10885
11117
11232
11796
11796
12182
12498
12515
12920
13251
14116
14243
14347
14480
14730
14767
14797
15403
16091
17289
17501
17501
17501
17501
18196
18196
18196
18196
18196
18196
18196
18196
18196
18202
18202
18202
18202
18317
18332
18348
18522
18564
18601
18649
19511
20111
21842
21881
21976
21976
22007
22010
22076
22897
23058
23279
23528
23528
23528
23528
25272
25272
25272
25272
25540
25725
26147
26291
26847
26847
26906
27519
27774
27774
28035
28289
28294
29211
29211
29690
30000
30095
30095
30095
30095
32320
32320
32320
32628
32628
32628
32628
32628
32967
34482
35570
35678
35787
36815
37276
38035
38328
38807
38808
39666
40036
40050
40276
40387
40441
40441
40498
40498
40523
40532
40532
40532
40987
41325
41331
41380
41713
41886
41949
42343
42343
42549
43058
43169
43169
43169
43567
43571
43575
44407
44479
44486
44581
44643
45388
45388
45665
45665
45773
45773
45773
47882
48050
48257
48385
48855
48855
49190
49221
49221
49229
49230
49238
49243
49243
49260
49260
49260
49277
49277
50361
50873
50873
50873
50875
52004
52035
52035
52035
52410
52410
52431
53531
53531
53542
53542
53542
54531
55173
55185
55186
55186
56223
56378
56933
57031
57170
57170
57175
57381
57584
57586
57586
57586
57602
57602
57605
57608
57609
57609
57609
57609
57609
57609
57609
57698
57756
57983
58393
58393
59134
59134
59177
59247
59756
60192
60410
60410
60410
60410
60410
60410
60427
60427
60427
60427
60427
60427
60452
60603
60603
60627
60766
60767
60853
60856
60972
60972
61087
61087
61087
61087
61088
61104
61529
61529
61839
62133
62286
62529
62606
62618
62618
63192
63268
64296
64836
65080
65081
65097
65665
65665
65665
65665
67099
67100
67100
67152
67422
67425
68076
68408
68420
68420
69068
69068
69068
69069
69866
70168
70293
70489
70957
71159
71460
71535
71898
71901
71901
71901
71901
71901
72412
72442
73260
73308
74093
74699
74856
77417
77733
78312
78326
78576
78600
78636
79976
80039
81251
81820
83251
84473
84473
84723
84731
84843
84989
84990
84990
85412
86347
86367
86720
86720
86825
86825
86825
86831
86831
86831
87038
87155
87155
87155
87155
87156
87160
87172
88176
88176
88209
88724
88831
88844
88844
89318
90064
90125
90125
90254
90285
90285
90724
90731
91184
92569
92672
92687
92687
92687
92701
92746
92956
93084
93096
93096
93224
93354
93539
94792
94816
94986
96090
96830
97467
97467
97467
97467
97467
97730
98882
99685
100046
100056
100191
101405
101595
102057
102073
102193
102241
103054
103057
103583
103583
104264
104271
104383
104626
105104
105174
105174
105174
105250
105333
105820
106636
106638
107109
107183
107301
107319
107529
107807
107811
107821
107822
107856
108096
108845
109719
110021
111015
111016
111473
112219
112438
112652
112987
113052
113576
113583
115034
115318
115757
115757
116345
116345
116346
116352
116651
