1208
3603
4799
4799
4799
4799
6192
8945
9649
11978
12505
12829
12920
13708
13740
13816
15407
15905
17447
18522
18522
18564
18564
18564
18568
18568
23480
23502
23528
27972
31658
37233
37276
37276
39185
39717
40576
41381
41628
42343
42343
42358
43169
46441
47319
49276
50873
52035
52177
52177
53905
54888
56371
56371
56371
57175
57494
58292
59545
60131
61680
61681
64993
65665
72522
73667
73686
74714
76511
79890
79976
81303
81303
81596
81596
81596
81596
82931
86925
86925
86970
88176
88209
88213
90130
90685
93081
93326
97482
98533
99684
99765
105248
106286
107807
108557
111240
111957
113579
113687
114362
115367
