1090
3885
6825
7136
8559
9189
9189
10558
12175
12431
12979
13227
13685
13740
13740
14125
15120
15374
15721
17171
21881
21939
22299
22344
23528
23528
23847
25711
25711
26199
26301
26692
27806
29397
30229
30606
30745
30875
30877
32628
32628
34785
34785
35925
36947
37119
38075
38075
38076
38185
39518
39521
39561
40007
40180
41113
41546
41911
41923
42196
42357
42995
43086
43575
46787
46836
46876
48123
49113
49229
50847
51636
52519
52755
52755
52755
52868
53535
53542
53542
53542
53542
54188
54189
54190
54678
55357
56684
57499
57907
57907
58863
58866
60493
60971
65682
68910
68910
71473
72156
72488
72898
72898
72998
75660
75836
79258
80767
81596
83992
84434
84526
86677
87830
88187
88209
88644
90249
90285
90285
90328
90674
91045
92133
92211
92728
92769
93224
93257
93481
93498
93634
93665
93699
93700
93700
93700
93700
93700
93735
93771
94111
94779
94816
96745
100179
100179
100193
100638
100638
100638
103806
104136
104788
105174
105177
106543
106640
107638
107836
109596
109717
109719
111061
112193
112598
112773
113685
113685
114370
115318
115484
115662
115676
116075
