1184
2580
2580
2580
3394
3586
3639
3640
3885
3885
3991
4333
4821
5084
5761
5770
6165
8171
8532
8681
8886
9313
9560
10477
10647
11441
11570
11978
11978
12493
12584
12829
12922
13405
13434
13935
14405
14432
14437
14480
14698
14698
14698
14698
14698
14698
15340
15630
15666
16301
16347
16811
16811
16839
17176
17774
17982
18434
18564
18736
18736
18736
18736
18736
18736
18911
19718
20073
21773
21773
21936
22072
22344
22661
22934
23321
23417
23499
23499
23502
23528
23636
23840
23847
23847
23950
23951
24405
25541
26291
26291
26692
26847
26847
27385
27621
27905
28721
30001
30144
30152
30171
30400
30456
30600
30644
30739
30748
31022
31100
31505
31604
31604
31658
31660
31831
31944
31979
32013
33843
34158
34191
34191
34233
34569
34569
35335
35791
36707
36707
36884
36917
37170
37228
37228
37366
37591
37591
37593
37602
37740
37808
37808
37808
38180
38185
38192
38207
38207
38207
38207
38207
38207
38207
38273
38337
38465
38807
38807
38812
38839
38839
39170
39226
39603
39837
40058
40065
40065
40065
40703
40923
40985
41127
41152
41152
41381
41458
41458
41734
41979
41979
41979
41979
41979
41979
41979
42576
42639
42996
43169
43421
43500
43676
43887
44006
44006
44197
44664
44675
44930
44930
44941
45935
45958
46008
46022
46022
46022
46026
46026
46164
46286
46415
46415
46536
47082
47384
47385
47385
47385
47607
48123
48123
48123
48123
48441
48594
49096
49190
49277
50361
50873
51888
51888
51888
51888
51888
51889
51890
52019
52102
52102
52224
53542
54696
54697
54697
54732
55308
55775
57482
57612
58214
58240
59290
59291
59298
60618
60627
60894
61096
61541
61733
61817
61895
62192
62612
63268
63393
63883
63883
63998
64134
64134
64549
64675
64675
64675
64675
64675
64681
64681
64902
64993
65208
65449
65478
65478
65665
65683
65826
65886
66042
66043
66509
66553
67035
67658
68327
69023
69934
69934
70045
70048
70529
70618
70618
70948
70948
70950
71011
71011
71018
71963
72011
72902
73203
73246
73248
73248
73941
74346
74565
75175
75647
75762
76116
77031
77385
77405
77408
78061
78061
78061
79027
80753
80760
80888
81243
81243
81251
81251
83181
83347
83363
83780
83780
84983
84983
85372
85372
85388
85852
86178
86501
86831
86831
86930
87654
87693
87828
88041
88128
88209
88471
88493
88653
88844
89324
89420
90021
90021
90125
90125
90185
90185
90186
90186
90186
90186
90186
90186
90186
90187
90192
90192
90192
90194
90194
90521
90603
91044
91900
92300
92777
92884
93324
93869
93903
93966
94100
94129
94535
94535
94535
94537
94537
94826
96025
96493
96500
96757
97890
98461
98860
99228
99396
99498
99498
99546
99580
99781
100448
100448
100604
101367
101367
102018
102038
102487
102487
102489
102490
102491
102491
102491
102491
102493
102913
102971
103057
103305
104264
104271
104408
105177
105177
105328
105344
106103
106707
107052
107807
107807
107807
107807
107829
108694
108694
108696
108696
108696
108696
108696
108696
108696
108696
108696
108697
108700
108704
109281
109866
110361
110374
110486
110686
110723
110845
111331
111456
111459
111590
111603
111708
112987
113375
113606
113669
113685
113685
113687
114162
114442
115186
115794
115838
116585
116651
