2383
2589
3558
4044
4621
4814
4814
5137
6079
6557
6894
7174
8556
11933
11998
13105
13105
14232
14555
15179
15680
15698
16408
16458
16642
16924
17095
17809
18381
18381
18383
19251
20601
20601
20601
20601
21522
21522
21939
22252
23528
25039
26088
26089
26090
26092
26674
26710
31023
31347
31658
32704
33897
34372
35163
35172
35418
38173
39251
39350
39817
41900
41979
41979
42166
42728
43266
43266
43266
43458
44397
44472
45157
45157
45665
45673
45742
45867
48050
48127
48762
49453
49512
49512
51718
51745
53468
53531
55175
56225
56350
60007
60167
60427
61063
62239
62284
62562
63647
65438
65665
65683
65684
66160
67408
67783
67935
68249
68432
68701
68736
69177
69238
69356
69460
69970
70750
70752
71107
71901
72276
72290
72312
72323
72328
72329
72718
73856
75086
76680
77067
77067
77067
78391
78734
80200
80882
80882
80884
80888
81711
82331
83251
83688
83688
83688
84990
87625
87742
88062
88062
88062
90280
92946
92946
92946
93096
93405
95486
95673
95857
97667
98227
98525
98525
99279
99790
102491
102745
103596
103860
103860
104458
104460
104462
105935
107030
107313
107381
108671
109814
110301
111951
113256
113256
113685
113685
113685
113685
114042
114136
115276
115394
115462
