1386
1482
2383
2589
3484
3558
4044
4115
4765
4814
5137
6894
7174
7174
8058
8556
8794
8800
10633
11933
12207
12282
12774
12881
13838
14232
14522
14730
15178
15178
15383
15383
15930
16287
16408
16458
16786
16786
17095
17170
17622
17809
18381
18383
18417
18418
18418
18418
18484
18564
18574
18574
18718
20601
20601
20601
20601
20601
20601
20601
20601
20601
20601
20601
20601
21522
22076
22252
23058
23502
23528
23528
23528
24938
24938
25091
25091
25272
25708
26088
26089
26092
26092
26710
27849
27901
29247
30689
31269
31569
31658
32704
34149
34373
35189
35193
35418
36819
36820
36820
38020
38075
38173
38195
38642
39251
39525
39666
39817
40329
40391
40576
40576
40650
40995
41190
41266
42378
42728
42788
43169
43266
43266
43274
44196
44197
44472
44698
44762
45157
45157
45157
45157
45157
45157
45159
45182
45182
45183
45197
45673
45692
45820
46022
48050
48086
48762
49453
49512
51525
51745
51841
51843
51846
51846
52351
52985
53468
53531
53537
53542
53542
54319
55175
55175
56174
56225
56350
56794
57532
57578
57578
57612
57998
58056
58151
58393
59739
60410
60427
60493
60829
60972
60972
60972
61063
61076
61183
61183
61595
61895
62855
62855
63243
63647
63647
64903
65097
65097
65438
65665
65665
65665
65684
65684
66043
66917
67065
67408
67408
67409
67783
67935
68249
68539
68691
68691
68736
68736
68784
68784
68870
69204
69354
69470
69675
69970
70082
70210
70742
70750
70750
70752
71901
72167
72276
73163
73794
77067
77067
77067
77171
77171
78734
78744
79027
79918
80200
80738
80755
80755
80760
80882
80882
80882
80882
80884
80884
80884
81036
81712
81712
82331
82468
83251
83311
83358
84168
84434
84990
86086
86224
86412
86831
86955
86955
86997
87625
87686
87968
87968
87968
88062
88062
88062
88062
88176
88176
88176
88209
88209
88209
88254
88724
88724
89318
90125
90330
90330
90674
91039
91184
91243
91567
91617
91688
92000
92211
92946
92963
93787
95673
95678
95687
95857
95857
95857
96151
96841
97667
98227
98498
98525
99256
99279
99546
99546
99781
103155
103596
104395
104458
104458
104458
104458
104458
104458
104458
104459
104460
104462
104476
104477
104477
104995
105174
105452
105955
106226
106231
107535
107811
108091
108671
108826
109767
109814
110301
110486
111185
111705
111901
111950
111951
112056
113256
113425
113685
113685
113687
114370
114370
114390
114519
114962
115102
115318
115318
115394
115394
115394
115462
115794
