524
753
1067
1474
1475
1661
2745
3602
3636
3754
3838
3885
4122
4122
4607
4765
5012
5564
5617
5803
6178
6383
7745
7745
7931
8185
9085
9526
9754
10046
10047
10173
10330
11731
12507
12920
12935
12935
12935
12962
12964
13352
13706
14420
14480
14980
15622
15630
16287
16301
16361
17231
17321
17493
17912
19151
19156
19331
19720
20456
20457
20496
21261
21265
21348
21773
21860
21860
21867
22072
22344
22931
22931
22931
23210
23259
23279
23321
23321
23321
23502
23528
23528
23528
23528
23895
23999
24210
24241
25511
25914
26511
26511
26587
26869
27385
27405
27432
27501
27535
27536
27901
28363
28365
28700
28970
28970
28973
28973
28996
29024
29236
29289
29296
29329
29329
29329
29329
29504
29564
29603
29786
29854
29940
30000
30148
30148
30229
30229
30254
30263
30272
30314
30707
30905
30919
30919
31324
31604
32051
32628
33364
34502
34784
34828
35163
35187
36123
36123
36140
36152
36411
36650
36650
36742
36809
36847
36947
37032
37542
37542
37542
37542
37542
37542
37542
38076
38188
38433
38811
38839
38927
39144
39913
40433
40504
40691
40703
40717
40848
40870
40873
41003
41129
41152
41349
41349
41451
41471
41661
41995
43320
43575
43992
44397
44492
44833
47319
47736
47906
48123
48185
48385
48537
48594
48686
49087
50870
50873
51273
51307
51307
51676
51925
51926
52004
52004
52035
52180
52408
52755
52755
52921
53622
53802
54505
56378
56495
56495
56553
56615
56636
56639
56640
56684
56684
56684
56721
56737
56763
56774
56774
57322
57494
57760
57809
57998
58286
58762
58896
58896
59560
59782
59783
59828
60007
60499
60603
60603
60885
60993
61096
61595
61721
61827
61921
61991
62422
62482
62487
63004
63048
63269
63824
63850
64343
64408
64829
65097
65097
65665
65886
65995
66021
66043
66086
66175
67230
68219
68408
68408
68408
68408
68410
68418
68419
69069
69069
69341
69462
69571
70156
70294
70936
71011
71011
71011
71018
71018
71018
71398
72155
72488
72684
73034
73160
73163
73177
73260
73651
73823
73889
73944
74645
76145
76562
76583
76973
76973
76973
77033
77402
77539
77541
77820
78142
78960
79976
79980
80728
81286
81303
81773
82424
83013
83364
83403
83834
83834
84146
84189
84569
85566
85610
85646
85655
85681
85974
88055
88209
88262
88831
88831
89283
89318
89318
89432
89636
89636
89657
89657
89662
90124
90157
90285
90513
90613
90674
90685
90685
91456
91657
92732
92925
92956
92963
92978
93096
93096
93241
93326
93477
94415
94651
94673
94673
94706
94724
95757
95854
95854
95985
96642
96647
96697
96744
96757
97853
98889
98892
98892
98892
98904
98918
99830
99990
100726
100752
100934
101012
101042
102425
102491
102819
102819
102976
104271
104378
104409
104460
104500
104595
104628
105080
105136
105144
105177
105248
105364
105577
105604
106060
106401
106917
106922
107297
107372
107674
107807
108361
108567
108621
108792
108949
109572
109709
109720
110216
110241
110268
110539
110539
110696
110721
110978
111002
111015
111061
111240
111434
111704
111944
111953
112364
112383
112407
112528
112536
112536
112607
112608
112608
112785
112855
112860
113621
114370
114721
114723
114735
114788
114838
114838
114838
114843
114912
114924
115337
115442
115633
