2379
2391
2685
4512
4512
5800
5800
9125
9419
9914
10345
10345
11232
12281
13342
14228
14228
14439
15340
15365
16120
16660
18486
18486
18486
18527
18527
18683
19364
19860
21522
21867
21867
21939
22523
23502
23528
23528
23528
23528
23528
23528
23847
23847
25164
25164
25164
25164
25164
25164
25164
25164
25164
25164
25165
25165
25165
25711
26301
26774
27738
28035
28363
30843
30872
31022
31144
31940
31940
32320
32628
32680
32680
32680
32702
32702
32704
32704
32808
32825
32825
33576
33576
33576
33576
34598
35401
35666
35720
37388
37686
38205
38807
39286
39437
39585
39828
39837
40276
40326
40498
40498
40996
41270
41272
41605
41734
41979
42348
43575
44486
44486
45664
45665
45665
46024
47851
47997
48123
48123
49148
49152
50873
51777
52868
53311
53535
53542
54732
56836
57155
57372
58715
58875
59148
59545
59545
59545
59572
60007
60027
60603
60968
61096
61217
61655
61815
62096
62529
62618
63454
64191
64684
64684
65665
68408
69069
69775
70293
71536
71545
71736
72045
72049
72056
72412
73260
73594
73943
75762
76994
77623
78960
80698
81260
82011
82866
82866
83528
84348
84826
84982
84990
84990
84990
84990
84990
85508
85740
85744
86442
88176
88187
88209
88831
90125
90603
90604
91132
91168
91480
91482
92259
93309
93309
93309
93309
94318
94928
94937
95336
96050
96757
101244
101389
101731
101731
102057
102057
102306
104329
104721
104819
104863
105117
105174
105504
105575
105884
105919
105955
106929
107807
109276
109373
109375
109706
109717
110196
111901
112042
113425
113463
113685
113707
114390
114567
114567
114567
114567
114636
114643
115009
116131
116769
