1577
2850
2862
2862
3586
4428
5058
5188
5188
5482
5482
5552
6192
6557
6601
8077
8093
8149
8412
8841
9815
9913
9913
9958
10061
10257
10459
10472
11804
12138
12225
12328
12354
12422
12534
12573
13812
13838
14201
14734
16091
16091
16120
16121
16303
17171
17176
17912
18273
18273
18460
18460
18460
18568
18722
18725
19364
19364
19364
19364
19364
19364
19364
19364
19364
19364
19364
19364
19364
19423
19423
19428
19486
19488
19517
19755
21773
22007
22661
23079
23080
23081
23279
23289
23321
23480
23502
23528
23552
25169
25183
25540
26297
26368
27061
27094
27183
27183
27446
28117
28365
28497
29211
29247
29472
29475
29475
29477
29866
30000
30145
30162
30758
30758
30993
31022
31352
31604
31837
34178
34440
34598
34828
35593
35785
35785
35785
35787
35787
35791
36815
37138
37139
37155
37233
37415
37417
37517
37545
37545
37706
37818
37844
37844
37844
37936
37936
38185
38317
38810
38839
39170
39663
39704
39864
40050
40065
40395
40573
40573
40573
40576
40703
40822
40822
41381
41427
41462
41970
42256
42673
42673
43050
43169
43169
43266
43266
43699
44479
44479
45033
45388
45413
45425
46022
47395
47851
47851
48026
48257
48855
49220
50361
50873
50873
50873
51245
51522
51613
51895
51895
51903
52297
52410
52868
52996
53531
53535
53829
53902
54076
54076
54076
54302
54895
56162
56223
56486
57031
57034
57040
57170
57175
57494
57494
57518
57717
57975
58010
58761
58943
58943
58943
59531
59545
59548
59551
59561
59563
59564
60131
60603
60603
60603
60785
60785
60786
60788
60788
60972
61096
61183
61344
61571
61911
62192
62239
62250
62286
62433
62606
63998
63998
64191
64438
65097
65478
65665
65826
65826
65870
66043
66043
66319
66319
67212
67421
67507
67815
67932
67932
67932
68399
68418
68419
68420
68530
69069
69069
69069
69069
69069
69470
69527
69866
69957
70293
70293
70293
70618
70656
70656
72190
72488
72782
72896
72902
73794
73894
73895
74025
74293
74293
74799
74799
74799
74799
74799
74799
74799
74799
74799
74799
74799
74799
74799
74799
74799
74799
74799
74863
74863
74863
74987
74987
75156
75299
75370
75657
75657
76680
76942
76942
76942
76942
76942
77033
77034
78142
78743
79833
80300
80753
80753
81224
82851
83347
84229
84625
84625
84625
84982
84989
85508
85782
86299
86831
87517
88165
88165
88187
88209
88209
88633
90064
90218
90578
90673
90685
91184
91994
91995
91995
92006
92731
93211
93224
93224
93945
93945
94638
94638
95596
95855
96025
96050
96550
96550
96550
96550
96550
97667
97667
97667
97667
97667
97673
97673
97673
97673
99566
99920
99990
101238
102057
102057
102057
102057
102057
102057
102057
102487
102487
102487
102487
102490
102501
103033
103054
104823
105079
105174
105364
105504
105504
105884
105919
105958
106033
106378
106897
107030
107245
107268
107275
107301
107807
107807
107807
107811
108310
108772
108772
108822
108996
109202
109636
109640
109640
109651
109957
110155
110155
110486
110486
110978
111094
111457
111590
111590
111620
111620
111620
111620
111620
111657
111950
111950
111950
111953
111959
112030
112161
112176
112555
112987
112987
112987
113375
113577
114370
114390
114672
114706
114838
114936
115415
115637
115863
116088
