1040
1468
2740
2797
2862
3831
3885
4814
4814
4897
4922
5647
5667
5739
6246
8352
9874
10047
10047
10330
12538
12626
12701
12881
13740
13838
13838
13838
14259
14259
14410
14410
14410
14482
14628
15621
16091
16095
16271
16301
17493
18285
18418
18418
18780
19117
19117
19117
19117
19117
19117
19117
19117
19117
19118
19118
19364
19438
21579
21579
21773
21860
21867
21867
21968
22113
22523
22896
22897
23480
23502
23502
23528
23528
23851
25091
25444
26835
26845
26847
26848
26853
29858
29860
31052
31261
31830
36031
36707
36809
37731
38184
38185
38650
38807
38807
41059
42357
42437
42499
43086
44023
44023
44950
46255
46255
46255
47319
53492
53542
53542
53850
53905
54253
54303
54678
55794
56374
56375
57071
57170
57530
57609
57975
58119
58119
58119
58132
59394
59573
59755
60131
60410
60427
61095
61096
61640
61645
63127
63269
63635
63998
64652
65665
66021
66021
66021
66043
66043
67278
67408
68076
68076
68285
68408
68506
68530
69068
69076
71011
71041
72599
73160
73160
73177
73182
73835
74546
75154
76505
77396
77396
77659
78627
78636
78960
78960
78960
81914
82713
84990
84990
84990
84990
85960
86210
88165
88176
88209
88209
90125
90125
90279
90280
90724
90724
91064
91066
91184
91184
91205
91205
91227
91227
91227
91227
91322
91389
91389
92001
92056
92271
93211
93211
93257
94068
94210
94210
94213
94253
94253
94297
94297
94396
96394
97467
100691
102057
102057
102098
102819
102975
104136
104458
105116
105116
105174
105177
105401
105503
106307
106623
107811
109288
110696
110884
111015
111448
111459
111459
112030
113409
113685
114838
115394
115936
115980
116390
116390
116883
