2379
2706
2859
3586
3600
3615
5189
5678
5678
7572
8352
8681
8885
8913
10405
13479
13706
13838
14176
14439
14730
15383
17493
17992
18337
18418
18769
19923
23058
23233
23321
23321
23480
23559
25091
25097
27532
27887
30856
31082
31207
31241
31371
34149
34648
35193
35242
37686
39500
39500
39506
39561
39599
39704
40065
40472
40697
41113
42007
42283
42639
42771
42797
43086
45157
45157
45157
45157
45157
45157
45665
45723
51525
52337
53492
55513
56378
59394
64134
64134
64134
64343
66043
67783
67783
67783
68784
68836
69283
69354
69354
69356
70489
71736
72718
72771
73301
76512
76591
76591
76990
77030
77067
77067
77067
80372
80452
80452
80755
80760
80897
80979
82347
83181
84526
84990
86668
87381
87479
87748
87798
87968
87968
88176
89205
89205
90280
92696
94408
94973
96922
97196
97266
101367
103040
103101
105031
105031
105174
107856
109767
109767
110359
110979
111581
111581
113425
113685
113687
114107
116343
116423
116651
116883
