1207
1327
1993
2065
3631
3811
4082
6123
6123
6123
6123
12827
12881
13838
13838
13838
13849
13849
13849
13849
13849
14531
14594
14732
15930
18196
18202
18351
18352
18564
18564
18575
18689
19403
19459
19740
22302
22344
26301
26845
26848
27356
27806
27852
27951
30080
31455
31582
32320
34632
34770
37276
38185
39717
40276
40471
40472
41266
41266
41324
42028
42028
42028
42120
44488
45030
45388
45909
47042
47894
51636
52410
53712
55012
55092
55092
56174
56174
56223
57031
57493
58875
58875
58875
59804
60522
62436
62436
63629
63629
63629
63629
65118
65665
65665
65665
65665
65665
66635
66638
66676
66727
66742
66755
66761
67533
68210
68346
68449
71967
72494
72682
75660
77067
78529
79724
80788
80791
81052
81528
81528
84019
84990
84990
84990
85508
86702
87968
88176
88176
88187
89474
89623
90125
90521
90585
90691
91841
92968
93326
96090
97467
99085
100089
100089
100411
101796
101873
102487
102505
103040
103149
104700
104935
105011
105068
106068
106071
106992
107811
108620
108620
108846
109104
109196
112987
113375
113399
114364
114370
114829
115565
116086
116351
