2797
2797
2797
2804
2815
3885
4763
5619
6635
7368
8171
8681
9189
9294
10649
11432
11796
11804
11932
12766
12920
12935
12959
12959
12971
13008
13227
13740
13914
13914
16091
16301
17912
18270
20128
21860
22113
22344
22896
22896
22896
23480
23502
25628
25628
25629
26021
27042
27405
27806
30217
30308
30800
31052
31595
32050
32246
32628
32628
32628
32628
35573
35787
36691
36816
39745
39745
40007
40065
41979
42023
42111
42111
42111
42111
42112
42112
42423
42527
43169
43354
43354
43354
43357
43357
44650
45311
45388
45454
45629
45676
47972
49152
49157
50572
51275
52301
53496
53496
53531
53531
53531
53531
55180
57175
57175
57175
58950
58950
58984
59005
59007
59008
59008
59008
59008
59573
61217
61217
61820
61921
61966
65665
65665
65665
66043
67100
69554
69966
71107
71443
71485
71736
71736
73941
74496
76013
76103
76103
76149
76478
76478
76814
77760
78185
78201
78201
78239
78257
78257
78257
78258
78258
78259
78960
78977
79643
81781
86720
86720
86720
86720
86997
87553
88176
88176
88438
89581
89623
89623
90213
90279
90279
90285
90578
90746
90746
91020
93192
93874
94776
94848
94848
94848
94848
94848
94848
94848
94848
95793
95793
95838
99748
100598
101190
101976
102698
103081
104338
104384
104699
104822
105310
106289
106721
106724
106724
106749
106803
106922
107124
107807
107811
107811
109719
109719
109719
109719
110446
110668
110730
111061
113407
113425
113685
114142
114142
114167
114364
114838
115318
115394
116086
116172
116175
116176
116176
116651
