1681
3525
5188
8525
12766
13838
13849
14523
16099
18196
18703
19790
21945
21958
22896
23851
25095
25708
25711
26406
29216
30875
31604
33934
33940
33940
33940
33952
34030
34056
36450
38185
38204
39717
44486
46675
51874
53531
57954
60007
60115
61220
64343
64729
65493
68408
68622
68870
69069
72929
73366
73370
75769
76544
76680
78846
81383
84052
84213
84526
84990
86831
92001
92731
93158
93451
94117
94353
96540
96543
96543
96720
97796
98860
99643
99643
100504
100504
100504
104575
105176
106448
108835
110469
110655
111774
112987
115374
115596
115964
116651
