1252
2729
3780
3780
3780
4726
4726
4765
5727
7291
7439
7690
8880
8916
8916
9517
9517
9517
9517
9593
10176
10346
10647
10647
10647
10649
10657
11200
11200
11949
11998
12209
12257
12258
12534
13465
13812
13812
13812
14125
14299
14432
14432
14432
14432
14434
14599
14599
14760
15686
17277
17314
17774
17774
17774
18153
18153
18282
19756
21103
21860
21976
22080
22934
22934
23233
23499
23502
23502
24841
24841
25272
25272
26059
26548
26774
26774
26774
27146
27901
29059
29483
29649
30596
30711
30843
30843
30856
34099
34233
34732
35084
35084
35084
35450
35450
35450
36923
37591
37816
37844
38733
39170
39251
39465
39518
39562
39691
40065
40065
40490
40491
40573
40704
40943
40945
41059
41059
41059
41059
41059
41059
41115
41127
41202
41734
41979
42132
42729
42961
43036
43169
43458
44077
44356
44356
44356
44356
45157
45157
45157
45157
45664
45909
45935
47059
47281
47281
47281
47281
47281
47319
47628
47960
48182
48569
49324
49324
49324
49324
49324
49324
49631
50873
51522
51522
51522
51895
52145
52309
52343
52538
52590
53531
53531
53539
53802
53953
54088
54088
54138
54167
54277
54360
54360
54360
54454
54454
54678
54678
54678
55260
55260
55260
55377
56209
56223
56225
57137
57137
57137
57137
57149
57149
57149
57149
57175
57518
57762
57975
58235
59256
59882
59882
59882
60972
60975
61920
61920
61920
63174
64112
64165
64165
64343
64548
64838
64838
64838
65454
65665
65665
65862
66086
67671
67767
68086
68579
68579
68579
68579
69238
69321
70489
70489
71214
71620
71622
73160
74501
74720
76973
77035
77035
77588
77820
77820
77820
77820
77892
77893
77900
78378
78392
78393
78506
78809
79048
79560
79560
80035
80035
80548
80704
80888
80888
80888
80888
81094
81094
81224
81224
81224
81233
81584
81584
81826
81826
81826
82741
82966
82966
82966
82966
82966
82966
83301
84989
85358
86565
88164
88176
88663
88759
88778
90280
90674
91434
91660
92569
93107
93107
93369
93369
94512
95501
95862
97386
97467
97467
98194
98194
100131
100304
100482
100564
100691
101798
102491
102979
103261
103591
103615
104242
104566
104686
105920
105955
105955
106103
107301
107657
107807
107811
107843
108625
108625
108702
110618
110618
110618
110618
110618
110618
110621
110723
110978
110978
110987
111072
111950
112528
112555
113603
113685
114163
114360
115318
116165
116215
116288
116456
116651
