2445
2506
2642
3067
3269
3269
3271
3334
3343
3811
3811
3811
3811
4055
4621
4621
4621
4621
4621
4621
4621
4621
4621
4621
4621
4621
4621
4621
4621
4621
4621
4621
4621
4621
4621
4621
4621
4621
4621
4621
4621
6287
6287
6287
6519
6536
7092
7092
7092
7856
10725
10856
11419
19617
20196
20212
20358
20360
20360
20609
20609
20640
20640
20640
20640
20640
20640
20654
20807
20807
20858
20858
20901
20949
20975
21026
21026
21026
21293
21355
21455
21477
21901
22563
23611
24388
26128
26128
26128
26360
26423
26594
29131
29149
29472
29586
29587
30421
30421
32590
32779
32779
32779
32779
32779
32976
33078
33208
33431
35883
36128
36752
36759
36793
36793
36793
36793
36793
36793
37343
38391
38426
38516
38516
43336
43946
44632
45327
45331
46474
46939
47013
47015
47015
48760
49296
50382
50864
50864
50985
51069
51170
51378
51522
51522
51605
51753
51755
51755
52165
52165
52192
52221
52333
52492
52509
53322
53357
53357
54027
54027
61202
61310
62348
62697
62934
64320
64611
64611
64713
64988
65198
65416
65416
65426
65471
65471
65637
65637
65972
65972
65972
65972
65972
65972
65974
67148
67433
67433
68209
68579
68733
69304
69304
70539
70539
70539
70554
70554
70554
70555
70555
70556
72011
72784
74167
74191
74191
74328
74369
75018
75018
75018
75660
76903
76967
77559
77974
78068
78071
78168
78172
78625
78711
78747
78748
78762
78813
78814
78906
78921
79182
79297
79310
80508
81460
82069
82330
82771
82779
82779
82893
82900
84495
87885
88012
88498
88864
88968
89061
89073
89073
89978
90046
90050
91413
91987
92546
92860
93045
93045
93049
93049
93049
93049
93049
93049
93049
94577
94577
95424
95524
95524
95644
95931
96149
96149
96366
97439
97439
97439
97439
97439
97439
97439
97439
97445
97445
97445
97445
97445
97445
97445
97445
97445
97445
97445
97445
97445
97445
97445
97445
97445
97445
97445
97445
97445
97445
97445
97445
97445
97445
97445
97445
97445
97463
97574
97574
97609
97609
97609
97658
97658
98152
102057
102057
103692
103886
107753
107753
108008
108050
111218
111530
111932
112918
112918
112918
112918
112918
113430
