3707
3707
3707
4765
4799
4828
7702
7703
7703
12920
13103
13180
13740
13740
13740
13816
13817
13818
14767
15622
16120
18855
18855
18855
21070
23279
23279
23279
23480
24289
24938
24938
24942
26301
27146
30144
30148
30167
31641
35149
35151
35163
35850
35854
35854
38073
38073
38807
39585
40498
42534
42593
42814
44695
44793
44793
45156
45156
45156
45156
45694
46022
47906
48257
50873
51201
52662
52662
54912
56817
56817
56820
57497
58954
59454
60603
61217
62494
62494
62631
63192
63192
63618
63639
64089
64467
64979
64979
65665
65941
65942
66509
66509
69083
69083
69186
69188
69188
69306
69884
69884
70489
78284
78391
78391
78391
78453
78456
78459
79026
79026
79048
87438
88209
89158
90132
90280
90834
90834
90836
91044
91593
91871
93224
93246
93354
94928
95489
95657
95657
96847
96847
97404
97404
99041
99041
99041
99041
99278
99309
100955
100958
101627
102819
102819
102819
103057
103967
108257
110721
112229
112986
112986
112986
113375
113375
113375
113392
113464
113607
113685
113687
115101
115472
115794
