1849
3558
3600
4258
4629
4642
4833
5220
5413
5415
5415
5416
5416
5416
5888
6646
6769
6821
7832
8249
8310
8310
8380
8380
8397
8525
9815
9816
10046
10330
10330
10377
10452
11232
11232
11232
11232
11232
11255
12022
12075
12075
12573
12738
12935
12944
12962
12964
13098
13703
13740
13778
14355
14355
14439
14482
14980
14980
15079
15166
15168
16133
16717
16797
17497
17700
18089
21141
21157
21773
21773
21807
21860
22020
22075
22285
22344
23233
23233
23321
23321
23321
23484
23488
24292
24309
25711
25772
25772
26195
26195
27492
27774
27849
28362
28366
28394
29031
29031
29032
30001
30003
30152
30308
30703
30703
30768
30912
31071
31537
31604
31604
31673
32100
32119
32119
32119
32320
32628
32628
32628
32666
32666
32680
32680
32680
32680
32680
32680
32702
32702
32702
32702
32702
32704
32704
32825
32825
32825
32825
32825
32825
32825
33159
33312
33576
33576
33576
33576
33576
33576
33843
34938
34938
35593
35609
35919
36013
36029
36117
36819
38190
38396
38656
38843
39244
39561
39666
39666
39808
40050
40065
40065
40198
40573
40576
40581
40584
40585
40585
40587
40589
40589
40590
40590
40590
41184
41605
41660
41702
41734
42120
42517
42542
42911
43169
43266
43575
44107
44108
44405
45276
45388
45410
45744
45744
45744
45909
46022
46113
46180
46788
46835
47395
47395
47803
47882
48271
48271
48271
49143
49260
49260
49669
50560
50847
50873
52004
52151
52164
52167
52167
52305
52518
53315
53321
53542
53850
54529
54938
54981
54981
55775
56374
56394
57578
57812
57878
58008
58715
58875
59454
59454
59454
59454
59454
59454
59454
59454
59454
59454
59454
59454
59457
59462
60170
60410
60410
60410
60427
60427
60510
60510
60510
60603
60989
61911
62047
62286
62633
62924
62930
62930
62932
64159
64159
64819
65081
65084
65095
65097
65097
65097
65097
65427
65886
66180
66553
67100
67100
67100
67829
67829
67830
67940
68061
68408
68419
68420
68506
68758
69069
69069
69069
71018
72155
72158
72896
72898
72986
72994
72997
73053
73053
73260
73260
73941
75879
75879
76773
77031
77033
77034
77269
77912
78298
78960
78960
79027
79027
80169
81286
81298
81362
81362
81397
82226
82442
82931
82931
83528
83529
83569
83580
83834
84526
84870
84965
85655
85988
86412
86668
86673
86831
86831
87131
87327
87520
87520
87752
88165
88844
89474
89475
89633
89636
89729
90231
90265
90285
90285
90285
90285
90295
90674
91481
91482
91486
92214
92214
92214
92214
92235
92259
92340
92340
92340
92440
92514
92522
92522
92534
92534
92534
92539
92959
92963
92963
92964
93211
93224
93242
93326
93634
93709
93887
94415
95264
97014
97364
97373
98639
98854
98860
98860
99037
99085
99498
99932
100642
101238
101258
102282
102487
102594
102819
102819
102819
102972
102976
103054
103054
103290
104162
105135
105248
105275
105504
105845
105958
106062
106082
106640
106640
107109
107811
108355
108869
108917
109104
109160
109717
109717
109717
109719
110978
111199
111415
111843
112324
112517
112598
112598
112610
112659
112787
114324
114347
114355
114362
114362
114362
114364
114370
114370
114574
115318
115422
115637
115902
116086
116101
116216
116216
116218
116399
116675
116675
116675
116758
