2735
6257
9567
10057
10437
12422
13740
14629
15043
16099
17832
17912
21201
21201
21211
21216
22033
22285
22300
22768
22768
22934
25210
25511
26304
27090
27090
27220
27887
28441
28451
30296
30296
30856
31028
32072
32520
32846
34212
34212
35172
36815
37687
38281
38839
38855
39553
40065
40650
41853
42028
42033
42038
42038
42041
42077
42435
45372
45743
47319
47960
53542
55447
56315
57175
57497
57497
59548
60849
60972
61350
64021
64165
65097
65097
65097
65159
68418
70969
72137
72139
72140
72155
72896
73755
73755
73755
73757
74470
74470
74699
74699
74699
74714
74724
74724
75348
75559
75559
75643
79976
80753
81055
81587
81596
81596
81596
81596
81631
81631
87227
89121
89434
90603
90674
90674
92534
94199
94251
98075
101389
101393
101763
101763
101763
101764
101999
102908
104139
104156
104580
105344
105346
105346
105835
106286
106287
106991
107526
107811
107856
107943
108336
108771
108835
108836
108868
108868
109020
109193
110655
110723
110723
112598
112986
112986
113407
113685
116390
116656
