1330
2810
6604
8943
9216
9819
11089
12774
12774
12881
14445
15365
16129
16218
16223
16223
17171
18196
18357
19740
21201
21860
23276
23460
23502
25708
26569
27005
27115
31082
31831
34828
38562
38810
39832
40418
42499
45803
47236
47286
47286
47382
47385
47385
47385
47540
47882
50873
54732
55815
56127
56136
56228
57514
57578
58955
58955
59500
59541
60469
60493
60493
60525
60603
60603
61336
61736
61736
62585
62596
64979
65665
66043
66043
67273
69069
73260
73275
73275
73275
75484
75559
76074
76544
76973
77030
79613
80513
80515
81587
83392
84446
84526
85331
85782
85795
86564
86668
86831
86831
86831
87227
87408
87440
87440
87440
87449
87449
89633
89729
91039
91039
92211
92211
92211
93795
93795
94342
95948
96744
98701
98801
99685
100875
102487
104266
106432
107120
107811
107852
109281
110361
110618
111473
112275
112842
112987
113050
114370
114370
114829
114838
