1208
1416
1683
2702
5084
5084
5149
6557
8325
12139
12829
12920
13740
13740
15057
16087
16458
16458
16458
16486
16486
16486
16486
17095
17095
17447
17447
17447
17447
18206
18206
18357
19364
21141
21157
21157
22010
23321
23528
25364
25708
28490
30001
32320
34598
34598
34615
36815
36815
36817
39666
40455
40498
42985
43498
44407
45665
45673
47430
47430
47630
48697
49390
49390
49419
50404
50404
50873
51445
53850
53850
54732
55286
56817
56933
57170
59574
61389
61389
61595
61839
62436
63199
64134
64134
64134
65592
65665
65665
66043
67278
67385
68523
74799
75060
81466
81527
83583
86956
86956
86956
87871
88176
88910
88912
88914
89110
89286
90096
91064
91064
91064
91495
91497
92841
96443
98766
99985
101903
103323
103628
104458
105177
105599
106804
110423
110670
111186
111187
111524
112555
114370
116883
