1496
1595
2339
2443
2443
2501
2638
2651
3811
3811
3978
4352
4401
4621
4621
4621
4621
4621
4621
4621
4621
4621
4621
4621
4621
4621
4621
4621
5872
5922
5922
7092
7092
7092
7255
7255
7255
7255
7255
7255
7255
7418
12279
12366
12502
12894
12894
15021
15029
16408
16408
16408
16408
16408
16408
16408
16557
19074
19074
19100
19101
19101
19102
19102
19102
19102
19112
19165
19187
19187
19233
19620
19639
19689
19701
19718
19718
20310
20542
20574
20574
20593
20596
20609
20726
20726
20869
20975
20975
20984
21201
21201
21289
21289
21289
21289
21290
21307
21307
21355
21355
21355
21355
21355
21355
21465
21957
22370
22374
22374
22374
22675
23453
23457
23607
24051
24376
24377
24388
24773
24773
24773
24804
24918
24920
24922
24923
24948
24949
24950
26128
26257
26542
29206
29566
33272
33276
33314
33468
34482
34718
35784
35883
35938
35938
35940
36228
36550
36793
36793
36793
36793
38028
38028
38028
38028
38028
38028
38028
38028
38383
38423
42569
43629
43831
44121
44624
44624
45786
46490
46939
46939
46939
46939
46939
47015
47457
47457
47457
48733
49472
49524
49524
49532
50764
50789
50985
51167
51167
51170
51409
51411
51633
52135
52165
52683
52683
52683
52851
53219
53357
53357
53357
53357
54024
54378
55686
57008
58593
61066
61070
61102
61132
61150
61322
62663
62915
63036
63472
64422
64611
64611
64934
65316
65367
65367
65471
65473
67377
68643
68643
68643
68650
69158
70482
70554
70554
71208
71214
71218
71772
72011
72183
72196
72437
73158
73158
73314
73412
73500
73524
73548
74167
74167
74167
74173
74200
74468
74796
75013
75013
75236
75236
75236
75236
75254
75254
75254
75254
75254
75254
75254
75433
75551
76544
76627
76627
76627
76627
76627
76627
76627
76627
76627
76627
76627
77402
77415
77488
78366
78372
78915
79348
79622
79775
80498
80548
80548
80602
80673
80673
81191
81191
81191
81191
82675
82779
82857
83018
83163
83301
83600
84525
85005
85005
85005
85005
85005
85005
85005
85005
85308
85426
86851
87894
88803
88803
88987
88987
89471
89495
89496
89603
89715
89785
89958
89958
90322
92760
92863
92863
92985
93908
94110
94849
94905
94912
94912
94912
94912
95368
95523
95931
96151
96637
97434
97439
97439
97439
97439
97439
97439
97439
97439
97439
97439
97439
97445
97445
97445
97445
97445
97445
97445
97445
97445
97445
97445
97445
97445
97445
97445
97445
97445
97445
97445
97445
97445
97445
97445
97445
97445
97445
97445
97445
97445
97445
97445
97445
97445
97445
97445
97445
97463
97463
97463
97549
97550
97551
97551
97556
97568
97574
97574
97606
97609
97609
97609
97609
97609
97609
97609
97632
97647
97647
97898
98063
98152
98152
98301
98301
98301
98301
98848
98848
98850
98851
98851
98851
98995
98995
98995
98995
98995
98995
98995
98995
98995
98995
98995
99030
99070
99572
99572
99588
101542
102181
102181
102181
102181
103461
103692
103693
103693
103729
104107
108000
108008
108008
108008
110600
110698
111530
111530
111914
111914
111915
111915
111927
111927
111927
111927
111927
111927
111927
111927
112086
112918
112918
112918
112918
112918
113430
113445
113446
113510
113536
113945
113967
115253
