1491
1659
2065
2735
2862
2862
2862
2862
2862
2989
2989
2989
2990
2990
2990
3864
4122
4122
4254
4595
4814
4814
5012
5697
5803
6123
6123
6123
6123
6123
6123
6123
6127
6557
6557
6557
6557
6557
6557
8151
8158
9177
9177
9313
9973
10238
11444
11446
11911
12881
13696
13696
13696
13696
13740
14304
14570
14578
14578
14594
14626
14633
15115
15115
15117
15117
15117
15117
15120
15683
15683
15693
16091
16095
16095
16120
16120
16120
16120
16120
16576
17447
18342
18342
18342
18342
18342
18342
18342
18462
18462
18462
18725
18725
18725
18725
21976
21981
22020
22020
22280
22280
22344
22792
22934
22978
23058
23528
23528
23528
23528
23528
23528
23560
23830
24455
24471
25940
26298
26845
26845
26868
26881
26914
26915
27026
27094
27220
27303
27356
27757
27849
27849
27852
27852
27973
28422
28471
28707
28707
28708
28708
28710
28710
28890
28890
28892
29081
29236
29247
29808
29811
29912
30001
30012
30034
30220
30644
30688
30688
30688
30766
30898
31022
31122
31604
31659
33045
33045
33201
33205
34454
34467
35571
35787
36712
36713
36713
36714
36809
36819
36847
36847
37596
38190
38217
38231
38454
38454
38466
38471
38807
38807
38807
38807
39170
39210
39332
39332
39474
39474
39561
39667
39729
39779
39837
40007
40065
40464
40498
40504
40504
40573
40574
40698
40700
41270
41270
41270
41381
41979
42028
42378
42677
43050
43575
44863
44930
44980
45034
45157
45157
45157
45159
45159
45159
45159
45409
46194
46303
46303
46303
47319
47865
47865
48026
48123
48559
49223
51721
51721
51721
51783
51783
51783
51783
51783
52035
52408
53531
53531
53717
53717
53717
53905
53905
53905
56371
57578
57770
57976
58352
58562
58650
59796
60603
61185
61185
62050
62050
62050
62050
62050
62522
62748
62813
63319
64256
64266
64266
64266
64266
64267
64267
64267
65289
65289
65376
65425
65665
66576
67470
67782
67782
67782
67782
67782
67782
67783
67783
67783
67786
67789
67789
67789
67789
67789
67789
67790
67791
67795
67795
67795
67797
67797
67798
67914
67932
68115
68115
68115
68419
68420
68989
68989
68989
69069
69460
69475
69569
70048
70489
74546
74546
74799
74878
74906
74934
75559
75559
75559
75559
75559
75559
77031
81439
81533
82038
82040
83681
85994
85994
86492
86998
86998
88598
89107
89432
89432
90089
90089
90099
90285
90673
90685
91995
93211
93326
93357
93361
93361
93361
93361
93361
93361
93361
93361
93361
93361
93361
93361
93361
93361
93361
93362
93362
93362
93362
93940
96025
96442
96642
96757
97386
97386
97386
97386
97386
97386
97386
100053
100053
100144
100175
100175
100175
100350
100387
100448
100907
100912
100935
101367
101524
101584
101712
102289
102489
102490
102490
102491
103054
103057
103057
103057
103057
104439
105248
105503
105844
105987
106468
106720
107488
107761
107807
107807
107820
108261
108835
109018
109039
109039
109039
109039
109039
109068
109068
109158
109158
109239
110109
111061
111063
111068
111094
111099
111141
111141
111141
111198
111459
111459
111712
111950
111951
111976
112190
112324
112324
112524
112552
112985
113040
113052
113576
113685
114347
114347
114347
114370
114577
114590
115367
115479
115500
115725
116086
116360
116759
