1179
1299
1370
1617
1617
1657
1657
1657
1657
1657
1767
1959
2023
2065
2093
3558
3603
3811
3885
3927
3927
3929
3946
3946
3946
3947
4680
5747
5810
5814
6150
6150
6152
6220
6222
6257
6351
6393
7119
7136
7291
7291
7291
7291
7987
8171
8310
8428
8525
8786
9085
9116
9216
9216
9223
9320
9408
9776
9915
10039
10046
10242
10377
10568
11924
12156
12182
12209
12505
12535
12612
12659
12774
12808
12827
13225
13409
13740
13740
13956
13966
14006
14054
14117
14257
14258
14295
14296
14434
14475
14531
14578
14671
14769
15057
16091
16309
16417
18769
18956
18956
18957
18957
18957
18957
21070
21141
21151
21201
21881
22020
22344
22344
22879
22978
22980
23208
23279
23284
23321
23480
25338
25338
25338
25341
25341
25341
26112
26304
26483
26609
26903
27192
27500
27509
27520
27951
27952
27953
27996
28149
28149
28325
28325
29668
29714
30011
30011
30012
30012
30012
30012
30220
30380
30703
30772
30818
30823
30839
30856
30879
31017
31082
31259
31261
31261
31660
31812
32320
33326
33328
33984
34128
34776
34940
35163
35277
35982
36433
36433
36433
36731
36741
36847
36884
37037
37037
37228
37228
37543
38185
38204
38204
38398
38669
38695
38695
38756
38757
38849
38849
39244
39505
39510
39525
39561
39562
39562
39562
39562
39575
39575
39691
39691
39721
39812
40007
40573
40813
40985
41139
41152
41152
41202
41266
41266
41266
41267
41268
41268
41268
41325
41573
41718
41919
42409
42411
42435
42639
42674
42917
42929
43050
43112
43169
43169
43266
43468
44405
44486
44651
44833
44950
44989
44989
44993
44996
45033
45038
45405
45664
45664
45958
45958
45958
45958
45958
46016
46016
46113
46278
46652
46939
48172
48373
48385
49226
51419
51430
51437
52004
53405
53905
55225
56374
57494
57578
57940
57998
58070
58286
58462
58875
59454
59560
60183
60458
60493
60493
60510
60510
60972
61096
61220
61350
61655
61709
61796
62322
64907
64979
64980
65097
65097
65115
65155
65829
65829
65848
66043
67250
68408
68413
68418
68419
68870
69069
71460
71492
72155
72898
73160
73203
73274
75657
75762
77031
77733
78312
78993
80437
80787
80788
80798
81019
81043
81123
81123
81527
81528
82336
82745
84841
84841
84859
84868
84906
84928
86412
86412
86412
86835
87387
87460
87460
87968
88176
88187
88209
88644
88670
89319
89643
90021
90134
90156
90280
90674
91596
92211
92410
92721
93107
93107
93192
93224
93342
93361
94948
95834
95986
96436
96808
96808
96865
98183
98341
99920
100086
100100
100417
100440
101238
101238
101361
102515
102598
102972
102972
102975
104395
104458
104460
104465
104627
104985
104985
105250
105328
105331
105488
105965
106036
106196
106311
106346
106402
106445
106445
106445
106445
106445
106446
106446
106446
106446
106446
106446
106449
106449
106449
106449
106449
106449
106455
106455
106458
106523
107058
107058
107444
107444
107444
107445
107657
107658
107664
107729
107836
108008
108008
108422
108620
108868
109182
109314
109717
110351
110721
110723
110969
111198
111199
111458
111458
111459
112273
112598
112598
113040
113052
113685
113687
113687
113687
114136
114136
114454
114833
114838
115318
115318
115318
115794
116086
116176
116651
116675
116682
116853
