2702
2746
3601
4828
4828
4828
4829
4829
5392
5422
5778
6258
6258
6550
6601
6601
6601
6601
6601
6604
8174
8977
9219
9781
12156
12182
12227
12526
12526
12962
12962
13098
13179
13611
13611
13611
13611
13706
13707
14243
14259
14259
14439
14480
14480
14480
14482
15166
15721
16287
17176
17878
18522
18522
18522
18522
18522
18568
18597
19721
21070
21070
21141
21141
21201
21773
21860
21860
21860
23279
23279
23279
23279
23284
23417
23528
23642
24085
24085
24098
24098
24098
24098
24098
24098
24098
24098
24100
24100
24100
24100
24117
24137
24140
24140
24140
24140
24140
25364
26552
26716
26717
26847
27308
27520
27562
27887
27996
28362
28362
28431
30229
30439
30606
30644
31122
31259
31582
32779
33212
35785
35791
36617
36617
36796
36815
37233
37233
37233
37709
38496
38812
40065
40643
41410
41410
41410
41594
41700
41700
41854
42556
42687
43169
43169
43575
44411
44479
44486
44698
45388
45388
46761
47196
47267
47395
47396
47630
48123
48185
48185
48257
48294
50365
51112
51525
51525
51754
51926
51926
51926
51926
51926
51962
52538
53361
53535
53887
53889
53889
54390
55357
55357
55838
56223
57494
57878
58286
58506
58506
58516
59454
59454
59454
59454
59515
59804
61336
61369
61852
61911
61911
61911
61921
62085
63269
63269
63269
63269
63269
63269
65097
65097
65097
65097
65097
65104
65592
65592
65665
66043
66043
66043
66043
66043
66043
67152
68339
69069
69069
69069
69069
69069
69069
71736
71736
72488
72488
72488
72494
72494
72503
72503
72896
73177
73477
73895
74321
74346
74460
75406
75557
76116
76669
76973
78183
78812
78952
79900
80393
80753
80753
80788
80790
85655
85662
86232
86232
86232
86232
86232
86348
86412
86413
86668
86674
86702
87227
87827
88211
88213
88262
89107
89107
89110
89121
89275
89275
89275
89636
89729
89729
89850
90100
90100
90285
90743
90743
90743
90743
90746
92211
92232
93018
93211
93326
93390
95899
96366
96640
96654
96695
96744
96767
96767
96767
96767
98443
98702
98879
100053
100654
100658
100720
100752
100907
102490
102623
102819
103033
103036
103054
103057
104271
104376
104566
104580
104894
104894
105174
105858
106425
106524
106922
107245
107414
107807
107807
107807
107856
108549
108582
108620
108620
108621
108621
108621
108771
109715
110196
111572
111573
111951
111952
112598
112598
112850
114164
114370
114576
114577
115135
115318
115422
115422
115422
115637
115637
115637
115673
116086
116116
