1416
1900
2160
3107
3120
3929
4091
4536
4658
4765
4765
4765
4767
4951
4985
5003
5188
5696
6190
6604
8488
8880
9050
9076
9211
9220
9661
9716
9958
10061
10667
11089
11089
11089
12149
12659
12881
12935
13095
13267
13521
13740
14241
14349
14484
14531
14562
15136
15161
15166
15169
15169
15169
15169
15340
15347
15382
15693
16301
16797
18486
18568
19511
19718
20001
20001
20001
20008
20008
20008
20016
20016
21070
21070
21070
21070
21092
21130
21141
21141
21141
21141
21157
21201
21773
21860
21860
21867
21874
21958
21976
22020
22072
22931
22931
22980
23080
23080
23118
23189
23528
23528
26059
26609
26634
26634
26634
26637
26845
26847
26847
27136
27267
27996
27996
28362
28363
28483
28490
29211
30001
30167
30167
30217
30230
30308
30526
30684
30875
31017
31022
31022
31029
31092
31100
31350
31604
31658
31997
32628
32628
32680
32680
32704
32754
32825
33294
33485
34158
35135
35666
36691
36707
36707
36809
37228
37228
37233
37384
38185
38205
38642
39170
39170
39497
39518
39561
39561
39681
39691
39691
39829
40007
40065
40416
40444
41046
41127
41152
41470
41853
41951
42958
42984
43169
43243
43266
43420
43421
43441
43441
43575
43634
43934
44197
44448
44479
44486
44486
44486
45388
45410
45410
45603
46022
46416
47851
48292
48634
48666
48751
48855
49277
50781
51037
51525
51889
51893
52164
52410
52521
52533
52662
52662
52696
53099
53310
53310
53504
53542
53542
54732
54854
55263
56223
56223
56223
56239
56939
57175
57578
57672
57673
57941
57941
58008
58286
58462
59454
59454
59454
60410
60427
60427
60510
60627
60972
60989
61007
61096
61336
61350
61655
61735
62286
62631
63680
64064
64408
64729
65665
65665
65705
66043
66832
67647
67940
67940
68211
68399
68510
68523
68530
68656
69069
69069
69069
69069
69069
69135
69434
69568
69568
69653
69966
70183
70232
71011
71018
71024
71820
71820
71820
71851
71944
72158
72366
73260
73667
73716
73719
73755
73957
74470
74470
74470
74470
74470
74470
74470
74470
74470
74470
74699
76215
76973
76973
76973
76973
76973
76973
76990
77031
77033
77301
77301
77304
77304
77623
77733
77739
78326
78338
78391
78506
78916
80168
80209
80513
80515
80515
80520
80520
81587
81756
81766
82931
82931
83011
83528
83770
83770
83770
83770
83834
83834
84206
84654
84983
84989
85508
85978
86297
86668
86702
86831
86831
86831
87033
87155
87431
87449
87545
88165
88176
88209
88210
89107
89107
89121
89238
89729
90130
90231
90231
90285
90285
90285
91079
91087
91537
91666
92214
92214
92214
92214
92234
92440
92991
93107
93211
93309
93795
93821
95265
95282
95296
96442
97568
97968
98219
98219
99175
99396
99590
100280
100301
100448
100652
101760
102195
102636
103628
104156
104156
104159
104159
104566
104863
104887
104935
105204
105504
105884
105958
105987
106022
106520
106635
106640
106853
107035
107036
107245
107328
107674
107811
108008
108008
109202
109349
109657
109717
110162
110162
110361
110486
110486
111110
111240
111240
111240
111240
111408
111409
111456
111458
111473
111791
111927
112307
112523
112610
112610
112734
112987
112987
113052
113685
113687
114635
115336
115535
115852
115968
116015
116166
116172
116456
116809
