1416
1900
3107
3120
3617
3929
4091
4639
4658
4765
4765
4765
4767
4827
4951
4985
5003
5188
5696
6190
6604
8488
8880
9076
9211
9220
9661
9716
9958
10257
10667
11089
11089
11089
12149
12211
12881
12935
13095
13267
13521
13741
14241
14349
14484
14531
14562
14570
15136
15169
15169
15169
15232
15340
15347
15693
16301
16371
16797
18486
18568
19374
19511
19718
20001
20001
20001
20008
20008
20008
20014
20016
21070
21070
21070
21070
21130
21141
21141
21141
21141
21157
21157
21201
21201
21773
21860
21860
21867
21874
21958
21976
22072
22931
22931
22934
22980
23080
23080
23118
23189
23528
23528
23528
26059
26291
26609
26634
26634
26637
26845
26847
26847
27136
27267
27996
27996
28362
28483
28490
29211
29211
29559
30001
30073
30167
30167
30217
30229
30230
30308
30526
30684
30875
31017
31022
31022
31022
31029
31092
31100
31350
31604
31658
31658
31997
32628
32628
32680
32704
32704
32754
32825
33294
33485
33485
34158
34189
36691
36707
36707
37228
37233
37384
38185
38205
38642
39170
39170
39518
39561
39561
39681
39691
39691
40007
40065
40198
40416
40444
41016
41046
41127
41152
41152
41470
41853
41951
41982
42958
42984
43169
43243
43266
43420
43421
43441
43575
43632
43634
43934
43994
44197
44448
44479
44486
44486
45388
45388
45405
45410
45603
46022
46416
47851
48634
48666
48751
48855
50781
51037
51525
51888
51889
52164
52410
52521
52533
52662
52662
52696
53099
53310
53310
53504
53535
53542
53542
54732
54854
55263
56223
56223
56223
56223
56239
56939
57578
57673
57941
58008
58286
58462
59454
59454
59454
59454
59454
60410
60410
60427
60427
60510
60603
60627
60972
60989
61096
61336
61350
61655
61735
62286
62631
64064
64408
64729
65665
65665
65705
66043
66043
66175
66832
67421
67940
67940
68200
68211
68399
68410
68420
68523
68530
68656
69069
69069
69069
69135
69434
69568
69568
69653
69966
70111
70183
70232
71018
71024
71820
71820
71820
71851
72158
73260
73667
73716
73719
73755
73957
74470
74470
74470
74470
74470
74470
74470
74699
74799
76973
76973
76973
76973
76973
76973
76973
76990
77031
77033
77301
77301
77304
77304
77733
78326
78338
78391
78506
78762
78916
80168
80209
80515
80520
80728
81587
81598
81756
81766
82931
82931
83528
83770
83770
83770
83834
84206
84654
84983
84990
85978
86297
86668
86702
86831
86831
86831
87033
87431
87449
87545
88165
88176
88209
88210
89107
89107
89121
89729
90130
90231
90231
90285
90285
91079
91087
91537
91666
92214
92214
92214
92214
92234
92440
92991
93211
93309
93795
93821
95265
95282
95296
95395
95949
96442
97568
97968
98219
98219
98346
99175
99396
99590
100280
100301
100652
100654
101367
101760
102636
103628
104156
104156
104159
104159
104863
104935
105364
105504
105958
105987
106520
106635
106640
106853
106911
107035
107036
107245
107328
107674
107811
108008
108008
108207
108668
108671
109202
109349
109717
110162
110162
110486
110486
110978
111093
111110
111240
111240
111240
111240
111408
111409
111456
111458
111458
111473
111791
111791
111927
112307
112523
112552
112610
112610
112987
112987
113052
113636
113685
113687
114635
114838
115336
115852
115968
116015
116172
116456
116809
