1507
2423
7297
9047
9478
10047
12698
13287
13955
14034
18597
22010
22020
22075
22931
24428
25966
26609
29799
30087
31092
32320
34099
36808
37233
37330
37415
37415
37415
37544
38810
40065
40703
41381
41381
41381
42672
43785
44695
44698
44698
45673
47804
48185
50873
52224
54535
55296
55485
58565
59256
59543
60881
60934
60946
60947
63872
63998
64343
65665
66043
71214
74824
75321
75334
76973
79027
83267
86403
87328
88297
92841
93107
93224
93324
96025
97617
97667
97667
97667
99175
100296
103434
106236
108207
109198
109369
109636
109640
109965
109965
110504
111473
112361
114700
114838
116335
116472
