923
1799
2013
2175
2243
2268
3356
3558
3970
4072
4096
4096
4096
4122
4355
4356
4356
4356
4361
4361
4363
4524
4524
4639
5188
5317
5380
5662
5676
5740
7335
7411
7762
7763
7763
7810
7811
7811
7811
7811
7811
7811
7811
7814
8096
8096
9238
9238
9449
9973
10046
10057
10279
12149
12182
12281
12281
12576
12914
13071
13071
13740
13740
14181
14439
14482
14522
14587
14591
14591
14628
14728
15079
15309
16095
16129
16271
16648
17171
17171
17883
17883
17893
18399
18522
18564
18564
18713
18736
18736
18736
21141
21157
21773
21860
21860
21860
21860
21939
22007
22007
22344
22344
22931
23058
23058
23210
23289
23502
23528
23528
23528
23528
23528
23840
26291
26291
26291
26609
26676
26677
26913
27049
27142
27142
27399
27483
27901
27901
27901
27901
27951
28104
28184
28708
28890
29247
29491
29999
30144
30167
30253
30606
30606
30606
30837
30942
31022
31327
31604
31604
31604
31641
32133
32649
32649
32649
32699
32702
32702
32702
33858
34202
34373
35210
35210
35570
35813
35883
35883
36146
36502
36505
36505
36505
36505
36796
36796
36803
37324
37400
37400
37404
37559
37870
38205
38807
38807
38807
38839
39402
39704
39829
40050
40065
40065
40276
40498
40574
40576
40703
40923
41152
41152
41152
41593
41734
42343
42399
42549
42655
42655
43169
43169
44158
44373
44492
44492
44863
45388
47140
47319
47319
47851
48123
48161
48161
49190
50873
50873
50873
51355
51753
51819
51895
51895
52004
52004
52410
53542
53985
53985
54659
54661
54661
54661
54756
54765
55315
55315
55357
56225
56227
57478
57494
57837
57943
58388
58490
58715
58715
59290
59290
59290
59291
60462
60493
60507
60510
60536
60972
61180
61559
61655
62286
62529
62953
63269
63707
63783
63783
63783
63783
63998
63998
63998
64343
64343
64480
64698
64952
65665
65665
65665
65826
67039
67100
67100
68049
68268
68408
68507
69068
69069
69069
69074
69074
69074
69074
69076
69492
70154
70154
70168
70240
70293
70293
70293
70656
71034
72399
72399
72399
72399
72400
72685
73179
73203
73245
73245
74117
74714
76248
76680
77031
77623
77624
77734
77734
78142
78743
78993
79337
79976
80535
81215
81596
82020
82307
82743
83364
83427
83834
84369
84646
84654
84983
84989
85655
85782
86231
86825
86825
86825
86831
86831
86997
87827
88806
89121
89121
89121
89227
89729
90125
90130
90279
90280
90280
90280
90285
90538
90673
90674
91594
91657
91935
91995
91995
92063
92449
92687
92717
92717
92720
93096
93257
94005
94535
94540
95855
95855
96162
96162
96162
96162
96163
96767
96767
97467
98293
98297
98300
99212
99212
99212
99684
99920
99920
99990
100454
100455
101238
102019
102098
102289
102487
103628
103628
103628
103628
103628
103628
103628
104335
104372
104627
104894
104894
105177
105503
106352
107088
107186
107835
108207
108207
108642
108802
108868
109288
109301
109373
109391
109717
109717
109717
109717
109767
110460
110486
110486
110499
110987
111061
111110
111240
111240
111367
111459
111743
112371
112381
112607
112842
112968
113052
113425
113685
113707
114320
114370
114370
114370
114370
114737
114738
114738
114738
114829
114967
115578
115637
115753
115794
115852
115972
116086
116088
116585
