1937
2862
2862
2862
2862
3048
3738
4878
6557
6915
6915
6915
6916
7056
7056
7157
8410
13550
13740
13740
14523
14654
15383
15383
15464
16151
18460
18564
18725
20073
21958
22896
23233
28104
28442
29211
29876
29879
30011
30688
31604
34435
34435
36396
36396
37281
37311
37311
37334
37576
37682
37686
38642
39024
39717
40650
41059
42124
42186
42256
42639
44587
44651
44833
48559
48949
49121
50873
51615
53492
60459
60459
60459
60999
60999
63695
63695
63695
63695
64165
65941
67783
70210
71033
71545
72893
73163
73239
73428
73428
73428
74799
74879
74953
78027
78948
79051
79051
79051
80905
81251
86259
87611
88176
88209
88209
88209
88209
88209
90096
90130
90674
91943
92000
97673
105031
105177
108199
110723
111330
112194
112324
112555
114370
114370
114370
115367
115394
116758
