1273
3097
3363
3363
3831
4798
4814
4945
5059
6735
7179
8202
8581
11280
12344
13183
13299
13740
13803
13817
14054
14397
14885
18089
18196
18196
18403
18522
18891
18891
19219
19364
21070
21141
21773
21860
21958
22502
22896
23279
23528
23851
23851
23851
23851
24098
26847
27583
27583
27583
27583
28401
30753
30856
30856
30856
30874
31604
31658
32051
32628
32628
35490
35571
35678
36160
36447
36447
36849
37369
37369
38807
39166
40471
41184
42226
42226
43169
44165
46091
47094
48205
48205
49154
52037
52037
52343
57529
58096
58414
58414
58414
58427
59134
59187
61217
61217
61217
61217
61655
63732
63732
63733
63737
65492
65492
65494
65665
65684
66265
67099
67100
67100
67100
67142
67152
68076
68410
68622
69655
71107
71717
73109
73163
73239
73308
73577
74379
74547
79591
79591
80735
81598
81670
83084
83084
83132
84526
84990
86035
86825
87716
87716
87716
87742
87756
88176
88187
90279
90279
90280
91184
91546
91845
92211
92214
93224
93324
93361
94947
95422
95648
95648
96059
96762
98054
99768
102820
103033
103057
103361
105144
105394
105401
105415
105996
105996
106286
111061
112607
112707
113392
113425
114477
114865
115394
115394
115794
115794
116651
116753
