5244
7050
8793
9041
9980
11089
11089
11089
12182
12467
12505
12659
13227
14980
15019
15019
15365
16312
17042
17171
17171
18196
18418
21070
21070
21070
21070
21070
21070
21160
21201
21773
21881
22020
23190
23279
23499
23502
25364
25708
26403
26959
27627
27996
28451
30012
32159
33358
33934
34233
34234
34234
34234
34234
37517
37606
38185
38642
38781
38962
40007
40848
41152
41853
41979
42435
42533
42541
44989
45909
45958
45958
45969
46418
47313
47673
48171
49893
50347
52363
52463
55420
56127
56225
56881
57374
57578
58395
58954
59019
59091
60469
60968
61100
61100
61100
61100
61217
61336
61601
61921
62618
63018
63041
63185
63185
63185
64165
64256
65097
65665
66043
68022
68539
69076
69723
69902
69903
71214
71398
71941
71944
71944
74142
75238
75238
75836
75836
75836
76738
76973
76990
77031
77306
78960
79818
80070
80760
82954
83347
83347
84985
86788
87097
88633
88831
89125
89275
92232
92569
92569
92655
92731
92991
93057
93098
93211
93211
93211
94114
94638
94785
96514
96757
96757
97164
99834
101212
102491
102491
102819
102888
102888
104266
104834
106661
107807
107807
107807
107807
107807
108207
109629
110486
110486
110721
110723
111020
111844
111950
111952
112598
112598
114164
114390
114451
114700
115565
115852
115852
116101
116101
116390
116456
