1491
2776
3603
5337
7628
8096
8144
8581
10152
12355
12506
12829
12881
13368
13403
13838
13838
15169
15693
16099
17639
18381
18649
18691
21141
21578
22020
22020
22768
23528
23528
23528
25036
27327
27583
30011
30182
30880
32507
32507
32507
32507
32680
32702
32704
32704
34149
35565
35787
36340
37228
37384
37686
38038
38172
38207
39170
39446
40251
40434
40472
40574
40581
41427
44319
44479
44950
45673
45673
48123
49230
49512
51895
52662
52799
53542
54188
54189
54412
55828
56183
57555
58275
59572
59726
59739
60410
61096
61680
62370
62370
63191
63979
66042
66884
67132
67385
67421
67829
68840
68840
70194
71011
72137
73109
73755
74642
74699
74721
75559
76940
76940
76973
76973
77248
77630
79027
81587
81596
81596
83132
83316
84990
84990
84990
85739
88062
88062
88062
88062
88101
88176
88209
90675
91617
93795
94548
96526
98328
98464
100653
100967
101244
101763
101763
101764
101927
102371
102696
103602
105348
105835
106289
106901
106911
107237
107237
107237
107237
107835
107943
108411
108423
109288
110459
110723
110723
110723
110723
110723
111094
111456
112513
114365
114567
115565
116231
116390
