1595
1595
1595
2341
2442
2442
2497
2501
2628
3130
4055
4055
4055
4227
4401
4401
4401
4621
4621
4621
4621
4621
4621
4621
4621
5519
5922
5922
5923
6287
7092
7092
7102
7174
7174
7174
7506
7517
7517
10493
10493
12047
12047
12065
12279
12279
12279
12894
15029
18931
18931
18931
18931
19100
19101
19111
19279
19283
19609
19717
20011
20309
20360
20771
20776
20777
20777
20777
20863
20949
20972
20982
21201
21201
21201
21239
21289
21344
21355
21355
22101
22374
22834
22834
22997
24051
24388
24389
24803
25044
25044
25047
25047
25047
25571
26257
26504
26504
26543
32956
33053
33256
35353
35793
35794
35883
36550
36793
36793
36793
36793
37181
37857
38028
42569
43874
43874
43979
44624
44624
44627
44627
45566
45566
45566
45566
45566
45566
45566
45566
45566
45566
45862
45862
46320
46474
46939
46939
46939
46939
47015
48212
48212
48213
48213
48213
48214
48214
48799
48799
50962
50962
50962
50976
50976
50976
50976
50976
50976
50976
50976
50976
51168
51183
51299
51411
51412
51413
51767
52683
53357
54074
54075
57003
57008
60599
61326
62347
62347
62348
62348
62348
62348
62348
62348
62666
63024
63554
63554
64089
64322
65319
65319
65424
66553
66797
67194
68583
68730
68730
68809
68947
70555
70556
71208
72011
72011
72011
72011
72437
73318
73318
73500
73500
73525
74191
74191
74200
74232
74373
75010
75010
75010
75019
75551
75551
75551
75551
75551
75551
75551
76215
76215
76215
76544
76653
76729
77297
77402
77809
77809
77809
77809
77809
77809
78073
78154
78312
78366
78560
78813
79203
79700
80014
80016
80259
80490
80498
80637
82665
82665
82703
82779
82779
82896
82900
82900
83018
83018
83521
83587
83587
84525
84525
84974
85005
85005
85005
85005
85005
85310
85310
87890
87894
88041
88092
88092
88987
88987
89073
89079
89079
89350
89350
89350
89482
89714
90319
90319
90319
90319
94113
94140
94905
94912
94912
94912
94912
94912
95057
95057
95185
95369
95524
95560
95793
95793
95793
95838
96149
96150
97305
97434
97434
97439
97439
97439
97439
97439
97439
97439
97439
97439
97439
97439
97439
97441
97445
97445
97445
97445
97445
97445
97445
97445
97445
97445
97445
97445
97445
97445
97445
97445
97445
97445
97445
97445
97445
97445
97445
97445
97445
97445
97445
97445
97445
97445
97445
97445
97445
97445
97445
97445
97445
97445
97445
97445
97445
97445
97445
97445
97445
97445
97445
97445
97445
97445
97445
97445
97445
97445
97445
97445
97445
97463
97463
97463
97551
97574
97574
97574
97574
97574
97574
97599
97609
97609
97609
97609
97609
97609
97609
97609
97609
97632
97632
97647
97898
98995
98995
98995
101515
101551
101687
103459
103693
103702
103729
103729
103729
103729
103729
103885
103886
103886
103886
103886
103886
103886
103886
103886
103886
103886
103886
103886
103886
103886
103886
103886
103886
103886
103886
103886
103887
103887
103941
104053
104053
104053
104053
104053
107931
107979
107979
108008
108008
108008
108512
108512
111222
111530
111530
111899
111902
111907
111914
111914
111914
111914
111914
111915
111927
111927
111927
111927
111940
112918
112918
113430
113430
113510
113541
113945
113969
114013
114013
114013
114013
114020
114040
