1414
1508
2699
3603
3603
3831
4345
4551
4699
4945
4953
5066
5084
5739
6475
6493
6514
8058
8945
9219
9408
9435
12156
12182
12881
12921
12935
13490
13838
13838
13838
14259
14439
14570
14979
15622
15878
15880
15943
16301
17171
17501
17639
17639
17640
19364
19364
19364
19364
19397
21116
21214
21216
21522
21773
21845
21845
22075
22335
22344
22573
22674
23088
23118
23321
23388
23480
23502
23539
23851
24020
24101
24455
24456
25707
25711
25711
25712
25850
26301
26845
27287
27583
28362
29040
29105
29211
29237
29357
30001
30229
30229
30230
30230
30230
30896
30935
31660
31831
32234
32477
32482
32482
32482
32507
32507
32519
32586
32628
32628
32628
32666
32680
32680
32702
32704
32846
32846
32846
32846
33293
35593
35787
35791
36160
36691
36769
36772
36772
36772
36809
36815
36847
36847
37228
37331
37386
37398
38085
38184
38185
38190
38204
38807
39170
39170
39671
39750
39876
40050
40065
40065
40697
41114
41201
41470
42124
42639
43458
44270
44319
44405
44486
45413
45629
45665
45816
45909
46113
46230
46415
46787
46787
47319
47631
47736
47736
47953
48257
48537
50365
51895
52662
53310
53535
53535
53542
54895
54895
56320
56774
57499
57499
57555
57560
57786
57898
59134
59135
59454
59454
59545
59551
59755
60510
60991
61187
62282
62370
62370
62634
62740
63024
63268
64010
64082
64082
64082
64082
64083
64193
65239
65239
65239
65665
65665
65762
66265
66265
66265
66265
66265
66282
66282
66282
67100
67100
67278
67278
68022
68035
68035
68035
68076
68076
68420
68574
68637
68637
69068
69068
69460
69866
70165
70170
70908
71011
71018
71018
71217
71434
71440
71440
71823
72062
73109
73109
74118
74470
74642
74642
76544
76544
76544
76544
76544
76544
76578
76583
76903
76940
77623
77624
77652
78636
80039
82058
83681
83834
84526
84531
84788
84930
84990
84990
85630
85896
86278
86412
86668
86831
87155
87360
87668
87668
87827
87829
88176
88176
88831
89357
89434
90280
90280
90674
91159
91592
92214
92956
93096
93211
93324
94512
95241
96744
97467
98202
98959
99174
101763
102098
102288
102487
102489
103054
103057
103057
103593
103602
104072
105177
105184
105401
105503
105604
105854
106213
106778
107836
107856
108045
108348
108505
108505
108835
108856
108856
108858
108868
108880
109020
109158
109158
109276
109281
109288
109288
110446
110469
110721
111240
112113
112113
112113
112113
112113
112113
112134
112324
112369
112369
112608
112726
112986
113044
113647
114171
115676
115757
116241
116312
116312
116313
116390
116456
116671
