1420
1661
2023
2279
2386
2402
4124
4726
5739
6209
8093
8841
9116
9320
9403
10261
10647
12139
12181
12580
12606
12612
12929
12931
13405
13492
13955
14277
14562
14775
14980
15403
15403
15683
15721
16371
16585
17869
18120
18564
19720
19720
20423
20423
20610
21157
21773
21860
21860
21860
21881
21881
21881
21881
21881
21881
21881
22007
22010
22014
22020
22072
22072
22523
22523
22523
22568
22669
22931
23075
23081
23107
23321
23408
23841
23870
24195
24195
24195
24195
24428
24428
25034
25147
25398
25708
25762
26304
26581
26845
26845
26847
26914
27569
27895
28105
28362
28363
29289
29289
30000
30000
30009
30009
30011
30012
30154
30644
30644
30748
30819
30834
30993
30996
31100
31259
31330
31332
31454
31454
31660
31686
31686
32275
32694
32694
32704
33159
33159
33865
34086
34191
34233
34233
34617
34880
36642
36707
36741
36847
37102
37102
37233
37233
37544
37591
37591
37591
37591
37591
37591
37591
37591
37591
37591
37629
37817
37818
37836
37836
37870
38185
38204
38204
38204
38281
38281
38452
38578
38650
38781
38839
39308
39315
39509
39829
40007
40244
40441
40504
41163
41462
41628
41739
41781
41979
41982
41994
42120
42353
42712
43169
43481
43487
43676
43823
44197
44197
44479
44950
44989
45030
45277
47108
47313
47804
50361
50794
50873
50873
51925
52019
52519
52521
53535
53542
55431
56227
56679
56774
57950
60510
61336
61350
61999
62030
62034
62327
62435
62435
62435
62435
62435
62435
62435
62435
62436
62436
62437
62444
62522
62522
62589
62618
62618
63269
63269
63300
64159
64826
64830
64947
65157
65305
65665
65665
65665
65665
65665
65826
65886
66042
66042
66042
66042
66043
66043
66043
66043
66043
66043
66043
66043
66043
66043
66043
66043
66043
66043
66046
66183
66451
66942
66972
67586
67711
67940
68086
68408
68408
68408
69041
69069
69897
70154
70384
70692
70692
71011
71011
71544
72011
72488
72488
72599
72896
73177
73794
73957
74715
74799
75067
75067
75559
75617
75642
75644
76297
77031
77031
77035
77733
77838
77982
78147
78197
78400
80755
80755
81015
81063
81064
81504
81504
81504
81504
82353
83347
83347
83349
83689
83834
84482
84957
85508
85662
86300
86394
86412
86831
87829
88187
88329
88329
88334
88481
88831
88831
88844
88844
89110
89121
89121
89121
89729
90156
90280
90603
90674
90685
90746
91045
91465
92211
92211
92211
92211
92211
92211
92211
92211
92211
92214
92229
92229
92232
93096
93211
93235
93354
93945
94461
95198
95210
95673
95950
98177
98461
98527
98860
99920
100412
100412
100691
100940
101671
102057
103054
103319
103435
103461
104271
104271
105245
105326
105328
105328
105328
105328
105850
105878
105935
105935
106340
106346
106708
107053
107058
107577
107836
108179
108421
109301
109636
109636
109636
109674
109674
109717
110721
111002
111015
111061
111240
111429
111429
111437
111456
111459
111571
111589
111714
111791
111798
111953
112325
112610
112845
112850
112850
112863
113056
113056
113135
113699
114578
114833
114838
114838
114838
114838
114843
114843
114843
114843
114843
114843
114843
115380
115565
115852
116051
116186
116556
116556
