1207
1207
4428
4428
4428
4428
4428
4428
4430
5133
5326
5425
5425
5822
5854
6601
8121
8121
8305
8885
8885
8977
9781
11989
12182
12219
12557
12962
13180
13838
13849
13864
13864
13864
13864
13955
13955
14341
14434
14436
14439
14439
14452
14626
15340
15666
16105
16105
16105
16301
16303
17912
17982
18096
18096
18564
18571
18574
18574
18617
18736
18736
18736
18739
20248
21070
21233
21860
21976
22524
23107
23417
23502
23502
23851
23851
24222
24223
24289
24289
24938
25299
25567
25708
26291
26291
27115
27142
27226
27399
27729
27891
28292
28294
28745
29615
29676
30942
31571
31659
31660
32159
32913
32913
33657
33859
34149
34149
34233
34233
34233
34467
35785
37415
37415
37415
37415
37415
37417
37417
37417
37417
37717
38205
38781
38807
38807
38807
38807
38807
38807
38807
38807
38807
38807
38807
38807
38808
39251
39696
39696
40065
40065
40065
40218
40420
40420
40420
40724
40995
41113
41152
41152
41152
41381
41734
41979
42224
42224
42673
43035
43043
43169
45388
45388
45388
45388
45388
45388
45410
46761
47882
48123
48123
48123
49141
49141
49141
49141
49141
49190
49206
49220
49220
49480
50873
50873
50873
50873
51689
52662
52670
53542
54535
55163
55792
55828
56486
57494
57517
61335
61335
61601
61845
62192
62239
63269
64134
64343
64343
64343
64435
65665
66043
66043
67609
67932
68138
69069
69883
69931
70293
70293
70293
70293
70293
70957
71018
71018
71041
71734
71735
72599
75506
76680
76973
77514
78326
79580
80454
80454
80454
81458
81599
84983
84989
85916
86668
86780
86780
86780
86831
86831
86831
86831
86831
86831
86831
86931
86931
87742
88209
88209
88209
88614
89274
89434
89729
89740
89742
90186
90186
90186
90192
90192
90192
90192
90578
90578
91184
91184
91344
93107
93854
96025
96025
97386
97467
97467
97467
97467
97482
100504
101202
102975
104782
104790
105212
106095
107245
107301
107807
107807
107807
107807
107807
107807
107807
107811
107811
107815
109059
110021
110021
110021
110178
110693
110693
110693
110693
110814
110814
110820
110820
110820
110820
111015
111061
111110
111240
111434
111434
113151
113666
114370
114370
115852
116753
116758
