1048
1862
2062
2223
2699
2784
2915
3831
4026
4814
4814
4988
5149
5250
5790
5792
5894
7431
8380
8806
9131
9246
9372
10411
12149
12573
12665
12959
12962
13180
13238
13391
14106
14439
14439
14779
14800
15166
15169
15456
15456
15880
17493
17912
17912
17912
17912
17912
18024
18024
21070
21355
21860
21881
21881
21976
22048
22048
22097
22665
22682
23233
23499
23499
23502
23502
23502
23502
23505
23509
23509
23528
23528
23528
23528
23528
26959
27013
27142
27399
27532
28022
28206
29142
30229
30659
30707
30707
30707
30912
31017
31017
31505
31796
32296
32320
32380
32530
32628
32694
32754
32754
32754
32754
32754
34149
35573
36707
36809
36809
37037
37119
37276
37384
37384
37400
37400
37404
37819
37819
37928
38808
38857
39471
39666
39676
39773
39814
40276
40576
41202
41381
42130
42256
42343
42351
42576
42639
42673
42755
43266
43485
43487
44405
44486
44951
45388
45664
45728
45728
45909
46721
47627
47723
47784
48084
48182
48206
48271
48644
48751
49152
50873
50873
51753
51754
56225
57381
57381
58000
58008
58304
58810
59457
59797
60410
60410
60410
60410
60410
60410
60427
60510
60603
60603
61096
61096
61217
61217
61224
61336
61721
61851
61862
61912
62218
64343
65067
65461
65886
67470
67711
67940
69069
69069
69074
69076
69076
69436
69568
70232
70626
70656
71011
71011
71033
71398
71673
71673
71851
72868
72868
74093
74714
76973
76973
77030
78524
78525
79980
81504
82520
82532
82737
82831
84323
84432
84982
84983
86035
86831
86831
87155
88165
88176
89107
89657
89729
89730
90222
90231
90231
90231
90231
90231
90280
90280
90285
90578
90802
92211
92211
92426
93224
93481
93481
93622
95265
96280
96756
97386
98202
98525
99685
100280
100447
100634
100992
100993
101212
101230
101847
101872
102820
103361
103440
103606
103927
104284
105144
105249
105364
105999
106445
106445
106707
106911
107120
107306
107807
107811
107815
108162
108868
108936
109717
109717
109717
109717
109717
110162
110778
111018
111459
111473
111703
111712
111735
111960
112219
112601
112610
112859
112989
113044
113158
113458
114370
114435
114463
115367
115596
116312
116651
116676
116821
