1042
1510
2500
2862
2862
3603
3885
4258
4260
4260
4680
4945
4979
5347
5347
5349
5619
5697
6601
8253
8469
10558
11970
12628
13740
13740
13740
13838
14249
14253
14290
14436
16091
16819
17171
17176
18196
18202
18396
18522
18564
18564
18571
19364
20073
21141
21522
21773
21845
21860
21867
21881
22344
22351
22717
23118
23499
23528
23528
23528
23552
23851
24117
24149
24292
24292
24938
25711
26059
26301
26304
26406
26845
27220
27583
27806
28126
28745
29040
29659
29690
30856
31128
31454
31604
32320
32320
32460
32477
32507
32509
32512
32564
32582
32582
32582
32628
32628
32628
32628
32628
32628
32628
32628
32628
32628
32754
32754
32846
32846
32846
33865
34234
34234
34253
34253
34598
34598
34598
34624
35163
35588
35588
35678
35851
35851
35935
36160
36847
37233
37384
38207
38839
38849
39166
39170
39170
39216
39505
39717
40065
40297
40779
40865
41114
41114
41114
42224
42256
43169
44479
44479
44695
44698
44793
45034
45034
45035
45584
45744
46420
47395
47851
48205
48257
48271
48271
48666
49152
52035
52322
52343
52408
52754
52755
52797
52800
53310
53310
53802
54277
54298
54319
54678
55338
55357
55827
55827
56684
57031
57052
57082
57494
57587
57609
57609
57609
57609
57609
57898
57898
57922
57922
58122
58130
59134
59520
59520
59545
59572
59573
59785
60184
60510
60993
62370
62370
62370
62370
62372
62494
62605
62722
62722
62722
62722
62724
62749
62765
62928
63270
64082
64082
65665
65705
66265
66265
67100
67100
67100
67100
67100
67100
67100
67658
67821
67826
67940
67972
68076
68076
68843
69502
69502
69775
70170
71011
71018
71440
71496
71546
71736
71736
72156
73109
73118
73160
73160
73177
73308
74379
74719
74817
76544
76544
76544
76544
76583
77614
78197
78284
78284
78326
78561
78960
80565
81397
81634
81634
83090
84526
84990
86394
86678
86825
86825
86825
86825
86831
87025
87155
87155
87472
87668
88165
88176
88176
88176
88831
88844
89318
89434
89481
90092
90279
90280
90280
90280
90280
90280
90280
90361
90364
90674
91087
91159
91184
91184
91184
91184
91995
92234
92240
92728
92731
93224
93621
93634
93947
94624
94915
94986
99146
99721
100046
100053
100452
100638
101055
101767
102057
102057
102057
102071
102071
102078
102597
102819
103033
103057
103385
103511
103593
103602
104380
104938
106005
106635
107124
107306
107807
107856
108505
108637
108675
109158
109282
109388
109717
109717
109719
110446
110486
110555
111061
111061
111063
111073
111456
112112
112598
114171
114320
114370
114435
115022
115318
115637
116024
116086
116312
116390
116390
116390
116656
116656
