1407
2724
3592
3811
4124
4355
5841
6294
7174
7206
7328
7728
7728
11439
12827
12829
12881
12921
13105
13180
13180
13183
13740
13771
14059
14376
14412
14412
14480
14480
14480
14480
14482
14627
14679
14767
14779
15112
15200
15401
15848
15848
15848
15848
15848
15848
15848
15848
15848
15848
15881
17447
17447
18143
18143
18143
18144
18144
18144
18144
18144
18144
18144
18891
21773
22344
22934
24222
24222
24866
25186
25197
25212
25345
25394
25711
26059
26291
26913
28734
29211
29553
29563
29735
30230
30230
30588
30655
30950
31022
31023
31285
31333
31515
31660
31660
32628
33490
34099
34109
34109
34109
34233
36794
36795
37417
37817
37820
38281
38323
38642
38810
38962
39004
39004
39004
39004
39004
39004
39004
39004
39004
39004
39004
39004
39004
39803
40065
40065
40276
40276
40276
40703
40782
41139
41250
41564
41695
41713
42033
42648
43243
43266
43338
43421
43441
44407
44413
44486
44565
45405
45829
48123
48123
49260
49419
49420
50873
50873
52035
52037
52662
53065
53065
53531
53531
53531
53542
53960
55828
55828
55828
55828
55924
55924
55924
56835
56879
58214
58649
58875
59053
59290
60427
60427
60507
60627
61217
61336
61336
61571
62260
62740
62740
63269
63269
63701
64193
64534
65478
65665
65665
65683
65960
66043
66043
66043
66043
66043
67100
67100
67100
67152
68068
69654
69911
70650
71214
71547
71620
72190
72898
73260
73715
73715
73858
75860
76734
77033
77327
77402
77402
77405
77623
78960
78983
79273
79274
80755
81952
82004
82014
83347
83364
84189
84206
84206
84435
84788
84982
84982
84989
84989
84990
84990
86297
86300
86412
86413
86416
86831
86930
87097
87097
87225
88165
88165
88209
88210
89318
89497
90125
90578
90578
90746
91497
93210
93224
93442
93442
93874
94987
95499
95499
96744
97186
97445
97445
97445
97898
98778
98922
99212
100106
100411
102018
102963
103421
105113
105174
106130
106136
106866
106950
107611
107807
107807
107811
107835
107835
108405
108405
108593
108593
108932
108946
108947
109560
109719
109719
110162
110162
110178
110318
110380
110455
110455
110455
110455
110455
110455
110455
111240
111240
111240
111240
111240
111263
111408
111408
111473
111473
113049
113463
113685
113685
114136
114340
114390
115637
115637
115637
115757
115777
115801
116086
116086
116536
116907
