3885
5478
10927
13803
13817
17095
18013
18013
18317
18317
18564
18564
18649
24306
30053
31660
31660
31707
34552
34642
37686
43043
43266
44448
44720
45958
45958
45958
45958
46297
48005
48123
48123
48205
53490
53531
53531
54535
54822
54835
54838
54841
54899
56933
57499
57956
62704
63635
64165
64165
64532
73308
77513
77513
77513
78960
78960
85329
86825
86825
86825
86825
86825
87044
87044
87752
88209
88209
91184
91266
91343
97383
100663
105174
108096
108880
110021
110021
111240
112886
113246
113246
114477
115394
116456
