1271
1948
1955
2383
3600
3600
3601
3878
3885
6283
6283
6283
6283
6283
6283
6283
6283
7132
7328
7991
8151
8380
8775
8775
9095
9173
9219
9776
10184
10184
10184
10495
10676
10676
12228
12471
12475
12481
12622
12920
12962
13838
14339
14393
14456
15134
15225
15414
15414
15414
15420
15423
16287
17744
17982
17982
17982
17982
21088
21860
21867
22005
22285
22344
23058
23321
23417
23780
23791
25993
26716
26719
27092
27163
27263
27364
27520
27520
27887
27913
28291
29472
29747
29889
30148
30167
30305
30862
31454
31589
31858
32754
34055
34055
34056
34569
35970
35970
35970
35971
35971
35999
36196
36723
37228
37228
37517
37946
37946
38076
38988
39185
39265
39696
39697
39717
40070
40071
40410
40574
41003
41003
41152
41152
41204
42210
42475
42666
43266
44695
44797
45409
45909
46654
48123
50365
50873
51115
52035
52035
52337
52380
53542
53802
53802
53829
55769
55790
55790
55790
55790
55790
55791
55792
55828
55828
57455
57612
57976
58139
58151
58175
60348
60493
61494
61911
62239
62286
63825
65095
67248
67249
67278
68082
68418
68847
68847
69439
69441
69654
70618
71011
71011
71011
71620
71717
72155
72488
72898
73160
73217
74683
76002
78284
78529
78636
78643
78658
79458
79458
79460
79519
79642
79930
79930
80372
80569
81496
85665
85972
86925
87005
88831
89643
89729
90280
90280
90343
90521
90525
90743
90746
91172
91666
91683
91683
91684
91689
91697
91697
91697
91697
91697
91697
91697
91697
91697
91697
92569
92707
93211
93211
93326
93326
93354
94353
94353
94354
94354
94354
94354
94785
95948
95950
96090
96238
97015
97015
97015
97015
97016
97016
97016
97951
98959
99112
100046
100053
100504
102487
102489
102490
102491
102493
104271
104295
105144
105144
105144
105248
105599
105599
105640
105884
106225
106225
106231
106231
106577
107525
108756
108771
108866
110404
110504
110723
111063
111844
111952
114463
115415
116074
116115
