1201
1879
1949
2731
3107
3617
3831
3831
4607
4799
5614
5615
6295
6604
7411
7878
7997
8977
9694
12205
12859
12920
12964
13228
14432
14468
14480
14604
14978
15622
15852
15996
16287
16576
17171
17176
17176
17303
18171
18869
19718
21070
21070
21070
21799
21807
21860
21860
21860
21860
21958
22072
22344
23081
24085
24085
24100
25034
25394
25394
25708
26021
26692
27153
27600
27627
28057
28363
29112
29247
29559
30145
30905
31017
31092
31604
32320
33940
34234
34234
34376
36143
36143
36395
36502
36650
37049
37544
37816
38192
38281
38707
38707
38707
38807
38807
38807
38839
39226
39334
39634
39654
40065
40065
40276
40581
40656
40703
40707
40887
41240
41594
42120
42124
42283
42319
42436
43029
43045
43050
43485
43575
43575
44456
44479
44486
44651
45277
45405
45621
45676
45899
48312
48817
48817
48817
48817
48817
48817
48817
48817
48817
48817
48817
48817
48817
48817
48817
49189
49558
50873
51115
52408
53225
53531
53542
53542
55315
55642
56495
57175
57175
57494
57976
58151
58393
58715
58806
59454
59454
59454
59454
59454
59882
60007
60181
60427
60457
60457
60458
60507
60972
61336
61911
62333
62333
62333
62333
62519
62618
63506
64343
64375
64600
64855
64855
64862
65665
65665
66043
66043
66043
66043
66043
66043
66043
66043
67651
67655
67711
68408
68418
68523
69568
69569
69569
69571
69571
69572
69572
69575
69575
69864
69866
70301
70301
70768
70768
71011
71208
71620
72488
72973
73260
73428
73719
73983
73983
75060
75064
75064
76554
76702
77033
78312
78529
78960
78960
79613
80551
82116
82116
82119
82135
82142
82142
82142
82142
82142
82142
82142
82142
82142
82142
82142
82142
82142
82142
82142
82143
82164
82165
82195
84253
84526
84992
86296
86668
86668
86831
86831
86831
86831
86831
86831
86831
86831
88165
88165
88172
88209
88539
89107
89107
89107
89107
89107
89742
90014
90061
90130
91617
91617
91617
91617
91617
91617
91617
91617
91617
91617
91617
91617
91617
91617
91617
92717
92731
92956
93211
94133
94986
94987
95210
96027
96050
96514
96744
96744
97377
97378
97378
98185
98379
98379
98389
98485
98708
99396
99396
99685
99920
100359
100403
101174
101367
101411
102487
102489
102490
102491
102491
102819
102820
102956
103556
103560
103566
104232
104234
104237
104277
104277
104324
105174
105323
105532
106197
106225
106516
106872
107807
107807
107807
107807
107807
107807
107807
107807
107807
107835
107835
107856
108421
108593
108668
109391
110361
110723
111067
111092
111167
111240
111408
111408
111408
111408
111459
111459
111459
111459
111682
112523
112690
112842
112985
113050
113419
113443
113660
113685
114009
114370
114370
114370
115637
115637
115637
115800
116099
116651
