3127
3897
5243
6601
6601
6601
6601
7910
8093
8177
8234
8234
8352
8469
9258
9945
10007
10007
11932
11949
12192
12192
12286
12752
12881
13105
13740
13740
13806
13806
13816
13838
15120
15120
15177
15347
15384
15686
17673
22978
23058
23499
23499
23502
26551
29110
30072
30358
30600
30773
30993
31023
31028
32320
35193
35334
36226
36226
36808
37930
38281
39505
39666
39819
40018
40708
41061
41173
41196
41716
41899
41918
42682
42726
42797
42833
45894
47145
48257
48424
48561
49208
53490
54078
54078
54078
54078
54078
54086
54678
54691
54705
55529
57998
57999
58151
58151
60167
60183
60493
61655
63942
63942
65043
65478
65686
67444
67444
67444
67470
67471
67651
68415
68622
69068
69076
69076
69524
69655
69719
69845
70489
73163
73163
73280
73621
73983
75120
77067
77067
77128
77143
77227
77228
78005
78839
78839
78841
78859
80209
81056
81224
83132
83364
84104
84990
87374
87374
87374
87387
89121
89121
89557
89557
89557
89557
90521
90521
92696
92879
92952
93192
95980
95985
96025
96379
96596
96606
97467
98062
98181
98959
100940
101238
102288
102490
103628
103628
103661
103661
103661
103668
105116
105175
105364
105878
105884
105935
105986
106986
107753
107776
107784
108745
109766
111061
111228
111228
112986
113399
113425
113470
113685
113685
113685
113687
114164
116716
116820
