2862
2862
2862
3191
3195
3657
5957
5957
5957
6257
9117
10604
12881
13180
13491
13541
13585
13803
13803
13806
13818
17675
17678
17883
17883
18564
21096
21904
22072
25272
25272
25711
26913
29615
30600
30996
38807
40052
40707
40984
42343
42357
42712
42712
42731
42731
43009
43169
43169
44695
44695
44695
44695
45388
47319
47478
51846
52868
54036
54199
54199
54199
54247
56799
57200
58512
59851
60796
60906
60972
61401
62333
62382
62749
62765
62824
62824
62824
62827
62832
62846
63416
65478
65686
67064
67783
68695
70489
70618
70957
72614
73160
73858
80760
80804
84788
85874
86831
87665
87806
88176
89625
90130
92133
92270
94629
95028
95028
95429
95857
95857
96804
99898
105031
105031
106196
106950
107010
107301
108041
109404
109717
114616
115394
115802
