1042
1042
1474
1485
1827
1827
1829
1862
2729
3311
3831
3991
4990
5037
5348
5468
5708
5778
6190
6190
6190
6606
6606
6607
6635
6892
6892
6893
7878
8154
8559
8945
8945
8945
9189
10047
10058
10312
12181
12271
12346
12375
12409
12410
12410
12783
12881
12881
12964
13237
13252
13491
13491
13635
13706
13740
13740
13740
14161
14162
14242
14259
14482
14482
14562
14572
14575
14594
14797
14885
14973
15209
15683
15721
15935
15940
17059
17059
17171
17171
17176
17330
17445
18104
18104
18104
18104
18116
18196
18196
18564
19718
19720
20073
20371
20375
20376
20465
21141
21201
21773
21860
21939
22381
22702
22896
22931
22931
22998
23058
23321
23321
23499
23502
23502
23502
23528
23528
23552
23552
23806
23895
23895
24098
24098
24098
24098
24100
24100
24113
24117
24137
25364
25592
25717
26297
26380
26551
27231
27257
27333
27453
27689
27789
28890
28996
29289
29450
29665
29681
29883
29883
29883
29886
29890
29893
30167
30167
30171
30229
30229
30656
30700
31122
31261
31856
32208
32590
32590
32699
32754
34191
34639
34639
35570
35588
35588
36628
36809
36809
36947
36947
37228
37544
37544
37737
38185
38446
38807
38807
38843
39170
39251
39913
40007
40036
40276
40490
40498
40779
40911
41661
41662
41853
41854
41930
41979
42396
43086
43086
43169
43198
43266
43266
43272
44197
44197
44411
44479
44479
44950
44956
45436
45436
46019
46787
46787
46787
47631
48197
48419
48634
49765
50873
50873
50873
51273
51636
51636
51636
51718
51926
51927
51964
51966
52004
52731
52731
52755
52755
52755
52755
53531
53531
53535
54290
56225
57494
57743
57898
57922
57943
58143
58143
58715
59454
59458
59459
59511
59512
59755
59805
60167
60170
60171
60427
60627
60766
60993
61009
61028
61571
61775
61776
61972
62147
62286
62585
63134
63666
63998
64832
64832
64993
65081
65084
65097
65097
65665
65665
65665
65665
65665
65894
66043
66250
66553
66942
67132
67547
67656
67932
67966
68323
68323
68339
68339
68910
68910
68910
68912
69069
69069
69069
69069
69069
69069
69470
69866
69957
70301
70571
70908
71154
71901
72914
72974
72997
73025
73179
73428
73667
73944
76592
76614
78284
78284
78383
78561
78960
78998
79818
80516
80576
80584
81406
81504
82009
83347
83529
84314
85568
85655
85655
86232
86232
86281
86514
86668
86668
86673
86702
86702
86702
87055
87982
88262
88297
88831
89293
89633
89636
89657
90089
90132
90245
90280
90280
90285
90674
90743
91129
92211
92229
92229
92728
92728
92731
92731
92743
92743
92746
93096
93365
93634
93634
93634
94555
94686
95802
96025
96297
96354
96666
96695
96757
96847
98649
98649
99174
100658
100845
100912
102057
102491
102491
102623
102819
102819
102819
102819
102819
102819
102819
102888
103033
103057
103315
104219
104379
104447
104495
105151
106008
106519
106953
107374
107413
107413
107464
107807
107807
108348
108348
108421
108549
108553
108565
108747
109156
109564
109564
109564
110723
110882
111240
111240
111459
111791
111875
111950
111950
112598
112598
112598
112608
112608
112610
112620
112810
112810
113101
113101
113685
114163
114370
114557
114845
115422
115637
115665
116043
116116
116298
116313
116417
116456
116758
116821
116864
