3536
3904
4363
5190
5696
5957
5957
5957
5957
5957
5957
5957
5957
5957
5966
5981
5981
5989
7931
8151
10885
12344
12702
13093
13159
13550
13806
14623
14779
14838
15120
17674
17674
18002
21773
22007
22896
22934
22991
23321
23506
24041
25850
26551
27433
29247
29714
30205
30987
30993
31455
31558
31604
32115
32291
33859
34134
34434
34434
34436
34436
35235
35280
39251
39260
40520
40703
41979
42712
42712
42712
42771
43043
43266
44165
44698
44904
45182
45183
45183
54732
54974
55473
57668
57943
60469
60493
60493
61217
61217
61217
61686
62765
62765
62827
62830
62832
64903
65665
66164
67278
67783
67783
69023
69068
70168
71011
73160
73594
74799
76990
77034
77089
79519
80085
80553
81068
82468
83300
83342
85329
86207
88468
89238
89798
90089
90124
90130
90228
91184
91477
91733
92211
93224
95793
95802
95805
96804
97210
97219
98069
98086
98461
99396
100280
102485
102491
102491
102491
103646
104395
104460
105031
105031
105039
108378
108694
109717
109924
114364
114364
114684
114700
115093
116686
