2729
2862
2862
3603
5468
5739
9754
12370
13769
14594
15462
17883
17912
18270
19720
21141
23279
23279
23321
23480
23528
23528
25272
25272
25299
30000
30843
31455
31725
31725
32216
34159
34482
34482
34598
35135
36691
36927
39170
40065
44448
44479
44698
44698
44698
44698
44698
44698
45157
45584
45664
45664
48474
53492
53802
53905
53905
54303
56355
56371
56435
56933
56933
57031
57494
57578
57712
57712
57975
58875
58875
60401
61655
62749
62749
63260
63260
64165
65665
65705
65847
67932
68530
68530
74799
74799
74799
74799
74824
74824
77030
77031
77031
77033
78326
78327
78529
78960
78960
78960
78960
78960
78960
78960
78960
78960
78960
78960
78960
78960
78960
78960
78960
78960
80753
81644
84099
84099
87550
87550
87648
88209
88209
90549
90724
91184
91184
91184
91184
91184
91184
91184
91184
91184
92739
92764
92956
93945
93947
95700
98786
98786
98786
98830
102057
102057
102057
102057
102057
102057
105174
107639
107904
109657
109719
111110
111110
111459
111589
111589
111590
112985
112986
114110
115554
115777
116390
116651
116778
116778
