2317
2317
3060
3448
3459
3459
3472
3811
3831
3885
4467
4467
5121
5121
8096
8118
8197
8366
8681
8698
9524
9816
9874
9874
9936
9953
9953
9953
9953
9953
9958
10351
12021
12069
12125
12265
12393
12606
12921
13465
13591
13591
13591
13592
13604
13609
13610
13803
13803
13803
13803
13803
13803
13803
14627
15154
15169
15284
15288
15374
15666
15666
16524
17840
17840
17868
18096
18202
18512
19364
19899
21141
21773
21860
21935
21963
22113
22344
23439
23439
23528
25711
25732
26301
26676
27183
28085
29482
29490
29886
30220
30286
30875
31211
31211
31508
31641
31653
31940
32509
32628
33858
34109
34149
34482
35280
36691
37228
37228
37233
37267
37817
38077
38151
38151
38151
38642
38839
39585
40007
40055
40065
40420
40498
40790
40923
40995
41003
41159
41452
43069
43083
43236
43246
43266
43272
43421
43436
43436
44176
44486
44698
44950
44957
45388
45405
45410
45589
45589
46113
46721
46721
46721
47319
47319
50589
50873
51615
51615
52464
52533
52535
53531
53531
53796
54853
55296
55357
55447
56162
56162
57031
57031
57031
57494
57555
57975
58063
58064
58159
58286
58395
59999
60968
61096
61217
61217
61595
62298
62370
62370
62370
62370
62370
62370
62370
62370
62370
62372
62722
64093
64191
64343
65365
65365
66310
66310
67152
67158
67158
67406
67406
67406
67406
67406
67406
67406
67408
67408
67408
67409
67544
67829
68068
68309
68310
68339
68408
69517
72523
73163
73667
74379
74546
74546
74546
74546
74799
75531
75641
78627
78948
79992
79992
81139
81141
81495
81509
84989
84990
84990
85372
85874
86300
86831
86831
86956
87742
87809
88176
88187
88187
88187
88213
88213
88233
89434
90125
90130
90685
91184
91646
91791
92450
92452
92452
92452
92731
93224
93947
95233
95233
95233
95233
95233
95838
96027
96027
98047
99174
99174
99920
100403
102057
102417
102715
102828
103078
103080
103094
103176
103602
104167
104243
104264
104417
104636
105155
105156
105156
105159
105159
105184
106053
106215
107088
107088
107089
107089
107265
107807
108388
108716
108772
108772
109272
109282
109373
110486
110486
110723
110852
110987
111456
111473
111703
111951
111952
112842
113002
113040
113052
113425
113685
113685
113685
113687
113687
113706
113706
114352
114352
115394
116119
