1218
2673
2713
3311
3843
4072
4122
4124
4615
4765
4765
4768
4783
5204
5308
5803
6298
6302
6302
6601
6631
6751
7968
8886
9150
9701
9802
10331
10632
10938
11188
12192
12206
12696
13103
13103
13104
13180
13550
13803
13838
13838
13849
13849
13952
14373
14376
14838
14846
14886
15218
15340
16037
16237
16915
17673
20073
20756
21773
21860
21877
21877
21935
21936
21939
21939
21939
22072
22076
22505
22577
23024
23058
23058
23058
23081
23233
23350
23780
24025
24221
24727
25228
25386
25396
25515
25515
25560
26126
26127
26291
26304
26393
26609
26845
26847
27001
27392
27886
27887
28004
28519
28844
28844
29211
29476
29876
30108
30162
30221
30600
30950
31028
31104
31113
31144
31144
31515
31604
31604
31604
31618
31796
31980
32014
32294
32320
33855
34233
34234
34373
34373
35032
35235
35275
35450
36184
36820
37415
37415
37484
37484
37484
37484
37484
37484
37484
37484
37496
37644
37663
38020
38076
38079
38642
38757
38781
38807
38807
39561
39666
39666
39687
39711
39737
39829
39894
39896
40051
40069
40194
40517
40703
41267
41299
41312
41713
41979
41979
42712
42712
42729
42792
43032
43054
43169
43511
44197
44411
44659
44661
44695
44698
44698
44698
45159
45388
45603
45665
45665
45713
46721
46750
47319
47398
48123
48123
48123
48123
48123
48129
48257
49190
49190
49373
49373
49373
49373
49373
49373
49766
50585
50873
52464
52868
53490
53542
53542
53542
53652
53829
53829
54184
54302
54303
54303
54303
54303
54303
54303
54678
54678
54732
55357
55529
55790
55790
55828
55828
55828
55828
55828
55828
55828
55924
55924
55924
55924
55940
56366
56811
57555
57578
57578
57943
57976
57976
58764
58824
59257
59257
59257
59257
59257
59259
59292
60182
60348
60493
60499
60972
60972
61725
61739
61836
61836
62239
62445
62529
62765
62765
62960
64010
64120
64153
64343
64534
65665
66351
67211
67507
67547
67547
67560
67782
67782
68254
68736
69077
69260
69460
69593
69741
69874
69931
69957
70048
70491
70692
70957
71018
71545
72805
72902
73183
73594
73594
73895
73991
74352
74352
74352
74353
74353
74353
74353
74354
74356
74357
74357
74357
74799
74799
74799
74799
74857
74997
75349
75465
75847
75848
76666
77033
77067
77067
77616
78627
78627
78947
79070
79116
79768
80520
80774
81224
81495
82843
82947
83834
84155
84623
84989
84989
84989
84989
84989
84989
84989
85330
85566
86367
86419
86896
87045
87225
87227
87467
87520
87742
88187
88209
88209
88211
88297
88477
88871
88906
88912
89107
89107
89434
90104
90279
90285
90330
90575
90702
91045
91045
92105
92555
92860
93096
93224
93356
94003
94198
94213
94353
94641
95857
95857
95925
96025
96050
96090
96394
96847
97386
98202
98510
98871
98872
98879
99018
99328
99335
99899
100559
100985
101819
102476
102489
102815
102975
103057
103186
103295
104271
105228
105323
105333
105399
106932
106997
107304
107381
107381
107811
107856
108685
109551
109717
109853
110066
110066
110457
110857
110978
111240
111456
111458
111473
111986
112025
112293
112591
113251
113355
113399
113685
113685
113685
113685
113685
113685
113685
113685
113685
114320
114324
114347
114370
114400
114576
114616
114866
115080
115370
116174
