1207
1213
3516
3831
4237
4431
4431
4431
4431
4431
4431
4431
4432
4432
4798
5156
5178
8136
8343
8921
8921
8921
8921
8921
8921
10047
12439
12507
13816
14468
15369
17461
18571
18571
18574
18586
18642
19230
19230
19230
19230
19364
19511
21881
23855
24311
25540
28117
30053
30856
30856
30856
32324
32628
33488
35850
37228
37228
37545
38204
38669
38781
38808
39585
40054
40391
41380
41734
41949
42224
42580
43169
43272
43272
44479
45405
48551
49441
52315
52315
52315
54078
54302
54883
54883
57381
57494
57532
58671
60493
61655
62239
62567
62631
63124
63127
67470
67651
68412
68522
68758
69460
69934
71208
71937
71937
75879
76232
76232
76990
77030
80063
80520
81997
82039
82142
84451
85150
88176
88439
88845
89049
89760
89760
90674
91045
91045
91045
91617
91617
91619
93224
94929
95210
95985
95986
96841
99435
101350
102057
102071
103819
103819
104416
104636
104931
108403
108642
108959
109037
111457
111473
111923
111923
111923
111923
112261
112682
112711
112986
113044
113458
113685
114009
114171
115852
116176
