2849
4091
4091
4680
4889
4937
6278
8310
9085
9408
9816
10124
10255
10330
11933
11933
11933
11933
11933
11933
12422
12505
12623
12627
12629
12774
12935
13741
13838
13838
13838
13838
13838
13838
13838
13849
13873
14259
14435
14439
14439
14526
14983
15240
15240
15240
15245
17096
18381
18448
18484
19049
19364
19364
19437
19437
19437
19437
19437
19481
20061
21773
21860
21958
22075
22344
22523
24428
24588
24938
24938
24939
25513
25762
27583
27583
27901
27901
27901
29059
29980
30000
30296
30758
30758
30759
30759
30856
30856
31017
31028
31106
31444
31658
31817
33496
36561
36707
36847
37192
38020
38020
38642
39170
39666
39837
39940
40091
40091
40091
40091
40091
40091
40091
40573
40682
40839
40923
41266
41266
42028
42028
42028
42028
42028
42028
42028
42028
42028
42028
42041
42224
42343
43169
43436
43458
45388
45665
46664
46664
46932
47095
47319
48024
48795
49512
49558
51846
51851
51851
51851
51851
51851
51870
51870
55447
56168
57381
59545
59574
59755
60167
60410
60410
60603
60637
62606
63485
63998
64134
65097
65436
65665
65665
65665
66043
66553
67385
67385
67385
67385
68077
68736
71011
72156
72243
72896
72898
73594
73948
75640
77067
77067
77090
77228
77228
77228
77228
78312
78942
80209
80753
80788
82039
82371
83120
84989
84989
84989
85977
85977
85977
85977
86412
86968
86969
88062
88062
88066
88165
88187
88914
89434
89434
89434
89480
89636
90130
90130
90280
90285
90578
91617
91633
92056
92985
93326
93326
93326
94914
96050
97467
99455
100377
100965
102487
102487
102799
104124
106213
106791
106791
106900
107000
107002
108421
108694
108743
108887
110185
110696
110723
110830
110978
110989
110989
111110
112053
112347
112523
112987
113685
114362
115395
115564
115571
116091
116384
116651
116821
