1775
1775
3365
3527
3527
3929
4199
4199
4814
4937
5868
9419
10047
12959
14895
14902
14902
15169
15384
21141
21141
21807
22033
22896
24938
24938
24938
24938
27583
28066
28110
30000
30149
30875
31023
32628
35058
36425
36489
36707
37375
37707
39480
39655
40065
40065
42023
42124
43266
43579
44407
44450
45817
46415
46706
46706
46706
47292
47825
48271
52662
54463
55357
57175
58096
58414
58414
58427
59454
59742
59742
60167
60941
63732
63732
63732
63732
63732
65097
65665
66553
67099
67132
67658
67935
68077
68408
68523
69069
69460
69719
71736
76544
81298
81303
83084
83084
88164
88187
89275
89474
90280
90280
90859
91149
92229
92232
92232
93008
97014
97588
99037
99971
100485
100485
100504
100752
101497
102819
102820
103556
104791
104791
104798
105310
106033
106062
108505
108868
109383
110661
111061
111957
112178
113425
113685
114347
114464
114477
115202
115637
116384
116390
116390
116456
