1973
3363
3603
3885
4237
6512
6604
6931
7291
7910
8039
8681
8794
9649
9649
12829
12881
12881
13105
13180
13425
14117
14980
16301
16924
17923
17923
18522
19364
21141
21141
21141
21307
21307
21773
21807
21939
22344
22344
22351
23321
23499
23499
23502
23528
23528
26019
26551
26913
27094
27142
27806
28412
28441
29211
29214
29824
30800
30850
31658
32320
32628
34149
34482
34569
35658
35770
35770
35787
35787
36447
36691
36707
37233
37384
38165
38281
38281
39261
39717
40416
40416
40416
40498
40563
40710
41250
41250
42633
42948
42956
43076
43079
43272
44486
44486
44492
44581
45388
46113
47319
48532
48666
49260
50873
51281
51895
52035
52521
53021
53310
53531
53542
56355
56371
56376
56933
57031
57977
58564
60167
60410
60427
61701
62529
62631
63732
63732
63732
63732
63732
63732
63892
64383
64383
64383
64383
64389
65665
65665
65665
67132
67152
67651
67651
67658
67843
67933
67994
69911
70941
71524
71524
71526
72190
72196
73794
73858
76737
76857
76857
76940
78529
78529
78529
78960
78960
78960
79667
81298
81336
81466
81527
83044
84090
84989
84989
84989
86547
88176
89318
89434
89625
89730
89742
90125
90134
91045
91087
91184
91917
92211
92214
92214
92374
93355
93481
93539
93559
93592
93596
93634
93634
93634
93643
93687
93687
93687
93736
98055
98058
98058
98058
98701
98708
99175
100436
102493
102819
102819
102819
102819
102819
102819
102819
102867
103054
103081
104636
104653
104786
105174
105174
105878
105987
106033
106386
106517
107533
107661
108906
108962
109158
110185
111408
111456
111456
111456
111589
111791
111951
112273
112513
112711
113577
113685
114136
114142
114167
114320
115070
115852
116651
116651
