2699
3169
3600
3885
4096
4164
4718
4765
5655
5655
5655
5656
5819
5841
5886
6192
6294
6294
6601
7861
9041
9041
9050
9051
9054
9128
9266
10046
10047
11089
12137
12341
12881
13225
13929
14480
14480
14480
14482
14521
14522
15079
15120
15166
15166
15288
16091
16411
16411
16411
16914
21155
21186
21355
21372
21378
21773
21845
21881
22007
22010
22033
22033
22072
22072
23058
23058
23233
24556
25489
27049
27142
27422
27432
27897
27996
28289
28404
28451
28745
28745
28890
28899
29211
29211
29225
30376
30376
30773
30913
30977
30978
30994
31604
31658
32704
33048
33858
34149
34158
34191
34191
34785
37686
37815
38072
38072
38072
38072
38185
38507
38596
39226
39561
39940
40018
40490
40498
40498
40703
41475
41918
41918
41979
42541
42542
42543
42712
43018
43069
43169
43420
43575
44197
44407
44479
45388
45388
45664
45664
45665
45698
45909
46137
47015
47319
47688
51422
51437
52035
52523
52630
53099
54319
54732
56223
57170
57170
57170
57170
57175
57175
57494
58234
58286
58286
58650
59454
59755
60410
60410
60427
60427
60603
60603
60603
60603
60603
60603
60603
60603
60603
60627
60975
60989
60989
61217
61217
61336
61595
62606
62960
62960
63185
63187
63187
65006
65097
65097
65097
65478
65575
65665
65665
65820
65886
65886
66043
66972
68408
68408
68415
69068
69068
69069
69076
69076
69425
69572
69572
70532
71075
71355
71545
71673
72155
73260
74470
74470
74470
74470
74470
76044
76215
76973
77405
78284
78960
79182
80393
80515
80576
81884
83312
83347
83557
83557
83557
84206
84223
84989
84989
84989
84989
84989
84990
85663
86294
86410
86668
86668
86831
86831
86850
86955
86955
87387
87535
87668
87668
87668
87668
87668
87668
87668
87668
87671
87671
87671
87671
87671
87671
87671
87671
87675
87675
87677
87752
88165
88176
88176
88176
88176
88176
88176
88176
88187
88209
88296
88845
89274
89434
89434
89627
89627
89636
92054
92510
92510
92956
93047
93224
93860
94415
94415
94554
96025
96442
96725
96725
96725
96725
96725
96725
96725
97346
97346
97346
98075
98103
98326
98345
99396
99966
100752
101923
101927
102397
102491
102604
102628
104266
104388
104574
104580
105503
105874
105965
106033
107058
107807
107807
108008
108008
109321
109717
111015
111081
111240
111457
111927
111927
111927
111927
111927
111927
112019
112219
112339
112339
112339
112842
112842
112842
113685
114106
114114
114142
114326
114362
114370
114838
115563
115768
115852
115892
116043
116871
116883
