2862
6192
8096
8096
8096
8096
9139
13267
13838
14482
15155
15784
15800
15800
15800
16301
16721
16721
17095
17330
17330
17334
18002
18417
18417
18418
20288
21773
22076
22344
23528
24066
26301
26301
26851
27142
27142
30812
36707
36741
37228
39940
40464
43527
46113
46114
47059
48561
50432
53531
53542
59782
60410
60829
62596
62804
67518
69069
69303
69460
70293
72044
72050
76178
76680
77035
78326
79274
81595
82062
86300
87520
87520
87742
87748
88187
88209
88844
90811
91184
91184
91241
93354
95261
100050
100434
104264
104376
104721
105174
106432
106432
107836
108747
110486
111264
111459
113082
114454
114477
114576
115101
116444
116651
