1941
2383
2850
3181
3182
4091
5084
5084
5514
5514
5696
7291
7913
8033
8059
8073
9221
9649
9721
10041
10215
10215
10257
10437
10635
10635
12152
12254
12274
12959
13465
14253
14291
14452
15330
15347
15402
15402
15403
15403
15403
16099
17176
18136
18136
18140
18140
18140
18140
18140
18140
18522
19374
19505
20001
20001
20001
20001
20001
20001
20001
20001
20001
20001
20001
20001
20001
20001
20001
20001
20001
20001
20001
20001
20001
20001
20001
20001
20001
20001
20001
20008
20012
20012
20014
20014
20014
21860
22010
22010
22010
22013
22072
22072
22075
22934
23233
23488
23502
23502
23528
23528
23528
23528
23528
23528
23552
24222
24222
24456
24706
24706
24706
25540
25540
25940
26824
26845
27094
27095
27095
27183
27293
27791
28362
28485
28508
29105
29211
29211
29559
30148
30167
30220
30662
30662
31028
31083
31476
31641
32320
32702
32702
32702
33858
34149
34149
35187
35787
36707
36809
36815
36816
36847
37542
37591
37591
38452
38807
38807
39170
39170
39170
39717
39717
39837
39837
39837
40065
40426
40426
40581
40703
40864
40923
41078
41152
41152
41152
41230
41427
41427
41478
42130
42224
42256
42291
42294
42576
42612
43050
43050
43169
43169
43169
43169
43169
43169
43169
43420
43420
43441
44472
44488
44726
45388
45410
45589
46113
46113
46415
47319
47851
48123
48123
48385
48602
49190
49431
49431
49431
49434
49434
49434
50816
50868
51859
52410
52464
52506
52518
52519
52519
52519
52521
52521
52521
52521
52522
52523
52670
52868
53796
54277
54799
55420
56223
56223
56223
56223
56225
56225
56811
57170
57493
58007
59545
59573
60189
60410
60603
60990
61597
61709
62239
62596
63454
63454
63998
63998
64000
64000
64048
64191
64343
64343
64343
64721
65665
65665
65683
65826
65826
65829
67152
67377
67377
67377
68419
68419
69068
69069
69069
69069
69069
69069
69069
69076
69864
69866
70293
70489
70617
70618
70618
71018
71820
71820
71820
71963
72158
72898
74699
75477
77033
77384
77384
77384
77667
77742
77742
77742
80085
80753
80753
80753
80755
80790
80790
80800
81055
81055
81596
82751
82872
83347
83770
83770
83770
83770
83770
83770
83770
84253
84253
84253
84983
84983
84983
84983
84989
84989
84989
84990
84990
84990
84990
84990
84990
86224
86224
86492
86831
86831
86831
88164
88165
88176
88187
88297
88459
88663
88663
89182
89182
89182
89182
89185
89318
89319
89342
89342
89342
89633
90130
90130
90280
90459
91860
92214
92214
92956
92956
92959
92959
92959
92959
93224
93224
93361
93361
94415
95258
95793
95815
95815
96141
96394
96442
96694
99396
99396
99685
100448
101752
102397
102397
102404
102487
102490
102491
102505
102633
103155
103628
104156
104271
104460
104797
105177
105177
105322
105322
105364
105364
105364
105367
105846
105878
105930
105935
105958
106191
106353
107186
107190
107380
107381
107811
108172
108422
108822
108827
109717
109717
109717
110179
110486
111240
111288
111371
111456
111456
111589
111617
111772
111950
111950
111950
111952
111959
112028
112029
112030
112607
112608
112608
112610
112678
112762
112762
113463
113463
113463
113463
113463
113463
113463
113464
114347
115204
115516
115757
116082
116086
116651
116651
116651
116759
116759
