1182
1273
1282
1284
1723
1733
1733
1733
1733
2090
2253
3525
3525
3640
4115
4428
4428
4814
4883
5084
5745
6221
6221
6629
7582
7648
8916
9419
9662
9662
9830
9874
10049
10061
10256
10437
10885
11092
11792
11796
11796
11933
12505
12505
12527
12536
12536
12627
12774
12774
13227
13740
13816
14523
14851
16271
16280
16512
16512
16855
16855
18196
18381
18417
18473
18473
18473
18564
18597
18769
19805
20097
21157
21157
21157
21157
21807
21860
21867
21867
22285
23279
23491
23502
23528
23528
23528
23528
23528
23528
23854
25383
25891
26059
27951
29211
29857
29885
30012
31022
31082
31641
31658
31686
32704
34128
34149
34191
34482
35445
35791
36185
36270
36272
36273
36343
36343
36344
36406
36421
36450
36469
36502
36505
36707
37374
37375
38039
38075
38323
38642
38855
39244
39496
39717
40144
40416
40498
40703
40866
41201
41381
41853
42435
42486
42819
43169
43266
43487
44197
44319
44319
44405
44698
44698
45390
45390
45589
45664
45665
45809
46022
46230
47197
47819
49148
49229
49229
49512
49512
50423
51739
51846
51850
51895
52035
52300
52868
53155
53492
53531
53535
53542
53542
53717
54182
54302
54302
54319
54678
54678
54691
55357
56072
57170
57175
57975
57998
59573
59739
59755
60410
60410
60603
61217
62298
63121
64010
64256
64343
64534
64534
64947
65197
65594
65665
66092
66184
66886
67227
67228
67932
68049
68049
68076
69074
69446
69970
70083
70083
70576
71107
71398
72158
73239
74392
74393
74393
74393
74393
74393
74395
74470
74470
74470
74470
74480
76929
77228
77228
77405
81055
81956
82142
82172
83364
84180
84180
84180
85090
85995
86930
87006
87225
87829
88062
88062
88062
88176
88209
88209
88209
90218
90285
90673
91995
92000
92001
92001
92056
92214
92248
93096
93405
94280
95261
95920
95920
96442
96442
96847
98397
98639
100411
100909
101386
102295
102319
103032
103220
104271
105975
107807
107807
107811
107816
107856
108906
109393
109717
110398
110723
111061
111288
111410
111459
112124
112124
113052
113407
114320
114370
114370
114463
114463
114477
115737
115757
115757
115757
115820
115852
115924
116074
116088
116345
116456
