3832
4237
4795
4985
7246
9953
12341
12371
16312
17171
18522
18522
18522
18775
21141
21141
21860
22020
25010
25156
26120
26847
27520
29247
30229
30944
32937
36650
37275
37715
39170
42028
42093
42186
45584
47751
48127
52180
52410
56350
57092
57531
60510
61680
62586
62749
66093
68420
69069
69604
71492
72701
72805
73239
73689
75879
78147
78391
78960
83808
84528
85662
86927
86927
87614
90594
90594
90691
93224
95979
99174
100319
100907
101148
101929
102819
102879
102894
104410
105503
108642
108756
109174
109281
110723
110987
111015
111110
111459
112598
112608
112701
113409
114370
114370
116086
116088
116758
