1885
3097
4814
4814
6557
7439
9883
12344
12881
14107
14107
14627
14730
14768
17086
17112
17135
17135
21777
21939
22324
22344
22896
25272
27399
29559
31202
31202
31202
31658
35325
35325
35325
35337
35787
37400
37400
37687
38642
39704
40007
40397
40923
42710
42710
43918
44470
44470
44470
44479
44486
46022
46664
53492
53531
53535
53542
53802
55274
55274
55274
55274
55274
55274
56037
56162
58389
61210
61217
64534
64534
64534
64534
65494
69069
69356
69655
70088
70088
70088
70088
70618
72129
73928
74645
76340
76340
77067
84108
84990
84990
84990
85508
85566
86414
87742
87742
88176
88176
88176
88176
88187
88187
88230
89434
90674
92266
92268
96460
103082
104264
105128
105174
105249
105468
105468
110197
111061
111712
112112
113399
113425
113425
113425
113685
116651
