3804
4072
4814
4889
8817
8847
9945
11932
12506
13105
13763
13763
14107
14253
14253
14717
14841
16105
22622
23481
27924
30120
31211
31558
35193
35195
36037
37366
37374
37374
37374
37375
37375
37415
37693
38281
39170
39933
40007
40065
40198
40472
41260
42210
43721
45157
45665
45665
46021
47157
53535
54302
57225
57225
57225
57743
58288
59080
59739
60839
61183
61595
63393
64134
64282
64836
64855
65097
65683
66019
66043
66866
67278
68054
68626
69719
69719
69866
72412
72805
73591
73591
73591
73591
73591
73591
75156
75762
75762
75762
75762
75762
75762
76680
77134
77170
77184
77184
78009
78009
78009
82009
83939
84990
84990
84990
85146
87752
88176
88187
88187
88187
88187
88187
88187
88796
89163
89195
89474
90280
90521
90521
91087
92569
92569
93326
94049
95768
96744
97767
99336
100377
100377
100504
100504
101848
104655
105935
106923
106991
107034
110723
110723
112998
113199
113425
113687
113687
114320
115637
