1941
2064
3885
5084
5739
5841
5843
5844
6327
8093
9050
9427
9662
10976
10976
11441
12149
12505
12505
13740
13838
13899
14448
14524
14569
15930
15930
16099
16099
17155
17273
17912
18196
18357
19515
21130
21141
21141
21145
21155
21192
21210
21216
21229
21860
22033
22033
22076
23058
23279
23321
23480
23499
23502
23502
23528
23528
23528
23528
23528
23830
27500
28362
29211
30003
30146
30588
31333
31633
32320
33304
33858
33858
33859
34149
34189
34189
34482
34482
34482
35970
36449
36502
36560
36707
37384
37384
37591
37686
37686
37686
37686
37687
37713
37715
38204
38465
39837
39944
40524
40650
40703
41195
41230
41267
42343
42442
42443
42499
43095
43266
43820
44407
44492
44581
44833
45388
45961
46619
49260
49277
51228
51273
51419
51420
51420
51432
51435
51457
51467
52035
52035
52035
52868
53544
53850
53905
54036
54189
56218
56223
56933
57114
57170
57175
57175
58744
58747
59249
59249
59249
59249
59249
59509
59739
60410
60410
60427
60427
60427
60507
60878
61096
61096
61187
63414
65665
65886
65941
65941
66043
66043
66043
66043
66553
67152
67278
67421
67421
67422
67698
68530
69069
69795
69795
70957
71011
71011
71011
71018
71018
71033
71075
71075
71075
71398
75124
76775
76814
76940
77417
77681
77982
78284
79027
81594
81820
81854
81854
82142
82143
82143
82159
82159
82244
83242
83554
83554
83646
83647
83681
84206
84206
84851
84906
84990
84990
84990
84990
85310
85817
86584
86831
88176
88176
88187
88209
88209
88209
88844
89318
89357
89434
90280
90285
91064
91928
92001
92056
92056
92687
92953
92953
93235
93474
95242
95793
96025
96025
96025
96025
96054
96054
96841
96847
97299
97306
97306
97341
97346
97346
97349
98123
99155
100023
100023
102288
103628
104794
105144
105174
105174
105248
105275
105324
106047
106342
106490
107640
107807
107811
107991
108008
108008
108008
108822
109296
109301
110445
111228
111228
111293
111408
111927
111927
111927
111927
112987
113140
113425
113425
114136
114136
114142
114505
115852
115971
116043
116456
116758
116758
