3603
4741
4741
4814
5241
5243
5886
5886
6294
6297
10937
10937
10937
10937
10937
10937
10938
10938
12132
12313
12505
13740
14439
14439
14439
14978
14978
14978
15930
16876
16876
18213
18213
18214
18426
18427
22010
22896
22896
23480
23502
23552
25299
25338
25394
25718
25718
31068
31100
32320
32320
32320
33294
35376
38185
38308
39538
39538
41152
41232
41470
41588
41590
41592
41778
41935
41937
47246
47319
47319
48050
48788
48855
50873
51281
52008
52008
52008
53531
53531
53531
53542
53542
53542
53542
55773
59600
59600
59676
59676
59805
60507
61217
61217
61595
61839
62500
62501
63018
65665
65665
65665
66553
67152
67152
67152
67932
67935
68989
69571
69957
71901
76378
78484
78960
78960
78960
78960
78960
84843
84990
85537
85584
85586
86668
87812
87977
88209
88209
88209
88844
89729
92963
93090
93091
93857
94575
97667
99112
99112
99112
105171
105174
105174
105174
106021
106689
109709
109709
109709
109710
110222
110255
112268
112383
113425
114364
116651
116651
116651
