1133
1208
3579
3579
3885
4765
5841
7137
9408
9419
9419
9492
9719
9721
9721
10047
10312
12429
12612
13105
13107
13740
13740
13838
14627
14768
15079
16208
17521
17912
17982
18239
18522
18522
19207
20001
20001
20001
20014
20211
21155
22005
22033
22076
22344
22999
23528
23528
24517
25708
26147
26147
26676
26970
27327
27399
27513
27984
30011
30146
30689
31023
31029
31123
31350
31604
31641
31840
32320
33405
34082
37542
37593
39561
39717
40035
40474
40578
41003
41114
41152
42623
42673
44448
44472
44472
45308
47145
48198
49431
49431
49431
49431
49431
49431
49431
49432
49432
49434
49434
49434
52518
52518
52868
53531
53531
54068
54799
54835
54838
56234
57943
58875
59545
59548
59603
60577
63942
63942
65097
65104
65683
66043
66926
66996
67783
67828
70082
71011
71545
73669
74470
74774
74774
74799
77067
77266
78718
80515
80520
80753
80755
81596
81596
81632
81681
82696
84990
84997
86880
86998
87742
88176
88334
88724
88844
89182
89182
90458
90459
91184
92214
93210
93224
93354
93945
93997
94831
94987
96841
99959
100324
100909
101244
102306
102487
103628
103628
103654
104721
105344
105503
106353
106516
106519
106611
106611
106898
107022
107306
107856
108176
108252
109296
109786
109875
109875
109875
109875
109885
109924
110723
111072
111457
112194
112853
112853
112986
112987
113411
113425
113685
115122
116365
116456
116456
