1609
2161
2232
2917
4428
4428
4814
5481
8352
8428
8569
8574
8590
9776
10184
11533
11533
11722
11970
12138
12140
12612
12653
12829
12881
13105
13105
13740
13818
13838
13838
13849
13849
13849
13849
13849
13873
13873
14376
14436
14800
15340
15370
15384
15395
15395
15455
15460
16120
17171
17176
17912
17982
18013
18769
18844
19219
19394
19418
19718
19718
20111
21860
21860
22007
22013
22014
22299
22344
22344
23636
23840
25091
25255
25272
25707
25708
25708
26845
26913
27319
27350
27806
29247
30048
30063
30086
30093
30456
30795
30843
31023
31028
31830
31836
32628
32628
32628
32628
33457
33746
34149
34598
34655
34785
34785
34785
34798
35163
35511
35787
35851
36816
37233
37331
38167
39717
39912
39933
40051
40051
40276
40473
40576
40929
41059
41202
41853
42323
42435
43050
43050
43050
43169
43266
43449
43721
43721
44172
44448
46022
47442
48205
48205
48419
48593
48666
48754
50280
52760
52868
53490
53531
53531
53535
53542
53564
53905
54589
55141
55204
55287
55287
55296
56313
57031
57517
57517
57517
57517
57519
57519
57519
57521
57950
58008
58624
60457
60457
60659
60667
60668
60714
60714
60714
60714
61096
61589
61653
62085
62749
62749
62749
62765
62765
62765
62765
62799
63450
63450
63450
63450
63450
63450
63450
63450
63450
63450
63452
63452
63452
64454
64993
65665
65665
66510
66510
66553
66638
66638
66694
67498
67613
67937
67937
68317
68408
68534
68622
68622
68622
68989
69068
69069
69479
70957
71154
71403
72488
72494
72503
73160
73274
75321
75372
75640
75643
75644
77031
77033
77033
78284
78627
78627
80516
81107
81224
81504
81588
81631
82912
82912
82922
83834
84020
84020
84020
84282
84282
84282
84282
84526
84529
84882
84990
84990
84990
85521
85771
85938
86410
86410
86696
86955
86997
87037
87037
87753
88176
88187
88209
88571
88571
88575
88575
88576
88576
88576
88576
88577
88592
89434
90094
90096
90522
90674
90674
91184
92001
92001
92451
92453
92584
92584
92584
92584
93182
93210
93224
93523
93550
93620
93773
95986
95986
95986
96050
96354
96720
96841
96992
97467
97482
97968
98523
98708
99781
99959
100052
100089
100109
100149
100384
100504
100725
100967
101012
101310
102399
102487
102491
102608
102819
103323
104271
104271
104271
104271
104515
104628
105081
105082
105311
105311
105935
106425
106425
106427
106427
106427
106717
106897
106966
106966
107306
107467
107468
107807
107852
108864
109147
109158
109163
110723
110777
110777
110806
111073
111458
112555
113162
113162
113162
113162
113272
113326
113350
113392
113685
114136
114142
114142
114444
114444
114828
115101
115318
115394
115757
115794
115933
116063
116086
116347
