1179
1179
1359
1899
2735
3885
4795
4814
5391
6121
6257
8133
8397
8397
8659
10330
10885
11796
12424
12881
13838
13932
14627
15288
16091
16603
16827
18522
18775
19364
19913
21773
21881
21976
22146
22344
22896
23499
23528
23783
25091
25540
27901
27901
27901
27901
30053
31092
31530
31604
31604
31604
31660
35970
36412
36650
36650
36917
37215
37215
37215
37328
38329
38656
38656
38656
38660
38660
38903
39001
39170
39197
39232
39396
39654
39691
40007
40065
40065
40169
40416
40472
40472
40767
41113
41139
41329
41721
42028
42112
42112
42161
42341
42435
42985
43169
43221
44479
44479
44698
46113
46798
47319
47960
47960
48205
48521
49276
52506
53535
56225
57031
57031
57031
57031
57092
57092
57170
57175
57494
58875
59453
59574
60678
60968
61217
62749
63281
64256
66042
66437
67408
68327
68408
69502
69655
70301
70957
70957
71737
73163
73163
73203
73343
76512
76583
78960
78960
81504
81527
81527
81820
82081
83528
83528
84526
84990
85168
85883
85972
86925
86925
86925
87387
87639
87650
88176
89467
90279
90280
90328
90345
91184
91184
93107
94070
94850
95120
95120
96628
96841
97734
97736
97736
98959
99061
100966
101012
101167
101168
102057
102218
102219
102569
102701
103628
104458
104894
108906
108906
108917
108993
109045
109101
109196
110504
110723
111015
111094
112049
112523
112859
113040
114164
114320
115219
115318
115318
115394
115637
116525
116675
