1883
3446
3832
5290
7181
9477
11660
12378
12382
12847
15666
16099
17176
18574
21860
21860
22782
24792
25540
25708
26304
28289
28412
31022
31259
31259
31558
38281
38808
39251
39586
39637
39666
39837
39864
40018
40144
41721
44263
44979
45935
47265
48331
49719
49766
50868
52519
52522
53826
53826
54535
54732
54875
57101
57101
57101
57101
57101
57101
57101
57101
57101
57101
57976
58643
61096
61595
63321
65160
68532
69413
69568
70489
70571
71063
71438
71620
71912
72805
75155
77034
77820
81596
83817
84206
84526
84526
87790
88478
92569
92569
92569
92569
92569
93369
97186
97243
99336
99352
99354
99354
100556
100819
103033
103057
103057
103057
107053
107055
107807
111110
111110
111110
111240
111240
112112
112112
114684
114709
115367
115422
