2700
2729
2729
3152
3745
4945
4945
4945
6821
6821
8916
9527
9979
12505
13333
14626
15079
15191
16121
16704
16827
17176
17176
17176
17519
17774
17774
18104
19718
21437
21860
21935
21935
21981
22007
22007
23067
24300
24639
26503
26945
27142
27327
28014
28043
28363
28542
28543
29211
29211
29211
29236
29509
30486
30495
30496
30655
30977
31604
31965
32050
32070
32704
32754
33844
34482
34773
34828
34828
35454
35458
36917
37591
37591
37936
38205
38756
38807
38807
38807
38839
38857
39562
39772
39772
39870
40051
40065
40065
40472
40581
40703
40703
41003
41993
42816
43169
43169
43169
44319
44319
44319
44319
44319
44326
44326
44326
44472
44472
44472
44472
46785
46803
46960
46960
47385
47395
47607
48123
48123
48123
48123
48130
48257
48332
48509
48855
51476
51830
51888
53418
53418
53418
53418
53535
53535
53542
53802
53828
54678
55111
56931
57663
57975
57975
58286
58614
58660
59015
59018
59755
60131
60384
60384
60603
60603
60603
60972
61920
62296
64191
64534
64625
65478
66043
66265
66265
66265
67100
67152
67940
69460
69795
70048
70183
70618
70958
71041
71398
71492
71492
71526
72411
72997
73336
74799
74987
76844
76973
77030
77031
77700
78005
78144
78219
78222
78960
81047
81397
81398
81400
81596
83422
84983
84983
84989
85229
85655
85772
85860
86475
86831
87156
87183
88209
88644
89107
89318
90280
90280
90578
90807
91740
92211
92297
92362
92383
93634
93634
93685
95157
97440
97609
97968
99128
99281
100107
100179
100280
102666
102895
103033
103138
103628
104410
104935
105248
106889
107245
107835
107835
108252
109187
109276
109636
110316
110318
110318
110989
111092
111456
111459
111473
111899
113052
113129
113399
113458
113687
114167
114364
114471
114479
115632
115863
115892
