1775
2171
2735
2735
4945
5619
5824
6150
6192
6825
7539
7600
7633
7633
8093
8093
9815
9824
10047
11731
12569
12721
12964
13093
13098
13098
13180
13409
13735
13740
13838
14239
14253
14253
14480
14800
14856
15134
15161
15168
15200
16099
16120
16277
16277
16301
18381
18403
18564
18564
19024
19546
21773
21773
21773
22072
22302
23321
23321
23480
23481
23528
23528
23830
23830
24289
24289
24938
24938
26298
26847
27088
27146
28035
28142
29474
30912
31066
31066
31454
31583
31629
31629
32320
32460
32460
32628
32628
32628
32680
32680
32680
32702
32754
34082
34082
34082
34202
35785
36152
36248
36248
36248
36272
36272
36272
36273
36286
36286
36350
36350
37233
38205
39170
39170
39666
40249
40276
40276
40573
40573
40763
41152
41770
42028
42064
42065
43169
43169
44651
45413
45676
45676
46917
46917
47631
47688
47809
47810
47819
48257
48331
48385
48752
50873
50873
51718
51753
52256
52259
52300
52518
52521
52521
53531
53622
54047
54047
54895
57175
57494
57494
57834
57834
58701
59290
59291
59291
59457
59457
59755
60410
60410
60525
60603
60603
61115
62239
62430
62430
63260
63268
64010
64309
65665
66043
66265
66265
66265
66265
66265
66265
66265
67152
67152
67152
67940
68408
69069
69433
69866
70156
72929
73783
73783
74594
75064
75064
75762
81642
82866
83834
84821
84990
84990
84990
84990
84990
85712
86677
86677
86677
88176
89108
89108
89110
90279
90280
90280
90673
91664
93326
95768
95768
95780
96744
97186
97617
99336
99336
100301
100379
100813
102057
102487
102487
102487
102487
102487
102490
102491
103032
103033
103057
103057
104376
104411
104724
104894
104896
105884
105884
106346
106490
106490
106919
107124
107124
107135
107571
107811
107811
108621
108724
111015
111061
111063
111703
111723
111953
112461
112534
112610
113162
114574
115565
115632
116074
116082
116239
116456
