1597
2324
2337
2337
2337
2341
2450
2450
2460
2463
2485
2485
2506
2509
2571
2591
2595
2595
2595
2642
3140
3271
3271
3271
3271
3271
3271
3772
3772
3772
3811
3811
4621
4621
4621
4621
4621
4621
4621
4621
4621
4621
4621
4621
4621
4621
4621
4621
4621
4621
4621
4621
4621
4621
4621
4621
4621
4621
4621
4621
4621
4621
4621
4621
4621
4621
4621
4621
4621
4621
4621
4621
4621
5503
5503
6542
7092
7092
7092
7163
7163
7324
7324
7324
10489
15605
15605
16620
19100
19100
19135
19136
19136
19137
19137
20182
20182
20275
20339
20394
20394
20394
20646
20649
20649
20664
20776
20807
20833
20863
20867
20920
20942
20942
20972
20973
20973
20985
20987
20987
20987
20987
21028
21277
21306
21307
21307
21668
22554
22556
22556
22556
22559
22559
23326
23326
23606
23607
23607
23607
23609
23609
23609
23609
23609
23610
23610
23610
23610
24386
25159
26230
26230
26230
26544
26545
26594
26594
28624
28974
28974
29181
29212
29540
29540
29586
29841
30415
32188
32958
33101
33804
35496
35496
35501
35883
35883
35883
35883
35938
36127
36225
36757
36793
36793
36793
36793
36793
36793
36793
36793
36793
36904
36913
37343
37343
38028
38028
38388
38516
38901
43629
44121
46939
48215
48215
50382
50396
50397
50987
51044
51044
51044
51044
51104
51167
51167
51168
51170
51170
51193
51256
51510
51522
51522
51985
52221
52329
52374
52484
52518
52652
52683
52683
52683
52847
52851
53357
54028
57007
57007
57007
61299
61326
62348
64408
64541
65316
65414
65416
65638
65972
65972
65972
65972
66461
67374
67849
67849
67849
68241
68583
70156
70197
70197
70455
70539
70539
70554
70556
72011
73500
73568
73568
73661
73724
73776
73776
74167
74195
74200
74201
74243
74247
74589
74589
74589
74589
74589
74589
74589
74591
74591
75031
75031
75031
75031
75031
75031
75031
75031
76501
76575
76578
76653
76734
76946
77417
77488
77530
77910
78197
78359
78359
78606
78707
78907
78921
78921
78924
78924
79307
79308
80674
81171
81185
81355
81355
81775
82297
82330
82330
82330
82665
82698
82703
82757
82757
82757
82863
82900
82900
83017
83449
85445
85458
85470
85899
88003
88003
88815
88815
88957
88957
88957
88957
88957
88957
88957
88968
89073
89621
90046
90046
92800
92999
94426
94569
94571
95087
95103
95193
95524
95524
95524
95530
95838
96149
96149
96149
96152
96626
96626
96653
96699
96699
96699
96699
96699
96699
96699
97122
97144
97144
97386
97386
97439
97439
97439
97445
97445
97445
97445
97445
97445
97445
97445
97445
97445
97445
97445
97445
97445
97445
97445
97445
97445
97445
97445
97445
97445
97445
97445
97445
97445
97445
97445
97445
97445
97445
97445
97445
97445
97445
97445
97445
97445
97445
97445
97445
97445
97445
97445
97445
97445
97445
97445
97445
97445
97445
97463
97463
97463
97574
97606
97609
97609
97609
97609
97609
97609
97609
97609
97632
97658
97658
97658
98448
101532
101532
101543
101548
102123
103463
103521
103521
105535
106779
107927
109447
109494
110601
111222
111907
111907
111914
111914
111915
112918
112918
112918
112918
112918
112918
112918
112918
112918
112918
113430
113430
