1111
1416
1681
1856
2699
3679
3679
4358
4767
4985
5223
5642
5655
5670
7285
7835
8428
8731
8731
8732
9651
10023
10481
10833
11744
12156
12569
12612
12827
12829
13544
13946
14370
16105
16105
16254
16697
17774
18883
20118
20419
21504
21504
21860
21889
23080
23118
23279
23279
23408
23851
24918
24918
25711
26674
26913
26913
27259
28085
28085
28404
29247
29289
29376
29563
30640
30646
30856
31023
31361
31658
31855
31937
32219
32320
32938
33310
34482
34569
34878
34890
34940
35891
36742
37228
37228
37228
37825
38185
38901
39671
39687
39693
39837
40498
40707
41250
41381
41381
41968
42612
43272
43441
43458
43940
44479
44479
44833
45388
45388
45388
45405
45589
45665
45862
45873
45909
45909
47224
47313
47313
47395
48169
48373
48577
49172
50873
51075
51721
52906
52906
52906
52906
53010
53168
53492
53520
53531
53531
53531
53793
53818
53880
53880
54017
56774
56933
57170
57170
57170
57494
57499
57499
57532
58011
58620
58699
59292
59805
60167
60457
60525
62219
62618
62631
63300
64191
64343
65355
65478
65665
65665
66307
67098
67408
68210
69885
70156
70489
70535
71620
73034
73239
74293
74435
74435
74435
74435
74435
74435
74435
74435
74435
74435
74435
74436
74436
74436
74436
74799
74863
75129
76973
76973
77031
77031
77031
77384
77623
77624
77637
78262
78563
79919
80620
80753
80753
80760
81243
81243
81277
81596
81952
82742
82742
82746
82746
82871
83163
83392
83392
83395
83628
84654
84673
84789
84789
84789
84946
84983
85285
85285
85285
85285
85874
85874
86224
86492
86753
86955
87753
88165
88176
88176
88187
88209
88209
88211
88211
88225
88571
88602
88770
89107
89883
91172
91928
92043
92211
92396
93047
93107
93188
93211
93224
94987
95212
96442
96489
96705
96744
96744
96757
97230
97568
98778
98860
99212
99212
99212
99212
99212
99212
99212
99212
99212
99212
99212
99212
99223
102971
103057
103628
103628
103751
105323
105986
106193
106226
106494
107807
107835
108363
109347
109767
109875
110486
110584
110918
111015
111240
111456
111459
111950
111952
112523
112523
112552
112553
112553
112584
112842
112987
112987
113685
113685
116086
116651
116688
