1475
1683
1848
2824
3418
3603
3792
3831
3886
4512
4680
5212
5482
5631
5680
5803
6083
6111
6661
7282
7745
8352
8469
9085
10215
10229
10663
10869
10991
11089
11153
11153
11153
11291
11331
11670
12137
12313
12633
12881
12881
13180
13190
13776
13898
13898
14253
14603
14633
15200
15379
15856
16051
16053
16053
16121
16151
16268
16287
16301
16301
16846
16872
17120
17407
17429
17478
17519
17522
18564
18939
18939
19139
19923
20073
20073
20073
21522
21522
21958
22075
22285
22465
22523
22523
23058
23233
23459
23499
23553
23671
24918
24918
25707
25708
25740
25740
27317
27528
27998
28035
28363
29211
30012
30145
30220
30555
30855
30926
31276
31347
31357
31455
31455
31658
31658
31686
31990
31997
31997
32356
32540
32694
34149
34149
34209
35113
35787
35841
35841
35850
36199
36199
36272
36478
36707
36819
37138
37170
37233
37867
37867
37957
38192
38465
38642
38807
38807
38845
39234
39265
39471
39561
39691
39711
39829
39876
39882
40065
40504
40707
41059
41152
41159
41220
41252
41935
41943
42033
42120
42660
42660
42660
42660
42958
42962
43043
43050
43169
43442
43458
44411
44479
44479
45143
45244
45244
45244
45244
45813
46388
46690
47630
47786
48752
49229
49512
49512
50873
50873
52868
53021
53022
53531
53542
54007
54021
54022
54303
54926
54926
55223
55228
55357
55433
55474
56418
56520
56551
56627
56627
56628
56811
56974
57031
57031
57170
57497
57514
57517
57531
57531
57531
57531
57531
57531
57531
57531
57531
57531
57531
57531
57531
57834
58943
59755
59851
60183
60510
60968
61095
62333
62370
62494
62722
62748
62749
63268
63290
63454
63454
64383
64606
64617
64836
64902
64902
64902
64902
65025
65665
65665
65665
65665
65665
65820
65820
65820
65820
65820
66043
66553
67099
67615
68408
68691
68699
69775
69858
70891
71042
71043
71144
71191
71256
71256
71448
71545
71724
71867
71912
71912
72488
72945
73018
73109
73343
73343
74065
74087
74699
74699
74775
74799
74799
74799
75299
75299
75299
75660
75660
75879
75879
76382
76428
76511
76544
76860
76940
77030
77033
77035
77035
77384
77757
77757
77925
78005
78846
78960
79710
80282
80657
80679
80679
80760
81055
81383
81417
81766
82039
82315
83058
83529
84653
84724
84727
85139
86811
86824
87097
87152
87202
87371
87546
87827
87964
88062
88093
88093
88176
88176
88176
88176
88176
88176
88176
88176
88176
88176
88187
88187
88209
88213
89357
90231
90330
90578
92133
92211
92214
92534
93192
93192
93224
93257
93288
93310
93405
93959
94100
94297
95683
95721
95793
95970
95980
96025
96114
96158
96394
96549
96757
97467
97505
98062
98202
98306
98320
98860
99175
99212
99212
99212
99212
99352
99434
100593
102505
102505
102741
102972
103592
103628
103628
103772
103772
103772
104159
104297
104328
104378
104390
104491
104671
105031
105503
105604
105812
106041
106103
106292
106432
106704
106950
107349
107382
107807
107807
107811
108127
108127
108127
108127
108254
108310
108482
108563
109121
109427
109644
109717
109717
109819
109988
110594
110723
111061
111126
111240
111301
111470
111470
111589
111589
111730
112320
113162
113162
113392
113463
113699
114142
114360
114477
114477
114838
116174
116384
116675
