1208
3885
5736
13090
14439
15120
16122
16122
16122
17176
17504
17912
17912
17982
17982
18522
22010
22523
22978
23480
23830
24851
24851
25435
29247
29562
30046
30295
31022
31569
31673
32680
32702
32704
32705
32723
33219
37584
37706
39170
39170
39170
40376
40378
41700
41935
41946
42378
42420
43169
43374
44136
44950
44950
46075
46651
47043
48123
48185
48626
48645
50365
51525
51613
55273
55441
56225
56774
57175
57555
58286
58462
61316
61319
62244
62244
65097
69069
70976
71154
71736
72896
77820
80777
81903
81909
81917
83349
86511
88279
89434
90130
92001
93211
97390
97841
98701
98708
100967
101148
102819
103639
104324
104491
104515
105189
105401
105432
106289
107807
108736
108906
111824
111951
113687
115422
