1083
3600
3738
4798
4937
4937
4938
5337
6190
10554
10613
13137
14305
16091
16091
18701
21522
22344
23505
24763
24763
24763
24763
25331
25725
26846
28973
30856
31507
33324
34055
34070
40065
40065
40476
43169
44717
44779
47319
47895
47960
50873
50873
51150
53531
55382
55382
55382
56938
58008
58286
58880
59707
61096
61096
61217
65556
66344
67409
68418
68865
68865
69076
70692
71011
71214
73196
73196
73196
73301
73965
74546
77417
77417
77417
78011
79027
79976
80553
81224
83241
83241
83242
83845
84990
88176
90107
90279
93405
94396
94555
96379
96877
97123
99601
100021
100752
100752
100842
101282
101282
103077
105671
105673
106925
107807
109045
115318
