1577
2735
3097
3097
4356
4512
4512
4524
5144
6601
6601
10261
10261
12225
13164
13265
13812
14621
14734
16099
16303
17171
17176
17447
17447
17447
17447
17869
19860
21773
23233
23279
23284
24637
25394
25511
25708
29211
29225
29477
30795
31022
31023
31082
31299
31333
32694
35593
35787
36650
36815
37139
37517
37545
37545
37706
38204
38237
38257
38257
38257
39864
41270
43050
45413
45413
47319
47319
47319
47395
47875
48257
48855
50361
51522
51608
51613
52520
52521
52521
52522
52533
52533
52696
53062
53418
53497
53531
53645
53905
53933
54076
54076
54076
54838
55825
55825
55825
55825
56223
56223
56486
57501
58761
59531
59545
59561
59564
59758
60458
61851
61911
62239
62250
62286
64148
64408
65081
65478
65870
66043
66043
67212
67651
67651
67651
67658
68076
68420
70976
71011
71018
72902
73179
73179
75370
77624
77624
77624
77624
77624
78147
78147
80551
81224
81527
81528
81651
83529
83834
84526
88176
88187
88187
89318
90218
91702
92000
93326
93865
93945
94807
95833
96550
96550
96550
96550
96744
98708
99884
100752
101238
102487
102490
102501
103033
103054
103421
103628
103628
104822
105174
107275
107300
107807
107807
107811
109013
109373
109373
109694
110398
110499
110499
111258
111258
111258
111258
111258
111657
111791
111950
111950
111953
112261
112513
112987
113050
113425
113685
114108
114390
115394
115415
115637
115852
