1481
2379
2731
2745
2746
2862
2862
2862
2862
2862
2862
2862
2862
2862
2862
2862
2862
2862
2862
2862
2862
2862
2862
2862
2862
3203
3825
3900
3929
4072
4822
4824
5039
5204
5211
5804
5888
5888
6079
8077
8214
8395
8500
9614
9914
12920
12921
13163
13257
14224
15125
15379
16091
16245
16432
17190
18281
18403
18421
18564
19364
20064
21773
21860
21860
21860
21860
21867
22020
22392
22568
22934
23058
23499
23499
23502
23502
23502
23528
23528
24073
25276
25703
27890
28401
28794
29216
30153
30187
30644
30644
31358
31604
31659
31660
31831
31831
32295
32680
32680
32754
34482
35201
35787
35791
36272
36272
36350
37035
37384
37386
37654
37742
38035
38035
38807
38839
38839
39518
39561
40065
40265
40490
40498
40498
40498
40580
40995
41104
41152
41184
41242
41242
41381
41381
41702
42672
42672
43023
43033
43035
43050
43169
43169
43266
43266
43573
44063
44448
45901
45958
47319
47661
47674
47736
47751
48123
48867
48867
49192
49260
49506
49506
53166
53531
53535
53802
54298
54678
54895
55357
55526
56223
56228
57657
58875
59292
60603
60734
60881
60906
60906
60907
60968
61096
61571
62555
62740
62765
63875
63998
64191
65438
65438
65438
65438
65438
65438
65665
66282
66283
67577
67990
68141
68141
68736
69068
69069
69283
70156
70156
70692
70807
71115
71620
71891
72214
72214
72214
72214
72214
72722
74142
74799
74824
74824
74824
74824
74825
75321
75326
76973
76990
76990
77033
77033
77301
77308
77308
77565
78728
78860
78902
78902
78902
78916
78916
78916
78993
80156
80584
80839
80882
80888
81005
81005
81027
81030
81593
82210
85372
85655
85874
85883
85957
86134
86296
86416
86668
86784
86831
86831
86831
86831
87076
87076
87764
88209
88831
89107
89318
90125
90125
91184
93971
93972
94068
94178
94917
95303
95673
97730
97767
98397
99986
100447
102057
102295
104144
104574
105248
105958
107487
107892
108332
109319
109636
109640
109640
109640
109674
109951
111456
111456
111457
111473
113425
113685
113687
113709
114370
114833
116086
116343
116343
116390
116759
116778
