1282
1282
1416
1657
1657
1657
1657
1657
1657
1657
1657
1657
1732
1732
1732
1732
1732
1732
1732
1736
1736
1736
1736
1736
2251
2734
3600
3811
4937
4938
4940
5008
5337
5337
5341
5770
6252
6275
6363
6497
6497
6854
7132
7136
7291
7291
7439
7539
7539
7539
7539
7539
7580
7586
7624
7625
7657
7987
8018
8021
8029
8029
8029
8029
8029
8029
8029
8029
8029
8029
8029
8029
8029
8118
8122
8204
8310
8318
9288
9408
9408
9419
9492
9566
9620
9633
9633
9633
9633
9641
9641
9815
9824
9827
9827
9830
9830
9830
9923
10092
10092
10147
10431
10589
11441
11911
12149
12342
12774
12774
12774
13740
13740
13740
13740
13978
14181
14195
14208
14208
14208
14253
14412
14484
14570
14578
14633
14633
14678
14973
14980
14980
14980
14980
14980
15163
15288
15485
16091
16091
16099
16280
16280
16283
16283
16283
16283
16287
16512
16512
17493
17497
18381
18382
18382
18383
18522
18564
18691
18850
21773
21773
21939
21947
22005
22005
22010
22020
22285
22304
22661
22664
23058
23208
23279
23417
23483
23499
23499
23502
23502
23502
23528
23528
23528
23528
23949
24488
25420
25766
25766
25766
25766
25896
26063
26063
27220
27287
27621
27856
28497
30296
30296
30298
30701
30843
30856
30856
30856
30913
31092
31092
31092
31333
31334
31490
31604
31641
31686
31747
32174
32324
32742
33183
33183
35573
36234
36234
36234
36234
36691
36707
37265
37633
38204
38695
39170
39457
39457
39457
39457
39458
39458
39458
39509
39691
39837
39837
40050
40091
40397
40498
40504
41114
41114
41114
41114
41700
42028
42028
42028
42038
42038
42038
42041
42045
42092
42112
42112
42378
42378
43129
44581
44650
44651
44651
44651
44833
45288
45410
45410
45656
45719
47645
47809
47818
47818
48198
48198
48666
51706
51706
51715
51737
51739
52177
52246
52260
52995
53531
53531
53535
53536
53536
56223
56259
56259
57093
57531
59572
59755
60972
60997
61096
61102
61183
61595
61602
61612
62286
62286
62618
62655
65097
65665
66042
66043
66043
66043
67278
68102
68412
68418
68419
70489
70941
70957
71011
71135
71398
71925
72898
73160
73190
73794
74706
75106
75106
75142
75144
75150
75176
75643
75762
75762
75762
77033
78016
78017
78284
78284
78284
78284
78284
78284
78284
79051
80277
80735
81019
81058
81059
81059
81060
81298
81521
81527
81527
81527
81527
81528
81661
81858
82914
83832
84148
84206
84757
85372
85372
86300
86614
86997
88209
88461
88844
89121
89293
90280
90280
90280
90280
90280
90280
90280
90674
90746
90746
90754
90917
91184
91184
92252
92252
93107
93211
93211
93224
93354
93354
93354
93354
93354
93912
94229
94254
94491
95845
96027
96027
96744
96744
97123
97129
100691
100942
100946
102057
102762
102947
103020
103138
103247
103247
103427
103427
103428
104788
104788
104937
105116
105330
105330
105364
106091
106315
106490
106491
106635
106992
107022
107022
107030
107385
107419
107469
107674
107856
107916
107916
108405
108405
108482
108485
108869
109141
110361
110449
111002
111061
111459
111704
111712
112534
112842
113425
113685
114370
114370
114370
114370
114370
115318
115422
115565
116176
116585
116651
116760
116760
