2711
3293
3293
3293
3293
3293
4393
4393
4393
4393
6421
6421
6421
9671
10112
12395
16340
16540
17872
17872
21881
23687
23702
24712
24717
24741
26237
26700
28826
28948
29036
30344
30351
30856
31261
33217
43348
47000
47006
48151
48820
48821
48822
48826
48830
48836
48836
48839
49180
51715
51718
55724
55724
55744
55744
55744
55744
55744
55744
55744
55744
55744
55744
55744
55744
55744
55744
55745
55746
55748
55748
55748
56148
56148
56148
56331
56331
56331
56839
56839
56839
56839
56839
56839
56839
56839
56839
56839
56840
56840
56840
56844
56844
56844
56844
56844
56844
56854
56893
56894
56894
56894
56894
56894
56894
56894
56894
56894
56895
56895
56895
56895
56898
56901
56903
57410
58286
59717
62408
62408
62410
62410
62411
62413
62414
63099
63443
66540
66540
68505
68505
71011
73265
73271
73271
73271
73271
73271
73271
73271
73271
73271
73395
73395
73531
73531
73531
73531
73531
73535
73535
73535
73535
73537
74712
76817
84926
88941
88943
88944
88944
88944
88944
88944
89004
89029
89029
89029
89029
89029
89031
89033
89033
89033
89033
89033
89033
89901
89904
89906
89907
89907
89907
89907
89908
89908
89919
89919
89919
89919
89919
89928
89947
89950
89972
89972
89972
89982
89982
89982
90153
92214
93224
96027
101392
102487
104378
105144
115571
