2341
3402
3402
3666
3814
3816
3816
4377
4377
4377
4377
4377
4377
4377
4377
4693
5188
5204
5486
5678
5680
5740
5755
6190
6280
6282
6581
6582
7328
7836
10047
10047
11089
11089
11933
11933
12460
13105
13107
13740
13806
14562
14677
15666
15698
17857
17857
18843
18843
18843
21798
23499
23499
25272
25891
26847
27401
28170
28184
28401
31197
31202
31980
32159
32161
32320
33489
33624
33625
33897
34373
35002
36742
36742
36819
37415
37415
37415
37817
38189
39170
39184
39251
39454
39544
39544
40460
43378
43379
43458
43458
43879
43907
44340
44448
49172
50873
50873
53147
53147
53154
53154
53177
53177
53181
53182
53490
53531
53542
53542
53851
54530
56215
56350
56803
57181
57381
57381
57975
58371
58855
60603
60603
60625
60972
61217
62663
63285
63285
63701
64010
64616
64719
64851
65665
65683
65821
65821
66287
66351
66353
66357
68068
68391
68736
68837
68976
69303
69303
69342
69425
69436
69436
72233
72933
73163
75952
77067
77067
77067
77206
77206
77228
77228
77228
77445
77445
79106
79818
79829
80079
83118
83364
83393
84471
84989
86412
86831
86954
86954
87382
88209
88846
89107
89637
90125
90125
90280
90285
90528
90528
92000
92046
92100
92442
94017
94286
94353
96379
96379
97197
98321
99175
99205
99328
99398
99546
99546
100352
100504
103135
103558
105884
108449
110396
110396
110723
110723
111240
111240
111437
111735
113256
113256
113256
113656
113685
113685
114364
115757
115757
