1733
3087
3087
3087
3087
3087
3088
3088
3090
3090
3090
3090
3090
3090
3090
3090
3090
3090
3090
3090
3090
3093
3093
3601
3640
3771
3771
3771
3771
3771
3831
3832
4768
4889
5188
5204
5803
6825
7183
7539
7612
7612
8799
8799
9816
10184
10443
10589
10872
12282
12368
12505
12557
12659
12774
12774
12774
12774
12881
12881
12881
12881
12881
12935
13104
13180
13180
13180
13183
13805
14054
14194
14194
14194
14194
14324
14324
14480
14480
14583
14628
14679
14795
15120
15491
15491
15491
15491
15491
16105
16105
16120
16271
18213
19182
21773
22076
22340
22340
22340
22340
22340
22340
22340
22344
22998
23058
23279
23524
23525
23525
23525
23742
23742
23742
23830
24487
24870
24873
25156
25228
25708
26126
26298
26380
27138
27749
27782
28035
29247
29289
30000
30011
30203
30605
30896
31347
31356
31515
31658
31658
31658
31796
31831
32023
32628
32628
32628
32704
33026
34016
34149
36152
36258
36258
36270
36272
36272
36272
36272
36272
36272
36272
36272
36272
36273
36273
36642
36650
37228
37417
37417
37818
37870
37927
38020
38076
38207
38281
38281
38642
38642
38669
38807
38807
38807
38839
39234
39234
39361
39671
39671
39749
39894
39986
40007
40007
40065
40065
40065
40276
40276
40276
40472
40717
40923
41427
41427
41431
41878
42224
42602
43169
43169
43169
43169
44654
45388
45415
45415
46535
47194
47319
47395
47882
48491
49154
49220
50873
51525
51846
51895
52224
52662
52670
52670
52948
52955
52955
52955
53531
53531
53531
53531
53531
53535
53542
53542
53652
54238
54238
54238
54240
54492
55315
55508
55508
56223
56490
56490
57494
57494
57494
57612
57612
57975
57975
58151
58549
58549
59290
59290
59290
59314
59394
60031
60137
60348
60499
60499
60510
60510
60510
60510
60603
60972
61336
61336
61336
61851
61851
61911
62529
63998
64114
64343
64343
64343
65665
65665
65665
65826
65887
66043
66043
66043
66043
66043
66043
66043
66043
66043
66043
66043
66086
66131
67212
67212
67225
67226
67675
67711
68418
68418
68507
68508
68522
68832
68870
69069
69069
69069
69069
69303
70576
70576
70576
70576
70576
70656
71018
71024
71024
71041
71153
71153
71851
72190
72805
72805
73109
73109
73109
73109
73109
73109
73109
73109
73109
73109
73116
73240
73260
73771
73858
74392
75640
75640
76126
77031
77388
77405
78312
78312
78326
78326
78326
78627
78636
78636
79115
79833
80372
80753
80755
81336
81596
82349
83347
84446
84983
84988
86831
86831
86906
86925
87830
88209
88209
88296
88342
88844
89434
89434
89729
90125
90315
90684
91129
92056
92860
92959
92985
92985
93098
94986
95768
95768
95948
95948
96183
96436
96515
96744
96896
97364
97467
98241
99971
100217
100217
102057
102491
102491
102923
102978
103628
104180
104243
104724
104786
104786
104786
104786
104786
104800
105878
105884
105884
105935
106103
106650
106949
107024
107030
107033
107260
107374
107807
107807
107807
107835
107856
108736
109328
109875
110469
110469
110469
110469
110486
110486
110723
111951
112256
112256
112258
112258
112650
112987
113443
113685
113685
113685
113685
113685
113685
113687
114142
114320
115218
115367
115538
115538
115538
115985
116088
116651
116753
116761
