1941
2379
3885
5149
5841
5886
6601
6601
6629
6661
6661
6661
6661
6867
6868
7208
7211
7226
7226
12612
12889
13740
13740
13803
13803
13803
13803
13803
13803
14118
14120
14523
14973
15365
15395
15841
16091
17028
18446
21773
22299
23480
23499
23499
23499
23499
23502
23528
23528
23528
25272
25272
25394
26824
26845
27627
27637
27637
27719
29211
30439
30856
30881
31795
32320
32320
32628
32628
32628
33294
34482
35174
37035
38090
38281
38307
38642
39837
40065
41328
41979
42357
42357
42357
43169
43575
45410
45958
46435
46447
46449
46787
46787
47319
47960
48474
48666
49763
50873
50873
53531
53531
53531
53535
53542
53542
53561
56933
56933
57578
57747
57976
61217
61336
61336
61336
61412
61571
61921
62605
62605
62618
63330
64204
65438
65665
65665
65665
65665
65665
65665
65665
65886
66043
66043
66043
66043
66043
66043
66632
67148
67150
67150
67152
67152
67152
67152
67152
67312
67408
67408
67409
70692
71011
71115
71508
71511
71511
71620
72353
72590
72640
72805
74091
78762
78960
78960
78960
78960
78960
78984
80740
82016
84526
84526
84989
86720
88209
88844
90125
90754
92211
93257
93257
93257
93257
93472
93634
94353
94995
97036
97467
98919
99174
100191
103279
104312
104699
104706
104724
105174
105174
105248
106286
106636
106636
107637
107807
107807
107856
107856
108835
111461
111732
112692
113246
113256
114136
114136
114136
114136
114136
114142
114142
114320
114320
114320
115101
115318
115394
115394
115394
115802
116456
