1180
1584
3558
3756
3885
4658
4696
4964
5655
7572
8055
8466
10000
10000
10007
10047
10061
10061
12282
13725
14482
14886
15384
16091
16373
17493
17912
21579
21773
21939
22010
22661
23070
23279
23321
23528
23636
25156
25966
27886
27996
28499
30246
30283
30283
30843
31604
32430
32507
32680
32680
32680
32704
32704
32704
32704
32754
32754
32770
33005
34178
34502
34785
35588
36272
36272
36272
36273
36365
36815
36816
36819
36819
38185
39251
40217
40297
40344
41003
42819
43421
43582
44197
44698
46022
47197
47205
47662
47819
47819
48169
50767
50767
50873
52408
53542
55433
57175
57494
57494
58301
59726
59810
60167
60167
60167
60167
60167
60167
60410
60410
60427
60427
61217
61571
61851
62239
62297
62765
64193
64206
64855
65084
65097
67932
68408
69068
69068
69069
69069
70168
71401
71401
71401
71401
71544
71824
73118
74699
74699
76971
76973
77031
80575
80728
81598
83347
84990
84990
84990
84990
86668
86831
86831
86997
87097
87964
87964
88176
88176
88187
88211
89108
89108
89246
89293
89478
90285
91617
92214
92214
92300
92300
94114
94276
96756
97186
97230
97230
99398
99920
100617
100752
102809
103057
105392
107024
107807
108906
109198
109717
110906
110907
111063
111240
111308
111473
111473
111473
111528
111952
111953
112322
112648
115394
115852
115992
116055
116055
116055
