1327
3601
3603
5084
5177
5655
6184
6192
6192
8248
8532
8559
8559
8559
9131
9874
9883
12169
12827
12881
13096
13098
13098
13718
14484
16095
16287
16841
16924
17171
17284
17305
19364
19860
20207
20207
21773
21773
22033
23331
23408
23480
23480
23499
23499
23502
23502
23505
23528
23851
25711
25856
26692
26845
26845
26847
27097
28227
28244
29094
29097
29492
30178
30220
30438
30603
30813
31022
31023
31773
31831
31841
32320
32320
32564
32702
32913
33427
36248
36272
36272
36272
36272
36273
36340
36350
36350
36350
36350
36815
37233
37281
37318
38656
39561
39585
39717
39854
40007
40065
40703
40931
41380
41763
42033
43421
43441
43575
43820
44070
44479
45584
45589
45640
45664
46113
47095
47810
49141
49230
49382
50873
51525
51846
51855
51856
51865
52095
52224
52868
53004
53796
53905
53905
54344
54823
54897
56225
56234
57941
57944
58304
58393
58462
58490
59195
59545
60194
60194
60499
60603
60972
61847
62333
62467
62467
62476
63175
63268
64010
64011
64309
64855
64902
65616
65665
65665
65665
65665
65847
67385
67783
68622
69571
70957
71398
71620
71824
73274
73644
73644
73644
73644
73645
73898
74799
74817
74984
74984
76178
76178
76505
76814
76932
77030
77384
78009
78649
78696
78948
78960
78960
78960
80035
81504
81850
85590
85590
85842
86382
86678
87350
87350
87350
87350
87350
87350
87392
88176
88176
88176
88607
89150
89467
89729
90521
90724
91184
91184
91184
91189
91203
91205
91323
91343
92133
92510
92516
92860
93098
93098
93208
93224
93224
93324
94202
94552
96090
96090
96090
97306
97386
97467
97617
97617
97630
97986
98113
98525
98675
99398
99498
100056
100411
100667
100673
100946
101670
101981
102006
103591
104139
104376
105118
105884
106061
106061
107059
107807
108378
108858
109196
109373
109657
109955
110445
110978
110987
111473
112372
112986
113407
114136
114364
114364
114484
114677
114838
115777
115777
115992
116088
116343
