1259
2713
3107
3561
3561
3811
4115
5076
5886
8096
8425
8634
9419
9892
9979
10022
12457
12464
12464
12659
12829
12929
14480
14787
15120
16271
16811
17137
17137
17137
17138
17138
17613
17622
17776
17857
18391
18400
18487
18597
21807
21939
21939
21939
21939
22001
22344
22980
23321
24045
26304
26705
26705
26705
26705
26705
26705
26705
26705
26705
26705
26705
26815
27445
27782
28085
29211
29617
30162
30439
30951
31604
31637
31658
31817
31836
33844
34482
37233
37275
37275
37275
37415
37415
37415
37537
37817
37818
37818
37818
37818
37837
38072
38181
38206
38281
38756
39346
39465
39635
39672
39681
39837
40051
40243
40405
41703
41905
42012
42215
42243
42572
42612
42627
42672
43050
43050
43050
43050
43242
43272
43503
44404
44486
44486
44833
45334
45384
45384
45503
45691
47272
47272
47272
47272
47302
49342
49342
49419
49512
49512
49512
49512
49512
49512
49512
50872
50873
50873
50873
50873
50873
51243
51889
53185
53542
53542
53542
54060
54078
54184
54302
54302
54302
54333
54344
54407
54407
54465
54486
54678
54886
54889
54890
55111
55241
55302
55511
55828
56223
57031
57031
57031
57712
57765
58857
59498
59604
59605
60457
60469
60603
60975
62165
62214
62437
62442
62523
62960
63265
63306
63567
64011
64112
64186
64343
64534
64534
64534
64649
64649
65665
67385
68136
68327
68870
69175
69492
69966
70082
70293
70489
71011
73180
74065
74699
74799
75879
76773
76973
76973
76973
77031
77031
77031
77033
77035
77691
78326
80584
80760
81243
81268
81397
81397
81407
81596
82142
82482
82741
83834
83879
84136
84432
84432
84465
84637
84992
85330
85330
86412
86806
86831
86831
86831
86831
86931
88187
88211
89232
89246
89246
89448
90521
90831
90832
91044
91045
91184
91184
91184
91235
91618
92000
92089
92430
92449
92449
92449
92860
93371
93474
93857
94251
94276
94283
94313
94325
94763
97186
97482
97617
97730
99108
100410
100411
102519
102519
103202
104485
104744
104925
105011
105889
106996
106997
107061
107807
107811
107835
107835
108671
109198
109355
109675
109717
110087
110743
110953
111240
111473
111716
111953
112293
112354
112371
112371
112371
112371
113256
113425
113685
113685
113685
113685
113685
113685
113685
113687
113687
113687
113687
114370
114370
114370
114479
114616
116003
116651
116753
