1207
1329
1417
1881
1895
2734
3107
3387
3387
3525
3604
3811
3885
4355
4536
4798
5697
5833
6206
6206
6298
7291
7328
7411
8096
8310
8555
8976
10016
10047
10652
12181
12519
12546
12572
12829
12912
12920
12920
13411
13932
13966
14728
14730
15218
15371
15642
15721
15848
16095
17148
17171
17171
17177
17800
17912
17912
17982
18564
20231
21860
21867
21939
22664
22934
22991
23279
23417
23528
23552
23559
23582
24337
24438
25272
25364
25800
26063
26304
26304
26692
27806
27896
28362
28363
28363
29109
29122
29247
29808
30097
30400
30655
30856
31283
31465
31658
31658
31660
31660
31660
32320
32320
32561
32628
32680
32680
32680
32680
32680
32680
32680
32694
32702
32704
32704
32704
32754
32754
32754
32770
32770
32775
33217
33255
33294
33865
34233
34234
34372
35163
35163
35397
35787
35916
36128
36131
36809
36809
37089
37391
37591
37591
37593
37593
37686
37899
38274
38353
38363
38387
38395
38399
38642
38807
39265
39537
39711
39952
40007
40007
40034
40065
40065
40276
40276
40520
40574
40574
40576
40576
40756
40905
40906
40906
41152
41205
41216
41905
42033
42215
42435
42441
42679
42679
42682
42816
43045
43169
43169
43169
43266
43412
43487
43640
43655
43680
43721
44042
44058
44267
44456
44479
44695
44989
44989
44991
44991
44991
45260
45405
45664
45958
46770
47301
47311
47997
48129
48205
48292
48385
48474
49285
49709
50811
51254
51273
51301
51895
52164
52521
53480
53531
53542
54411
54530
54702
54732
55291
55357
56183
56292
57175
57175
57175
57175
57182
57433
57433
57437
57555
57578
57578
58239
58286
58715
59457
60239
60627
60627
60990
61230
61231
61336
61336
61347
61851
61895
61897
62100
62292
62436
62482
62490
62529
62634
62992
62995
63303
63865
64134
64702
65245
65478
65478
65552
65665
65665
65665
65684
65826
66042
66043
66043
67100
67815
67822
67829
67829
67829
67829
67863
67863
67927
69069
69069
69069
69074
69439
70165
70165
70221
70553
70656
70675
70706
70706
70892
70957
71024
72972
73160
73697
73697
73794
73962
74195
74360
74699
74724
75657
75879
75879
76680
76973
77474
77668
78005
78468
78468
79251
79334
80068
80429
80753
80753
80755
80755
80755
80755
80755
80755
80804
81053
81251
81495
81598
82116
83312
83316
83316
83364
83876
84142
84435
84941
85083
85178
85178
85236
85372
85655
86408
86977
86999
86999
87112
87457
88209
88209
88560
88560
88561
88914
89121
89227
89290
89318
89474
90021
90054
90674
90685
91045
91101
91129
92181
92214
92214
92214
92214
92569
92718
92968
93096
93224
93224
93326
93344
93362
93643
94156
95793
96116
96474
96514
96767
96843
97027
97467
97832
97986
98054
98187
98505
98591
98701
98807
99396
99710
99710
100321
100324
100448
101012
101239
101244
101759
101763
101808
101981
101982
102057
102057
102360
102487
102487
102490
102490
102493
102819
104117
104117
104117
104597
104598
104948
105174
105889
105987
106467
107413
107713
107829
109030
109074
109717
109717
109851
110162
110324
111015
111033
111343
111343
111343
111385
111385
111473
111540
111590
111590
111590
111960
112515
112523
112575
112842
112987
114370
114390
114616
115135
115422
115757
116075
116230
116651
116651
116918
