1123
2629
2729
2729
2729
2731
3363
3366
3366
3603
3603
3885
3885
3885
3929
3963
4087
4096
4096
4951
5084
5177
5380
5803
6218
6280
6280
6280
6280
6280
6280
7291
8093
8282
8397
9233
9427
10047
10093
10261
10446
10687
10687
11533
11735
12574
12916
12935
12935
13090
13212
13315
13378
13494
13579
13579
13579
13579
13579
13838
13838
13838
13838
13838
13849
13849
13849
13849
13849
13849
13932
14531
14570
14570
14578
14823
14823
14828
14884
14884
14884
14884
14884
14915
14978
15330
16287
17023
17095
17130
17176
18024
18128
18649
19219
19740
22310
22344
23118
23502
23552
25005
25364
25487
25511
25711
26676
26992
27086
27242
27298
27298
27890
27899
28274
28411
28412
29618
29998
30000
30148
30644
30644
30647
30672
30913
31017
31448
32320
32323
32628
32628
32628
32706
33221
33294
33859
33865
34598
34598
35004
35057
35146
35146
35198
35230
35970
35970
35970
36430
36430
36448
36449
36449
36449
36449
36450
36450
36450
36450
36450
36450
36454
36454
36455
36456
36462
36485
36485
36502
36809
36917
37252
38642
38807
39093
39094
39095
39121
39121
39163
39163
39251
39286
39561
39561
40065
40065
40474
40767
40767
40767
40779
40779
41113
41113
41268
41268
41276
41703
41853
41970
41982
42353
42378
42712
43242
43266
43458
43487
44411
44479
44504
44504
44589
44950
44950
44950
45260
45435
45664
45664
46113
46619
46664
46664
46666
46669
47141
47595
49087
49143
49143
49276
49446
51753
52134
53796
53802
53802
54354
54354
54357
54357
54359
54530
55357
56183
57175
57175
57175
57976
58715
58806
58810
59755
60457
60476
60603
60625
60672
60820
60990
61029
61494
61595
61815
62297
63701
63718
63732
63974
64952
65665
65707
66451
67020
67100
67100
67116
67119
67517
67863
67880
67940
68049
68622
69069
69069
69074
69074
69074
69074
69074
69076
69076
69613
69864
70339
70489
70957
71011
71011
71011
71011
71018
71018
71018
71041
71041
71398
71736
71736
71736
72529
73163
73188
73274
73301
73618
75473
76564
76564
76609
76680
77820
78326
78627
78930
78933
80039
80735
80753
80962
81049
81123
81466
81495
81599
81889
81889
81891
82307
83425
83529
84019
84526
84983
84989
84989
84989
85643
85705
85874
86668
86668
86787
86796
86831
86831
86831
86997
88176
88176
88176
88176
88176
88724
89318
89318
89786
90014
90125
90125
90130
90674
91845
92211
92569
92860
92901
92901
92901
92908
92908
92993
93098
93224
93355
93590
93773
93773
93821
93947
93947
94181
94593
96054
96720
96720
96720
96720
96720
96720
96720
96757
96847
96992
97364
97364
99175
99577
100178
100641
100912
100942
102193
103003
103361
104627
105284
105503
105604
105642
106866
106866
107469
107471
107807
107807
107807
107807
107811
107893
108268
108278
108278
108392
108621
109238
109611
109612
109717
109717
109717
109719
109719
109905
110830
110830
111028
111028
111028
111028
111061
111061
111073
111240
111432
111456
111462
111477
111726
111999
111999
112040
112219
112224
112447
112607
112985
113052
113685
113685
113685
113685
113685
113685
113687
114119
114320
114576
114987
115128
115318
115394
115394
115394
115442
115497
115757
115947
116176
116312
116651
116651
116651
116651
116790
116877
