924
1315
1499
1499
2058
2686
2686
2686
2687
2688
2689
2689
3301
3558
3742
3742
3885
4065
4914
4937
4937
5189
5189
5678
5678
5678
5680
6557
6557
8168
8833
8903
9456
10007
10011
10238
10242
10665
13106
13817
13838
13838
14067
14439
14677
14677
14698
15093
16488
16576
16780
18239
19364
20066
20066
20066
20066
20066
20094
20094
20094
20096
21773
21939
22020
22351
23636
24289
25587
25708
25712
26301
26381
28289
28289
29157
29211
29866
30584
31023
31023
31023
31333
31333
32294
32320
32320
33343
33343
33344
34482
34521
34716
34857
35084
36187
36816
36816
36816
37392
37392
37517
37927
37928
38167
38656
38656
38656
38656
38839
39199
39717
41059
41059
41982
41982
42254
42502
42602
42602
42712
42797
43050
43169
43266
43378
43432
43918
44411
44414
45388
45665
46664
48205
48559
48666
49766
49780
51846
52519
52538
53168
53169
53184
53542
53802
54592
54592
54643
54732
55437
55815
56037
56037
56037
56037
57975
59739
60142
60452
60510
60603
61096
61096
61336
62618
63701
64309
64309
64309
64309
64309
64343
65683
66043
66043
66043
66043
66043
66340
67152
67211
67211
67278
67278
67746
67795
67937
68068
68456
68722
69224
69292
69492
69683
69938
71729
71851
73618
74560
74560
77624
77624
78960
80693
81596
81774
82232
82349
82350
82353
82353
84990
85739
86831
87752
87968
88176
88180
88187
88420
89202
89467
89591
90685
91071
91071
91111
91184
91928
92000
92211
92229
92232
92338
92338
92569
94987
95024
95962
95962
95970
96379
96379
96379
96379
96423
97186
97186
97219
97242
97242
97242
97617
97746
98086
98116
98879
98914
99037
99037
99546
100417
101238
102443
102487
102979
102979
103078
103367
104865
105174
105935
105936
106193
107374
107380
107381
107784
108555
110447
111061
111061
111185
111185
111457
112079
113409
113425
113425
113425
113685
113687
113709
114320
114366
114505
114829
114838
115102
115394
115484
115565
115794
116086
116088
116186
