947
1683
1800
2732
3152
3831
3885
4096
4413
4878
4945
5113
5204
5279
5642
5739
6511
6799
6968
7179
7835
8093
8732
8733
8733
8846
9913
10072
10072
10701
10757
11159
12161
12282
12411
12494
12881
13105
13405
14204
14480
14570
14886
15666
15721
16099
16914
17170
17362
17869
17897
18564
18564
18769
18769
19369
20073
20909
21773
21939
21982
22428
22523
23477
23499
23780
25711
26913
26950
27057
27445
27445
27627
28177
29236
29648
30186
30392
30874
31604
31604
31871
32016
32628
32628
33668
33853
34109
34149
34149
34202
34406
34482
34598
34598
34598
34598
34598
34598
34598
34598
34598
34598
34598
34598
34598
34598
34598
34598
34598
34624
34624
34668
35158
35490
35785
35787
36058
36815
37164
37233
37816
37831
38254
38281
38293
38642
38807
39170
39441
39874
40065
40065
40065
40065
40226
40299
40395
40498
40697
41091
41381
41381
41874
42350
42576
42996
43050
43169
43272
44319
44340
44456
44479
44684
44897
45333
45388
45415
45503
45606
45664
46242
46267
47319
47960
47960
49277
49553
50816
50873
51716
53031
53490
53492
53531
53531
53535
53535
53539
53542
53542
53542
53544
53647
53829
53960
54189
54190
54530
54546
54823
55354
55357
55815
55828
56336
56374
56479
57031
57175
57354
57578
58875
59256
59756
60182
60319
60392
60469
60510
60627
60829
60906
60906
60908
60933
60975
61096
61336
61659
61709
61709
61724
62286
62436
62436
62436
62529
62589
62618
62618
62716
62722
62722
62722
62722
62722
62722
62722
62722
62722
62722
62722
62722
62722
62722
62724
63175
63322
63998
63998
64256
64256
64343
64702
64788
64845
64902
65665
65665
65665
66019
66043
66043
66043
66265
66265
66282
67278
67278
67574
68530
69866
69882
69902
71016
71016
71041
71104
71398
71901
71901
71901
72233
72233
72233
72233
72253
72258
72898
73667
73667
74699
74799
74799
74799
74817
74824
74953
76178
76773
76773
76773
77033
77035
77285
77305
77322
78284
78531
78960
78960
79195
79514
79969
81243
81257
81257
81257
81593
83176
83251
83272
83688
83990
84064
84253
84526
84989
84989
84989
84989
84989
84989
84989
84989
85168
85362
85655
85737
85874
85874
85874
85883
85887
86394
86442
86831
87350
87350
87350
87350
87353
88176
88176
88176
88187
88209
88209
88211
88514
88724
88845
89107
89121
89434
89616
89740
89750
89759
90139
90246
90603
90674
90803
90832
91172
91172
91184
91184
91184
91212
91212
91770
91771
92510
93354
93474
93634
93945
93945
94028
94068
94415
95210
95706
95948
96027
96054
96169
96172
96514
96841
97123
97123
97230
97569
98320
98402
98500
98503
98860
98879
98973
99205
99685
99920
100113
100392
100419
100686
102643
102819
102888
102897
103135
104159
104325
104603
104709
104867
105174
105174
106103
106265
106432
106776
106779
106864
107285
107307
107807
107807
107811
107836
107856
107856
108642
108968
109198
109350
109636
109717
110723
110730
110987
111002
111015
111061
111061
111434
111707
111950
112150
112523
112952
112985
112987
113155
113392
113392
113425
113682
113682
113682
113682
113682
113683
113685
113685
113685
113687
113715
114136
114164
114320
114370
114762
114762
114833
115102
115218
115616
115757
115777
115777
115777
116286
116456
