2850
3603
3885
4607
4607
4726
4726
6260
10047
11979
12138
12224
12471
12935
12959
13291
13585
13611
13702
14330
14980
16099
16287
16287
16922
18564
18911
19401
19403
21773
21860
21860
22007
22344
22661
23321
24043
24098
25708
26020
26551
27097
27500
28166
28365
29110
29211
29671
30000
30002
30146
31022
31604
31660
32320
33624
33859
33861
34105
34108
35489
35589
35787
35787
37228
37686
39093
39936
40065
40065
40460
40460
40472
40483
40652
40700
41266
41488
41488
41700
42028
42028
42038
42038
42038
42343
43050
43055
43266
44207
45030
45388
45665
46491
46495
47145
48100
50873
50873
51149
51715
51716
51716
51895
52133
52408
53802
54242
54407
55357
55511
55531
55546
56223
56223
56223
56227
57494
57943
58304
59541
59541
59563
60167
60460
60972
61096
61604
61680
61721
61851
62261
62284
63243
63243
63248
63250
63942
65826
65848
65848
66043
66349
68399
68530
68753
69069
69069
69069
69069
69514
69858
70891
70891
70891
70891
70905
70905
70905
70946
72158
73594
74236
74712
75660
76669
76669
77384
77396
78960
78960
78960
79027
79027
79048
79051
79274
80575
80753
81136
81141
81914
84436
84528
84859
86668
86685
86780
86831
86831
86831
86831
87729
88430
90021
90125
90591
91995
92211
92963
93370
94184
94199
94779
94987
95112
95199
95793
96954
97968
98034
99546
101858
101993
102057
102057
102071
102819
102975
104378
104628
105521
105948
105948
106033
106346
106877
108329
108621
108642
108835
108835
108908
109156
109196
109375
111063
111063
111473
111950
111950
112540
113458
114028
114370
114370
114547
114574
