2559
2559
3152
3600
4765
4838
4878
5084
5131
5281
5281
6027
6321
6789
8093
10127
11911
12125
12181
12555
12920
13089
13105
13403
14196
14201
15488
16287
16301
17234
17234
17273
17912
17982
18564
18576
19364
21382
21860
21939
21958
21976
22720
22720
23058
23081
23279
23480
23830
24026
25707
25707
27322
27478
27901
29247
29472
30004
30053
31333
31537
34598
35970
36933
37233
37275
38281
38293
38642
39681
40103
40198
40216
40931
40931
40942
41713
41770
42576
42672
42684
42712
43421
43492
44695
44698
44957
45033
46280
46300
46420
47311
47607
48441
51895
51895
51895
53490
53696
53717
54188
56223
57173
57494
57494
58528
58624
58672
58672
59728
60452
60618
60724
60738
60741
60806
60906
60906
60906
60933
60933
61156
62333
62749
62749
62749
62765
62765
62765
62765
62765
62765
62804
62836
62855
62855
64242
64343
65665
66043
66043
66043
67884
68219
68404
69068
69068
69074
70001
71018
71438
71460
71460
71460
71463
71544
73315
73719
73983
73983
74799
74799
74799
74799
74824
74959
74967
76300
76680
76756
76814
76973
76973
76990
77564
78326
78561
78960
78960
78960
78960
78960
79914
80372
80824
81593
81619
81820
83392
83433
84241
84990
85886
85968
86413
86780
86831
86997
88176
88176
90743
91184
91184
91778
91935
91995
92128
92956
92956
93224
93355
93372
93947
93947
94147
100387
101010
104383
106924
106950
107305
107811
107856
109076
109202
109640
110069
110402
110446
111072
111459
111951
112998
112998
113052
113464
113666
114114
114612
114838
114997
116651
116758
