3026
3531
3531
3780
3831
5970
9427
13107
13479
13838
13838
13849
13849
14727
14730
16091
17883
17883
19745
23502
23528
24289
26932
27924
27962
33515
34293
35593
36196
36816
38807
39073
39666
40923
41172
41703
41979
42712
42887
42958
45159
45958
45958
45958
51243
53845
54390
54732
55357
56223
56223
57170
57532
57612
58499
59429
59573
60787
62823
62823
62824
62825
62827
62827
62827
62831
63865
63979
68622
69068
69069
69069
69069
73856
73858
76590
76973
76973
77067
77067
77144
79930
80457
80920
83443
83982
84460
84983
84990
86297
88176
92000
93326
93405
93592
94183
94353
96841
97186
97267
98182
99396
100691
101560
101669
104458
104460
109681
110891
110891
111473
115318
116343
