1895
2013
2217
2695
3152
3152
3309
3312
3312
3312
3640
3913
4115
4127
4448
4536
4711
5438
6192
6192
6194
6195
6629
7380
7418
8532
10321
10656
10915
11827
12047
12047
12444
12584
12881
12920
12921
13376
14083
14370
14376
14439
15401
15456
15764
16091
16390
17171
17774
19720
20291
20291
20291
21773
21860
22010
22075
22075
22344
23081
23252
23321
23502
23502
23582
24405
24772
24772
24844
25005
25850
26291
26913
26913
26913
26913
27136
27142
27142
27142
27142
27142
27183
30812
31022
31583
31980
31980
33858
33865
34159
34191
34482
34878
34911
34981
34985
34985
34985
35084
35084
35095
35426
35450
35791
36716
36922
37228
37228
37233
37233
37262
37262
37262
37262
37415
37417
37417
37417
37417
37417
37417
37417
38518
38518
38518
38518
38518
38518
38518
38642
38807
38807
38839
39518
39671
39681
39681
39691
40007
40007
40065
40065
40067
40708
40945
40945
41152
41156
41324
41427
41781
41970
41979
42351
43266
44479
44650
44651
44698
44826
45033
45239
45388
45388
45405
45405
45410
45584
45584
45665
45694
46654
47319
47395
48125
48205
48375
48855
49189
49189
49320
50873
50873
51753
51763
52400
52662
52662
52662
52662
52999
53001
53357
53357
53536
53829
53887
53974
54278
54302
54378
54387
54465
54802
54886
55932
56334
56334
56334
56334
56334
57770
58216
59561
59882
59962
61096
61709
61820
62239
62239
62284
62333
62333
62333
62333
62333
62333
62529
62749
62749
63998
64115
64134
64134
64134
64134
64134
64134
64147
64343
64343
64343
64429
64534
64534
64534
64649
64649
65478
65887
68310
68506
68506
68870
69074
69366
69366
69366
69460
69503
69934
70293
70293
70293
70656
70656
70692
70769
70769
71926
73260
74293
74293
74348
74501
74546
76973
77384
77925
79195
79195
80760
83836
83836
84983
84983
84989
84989
84989
84989
84990
85507
85808
86034
86831
86831
86831
86831
86831
86955
88165
88165
88210
88844
89636
89641
90014
90125
90279
91045
91105
91630
92056
92731
93096
93355
93874
94848
94848
94848
94987
97445
99175
99192
100107
100421
100624
100624
100624
100624
100624
100625
100625
100873
101197
101287
101952
101960
104156
104156
104166
104232
104242
104361
105323
106041
107120
107811
107811
107835
107856
108388
108697
108880
108946
108993
109279
110185
110189
110486
110486
110486
110781
110869
110870
111015
111240
111240
111240
111456
111927
111936
111950
111952
112324
112842
112986
113052
113052
113458
113458
113518
113576
113647
113685
113685
114142
114142
114142
114362
114362
114362
114700
114938
115103
115777
115777
115794
