3601
3885
4237
4237
4945
4945
5223
8916
9095
9116
9116
9874
10047
12505
12515
12881
12920
12920
13838
13864
14482
14679
15683
16924
17027
18653
19044
19364
19364
19364
19364
20836
21388
21773
21773
22007
23321
23321
23480
23502
23528
24289
25383
25712
26110
26674
26678
26847
27901
28414
30994
31058
31400
31402
31641
35791
35791
35791
37815
39610
39711
39717
41016
41016
41152
41381
42402
43169
44950
45388
45540
46487
46721
46721
46721
46721
46721
46721
47094
47313
48123
48129
50873
50873
51098
51718
51722
52340
52384
52731
52868
54823
54890
57173
57499
57743
60167
60185
60400
61096
61336
61815
62634
63393
65826
66265
66265
67470
68736
69719
70489
71011
71018
72744
72746
72944
73260
73428
74824
74824
74824
74824
75640
75640
75879
75879
76215
76527
76680
77031
78312
78561
78561
78561
78576
78576
79250
81718
85139
85814
86831
86925
87968
88831
88831
90287
90335
90674
91028
91051
91793
91997
93107
93224
94354
95948
96025
96630
97128
97986
97990
98468
99631
99920
100504
100504
100504
100504
103048
107488
107807
108642
109028
109640
109927
109994
110063
110064
110066
110066
110067
110387
110387
111240
111473
111473
112555
112598
112987
114370
115637
116454
