1539
1741
1741
1849
1849
1973
3811
4124
4124
4124
6410
6604
10128
10151
10151
10152
10172
14120
15876
15930
16091
16091
17095
17095
17206
17209
17209
17639
18196
18196
18417
18501
18501
18522
21773
21773
21867
22010
22744
23233
23279
23321
23321
23499
23502
25272
26109
26304
26770
26770
26845
27142
27154
27520
29211
29289
29289
29289
29377
30533
30533
30533
30714
30856
31353
32985
34149
34598
35851
36215
36707
36707
36707
36809
37147
37150
37150
37150
37228
39717
39829
40065
40065
40065
42435
43421
43449
43449
44286
44479
46022
47352
47465
48199
49520
51307
52408
53002
53010
53531
53544
53974
54302
56174
56205
56205
56497
56636
56636
56662
56684
56719
56788
56804
56881
56933
57095
57292
57306
57338
57944
57944
58001
58910
58911
60410
60424
60427
60427
60603
60747
60972
62749
63305
65080
67422
69069
69069
69866
69885
69957
71026
71901
73046
73046
74642
74642
77033
81251
81587
81593
84788
85388
85388
85388
85940
86413
87007
88176
88176
88724
90280
90724
92127
92127
93355
93947
94112
94556
94593
95198
95198
96025
96075
100175
100448
100454
100934
100955
101430
101431
102057
103033
103315
104361
104592
104592
105177
105177
105873
105878
105878
105965
105982
107052
107238
107657
107687
107687
107856
107856
107856
107856
107856
108423
108960
109875
110163
110723
111122
111122
111240
111240
111473
111473
112173
112842
113621
114370
114370
115565
115637
115637
