1686
1895
3885
3990
4016
4072
4775
4861
4945
4945
5084
5204
5204
6166
6194
6604
6604
7026
7241
8204
8208
8493
9320
9353
10377
11331
11533
11786
11933
12282
12624
12829
12881
12881
12881
12881
12889
12898
13238
13428
13706
13956
14069
14072
14436
14473
14480
14480
14578
14578
14583
14594
14627
14680
15120
15331
15374
15402
15644
15919
16301
17059
17497
18096
18403
18403
18403
18432
18527
19429
19506
20082
20288
21867
21958
21958
22014
22020
22020
22351
22980
23058
23279
23417
23505
23528
23528
23528
24261
24737
25039
25268
26847
26913
27115
27136
27142
27578
27600
27903
29067
29559
29733
30053
30144
30203
30203
30606
31088
31100
31454
31454
31551
31604
31604
31930
31965
32159
32680
34080
34233
34233
34234
34372
34385
34756
35406
35406
35450
35791
36272
37102
37228
37233
37233
37591
37816
37821
38281
38471
38531
38531
38557
38807
38839
39106
39234
39234
39561
39585
39711
39837
39906
39940
40007
40065
40065
40065
40065
40065
40276
40580
41113
41319
41900
41970
42137
42215
42224
42288
42369
42684
42925
43050
43169
43169
43169
43169
43169
43169
43272
43676
44448
44479
44479
44479
44486
44525
45238
45388
45629
45664
45958
46230
46491
47095
47319
47630
47694
48123
48123
48123
49189
49277
50365
50873
50873
50873
50873
50873
50873
51252
51277
52410
52662
52868
52998
53089
53531
53535
53535
53542
53542
53831
53953
54277
54463
54570
54886
54895
54895
54895
55111
55237
55917
56374
57170
57175
57263
57380
57381
57494
57943
57975
58059
58122
58380
58420
58586
58976
59183
59545
59617
60007
60167
60167
60331
60410
60493
60556
60556
60556
60556
60556
60556
60556
60556
60556
60556
60556
60556
60556
60556
60603
60627
60972
61095
62284
63630
64142
64343
64343
64343
64343
64429
64429
64429
64549
64549
65665
65665
65665
65665
65683
65739
65826
66042
66043
66043
66142
66265
66265
66265
66265
66265
66265
66265
66265
67315
67469
67469
67470
67651
68420
68748
69069
69069
69069
69069
69864
69883
70198
70293
70362
70362
70618
70618
70618
70833
71018
71232
71398
71438
72190
72898
72898
72932
72945
73260
73594
73755
74293
74699
75156
75170
75640
75657
75836
75879
76002
76019
76232
76680
76973
76973
76973
76990
76991
77247
77623
77630
79223
79223
79223
79224
79334
80068
80242
81224
81251
81251
81257
81596
82162
82490
82490
82490
83347
83501
84469
84654
84983
85408
86610
86831
86831
86831
86831
86861
87006
87542
88165
88177
88209
88209
88211
88211
88213
89274
89730
89740
89740
90089
90139
90679
91657
91790
91995
92562
93187
93198
93224
93324
93354
93874
94033
94053
94987
95486
95486
96025
96606
96744
96895
98054
98054
98198
98277
98327
98860
99205
99396
99513
99655
99693
99959
100447
100611
101671
101762
101952
101955
102019
102491
102491
102819
102978
103135
103556
104002
104378
104800
107245
107381
107807
107807
107807
107807
107807
107807
107811
107835
107852
107856
108115
108207
108864
109314
110013
110179
110361
110469
110469
110469
110469
110477
110723
110728
110987
111432
111457
111458
111957
112513
112552
112842
112851
112986
113419
113425
113425
114320
114370
114370
114370
114370
114574
115117
116086
116446
