2862
2862
3024
3738
3831
3885
5408
5856
5869
8257
9211
10047
12125
12423
13180
13816
14482
14569
14734
15401
15456
16099
17176
17869
18564
18564
18649
21773
21879
22934
23528
26609
26635
28442
30053
32680
36819
37417
37537
38452
39024
39166
40198
40623
40822
41203
43169
43169
43205
43205
44486
44698
44698
46118
46506
47146
47146
47146
47146
47146
49633
49633
52177
53676
54078
54725
56223
56223
57031
57031
57494
57940
60020
63227
63998
63998
64134
64902
65665
65665
65665
66043
66043
66043
67152
68410
70973
71001
73160
73667
73719
74799
74799
77385
77820
77820
80897
81007
81587
81619
81743
82491
84989
84989
85139
87227
87350
87639
87968
88176
88176
88187
88187
89107
89108
90130
90674
91079
91079
91184
91243
91243
91393
91995
96027
96394
99396
102490
104264
105174
107807
109875
109968
110445
110847
111073
111957
112372
113425
115751
116172
116359
