1028
2064
2272
2361
2361
2704
2717
2745
2774
2862
2862
2862
3193
3849
4657
4776
4821
4945
5204
5204
5265
5736
5767
6192
7132
8238
8323
8732
8886
9552
9812
9892
9947
10046
10189
10477
10477
11218
11735
12698
13225
13287
13458
13458
13710
13740
13838
14480
14480
14480
14482
14574
14594
14594
14626
16271
16924
17177
17493
17628
17628
17639
17912
17912
18004
18104
18154
18196
18564
18564
18568
19364
19364
19364
19599
19718
20073
20073
21939
22007
22020
22072
22075
22075
22076
22934
22934
22934
23118
23408
23528
23552
24117
24918
25199
25364
25421
25511
25711
25814
26376
26913
26913
27142
27204
27799
28118
28240
28442
28721
29236
29461
29476
29478
29537
29698
29714
29876
30053
30229
30800
30800
30950
31633
32680
33865
34598
34598
35086
35163
35787
36072
36272
36350
36350
36683
37543
37751
38185
38262
38281
38642
38642
38642
38656
38656
38661
38707
38808
38808
38839
38839
38887
39093
39170
39244
39365
39704
40007
40065
40065
40276
40426
40931
41085
41129
41216
41381
41703
41763
41763
42283
42322
42351
42354
42402
42811
42961
43051
43436
43458
43785
44036
44362
44479
44698
44698
44698
44984
45388
45388
45388
45405
45415
45415
45515
45584
45589
45664
46491
46551
46551
46802
46890
47540
47736
48123
48123
48169
48488
48542
48751
48756
49143
49558
49747
50873
50873
50873
50873
51116
52337
53010
53535
53535
53542
53796
53960
54039
54678
54899
55296
55319
55825
56374
56926
56926
56926
56926
57181
57181
57499
57791
58875
60493
60603
60603
60603
60603
60972
61024
61096
61217
61217
61336
61336
61336
61785
61901
61920
62286
62286
62312
62529
62634
62722
62722
62722
62722
62722
62724
62740
62813
64010
64134
64142
64429
64902
65665
65665
65665
65705
65705
65827
66265
66265
66265
66265
66265
66265
66265
66265
66265
66265
66282
66282
66282
66287
66834
67211
67575
68420
68870
69023
69338
69469
69866
69897
70293
71018
72353
72442
72600
72650
72973
73136
73178
73898
74154
74799
74799
74824
74824
75836
76526
76773
76973
76973
77033
77401
77445
77698
78960
78960
78973
79334
79642
80209
80393
80679
80804
81251
81262
81504
81593
82204
82741
83272
83347
83347
83347
83348
83348
83681
83836
84143
84432
84446
84526
84929
84983
84989
85507
85655
86296
86312
86410
86416
86442
86678
86831
86831
86831
86831
86861
86999
87350
87542
87688
87968
88172
88210
88514
88536
89121
89274
89467
90034
90125
90280
90516
90521
90691
91102
91110
91184
91184
91184
91383
91478
91770
91771
91995
92288
92727
92728
92860
93224
93326
93899
94328
95012
96172
96379
96379
96442
96442
96549
96596
96714
97469
97482
97482
97923
98327
99037
99174
99212
99352
99514
99532
99655
100448
100678
100790
101398
101724
101838
102057
102306
102519
102569
103486
103628
104156
104166
104428
105596
106287
106930
107046
107807
107821
107835
107856
109189
109640
109640
109717
109875
109875
109909
109955
109965
109965
109965
109965
109965
109965
110066
111061
111126
111240
111456
111473
111950
112199
112553
112967
113052
113385
113685
113685
113685
113706
113709
114125
114163
114362
114362
114365
114370
114370
114405
115615
115637
115757
116307
116390
116840
