5884
5886
5886
9914
10090
12378
12859
12859
12935
12987
13227
13491
14242
14604
14606
14997
15079
15369
16042
16287
17698
19397
21773
21773
21860
21860
21867
21867
21936
22072
23233
23321
23321
23528
23528
23528
23528
23528
23528
25394
25394
26019
26019
26026
26026
26291
26856
27806
30001
30498
30501
30800
31455
31456
32050
32051
32518
32628
32628
32628
32628
32628
32666
34598
35505
35505
35667
36815
36847
37228
37275
37532
38281
39093
39244
39471
39585
39657
39754
39829
40276
41152
41216
41325
41336
41564
42224
42684
43095
43096
43243
43575
44486
44695
44833
45100
45584
45589
45606
46787
49143
49260
50345
50867
50873
50891
52755
52755
53531
53531
53531
53542
54799
55357
56127
57494
57976
58234
58954
59492
60603
60972
61096
61595
62103
62618
62618
62749
62749
64343
66043
67096
67100
67148
67148
67148
67150
67150
67150
67151
68420
69069
70293
71018
71460
72412
72518
72640
72874
72874
72880
72898
78256
78277
78284
78544
78960
78960
78960
78960
78960
78960
78960
81955
81959
81959
81970
82004
82244
82445
84526
84526
84526
85153
86955
88209
88209
88209
88376
89804
90125
90125
90261
90280
90285
90674
90743
91184
91481
92231
92743
93246
93481
93481
93549
93621
93634
93634
93634
93649
95259
95499
95499
95919
96744
98860
98919
101976
101976
105140
105140
105297
106130
106130
106130
106130
106130
106130
106132
106133
106136
106136
106158
106163
106166
106166
106166
109560
111458
111459
111473
111524
112141
113687
114136
114142
114167
114340
114477
115452
115565
115757
116651
116821
