3344
3738
7291
14626
14768
15622
15841
16271
16896
19436
19437
20090
20094
20094
20094
20099
21553
21558
22007
23058
23480
23528
23528
23528
23528
23528
23552
23552
24223
24484
24763
26847
27220
27220
28441
28441
30456
34857
34857
34858
34858
34858
34858
34860
37933
39093
39166
39166
39745
40864
40923
41127
41127
41427
41979
42114
42343
42382
44833
45415
47097
47851
47864
48123
48252
48537
50361
51630
51853
52242
53166
53625
54678
55278
55529
57170
57170
57170
57578
59805
60510
61336
61336
64309
64309
64309
64309
64309
64309
64902
65321
65334
65334
69068
69283
69283
69283
69284
69290
69292
69292
69462
69516
69516
71018
73177
73280
73608
75124
77590
77982
80043
80085
81527
82039
82347
84446
84990
84990
84990
84990
84990
84990
85139
85139
86412
87350
87350
87387
88164
88176
88187
88767
90089
90285
90724
91212
93405
94068
96744
96757
97617
98461
99999
100113
100406
102057
102487
102608
102643
103057
104242
105389
106911
107807
107807
107811
109158
109158
109158
109158
109198
110012
110486
110978
112030
112517
112523
113371
113375
113425
114477
114595
115565
116186
116456
