1135
1135
1400
1603
1973
1973
1973
2111
2114
2699
2842
3009
3009
3009
3402
3580
3586
3738
3780
3780
3780
3780
3780
3816
3885
4615
4824
5084
5855
6336
6630
7132
8221
8298
8310
8356
8731
9288
9377
9883
10431
10647
12015
12015
12328
12584
12827
12827
12829
12962
13103
13105
13132
13465
13528
13780
13780
13780
13780
13817
13849
13849
14223
14439
14439
14663
15073
16268
16301
16390
17242
18403
19880
19880
20094
21881
21939
21939
21958
22020
22065
22340
22340
22340
22351
22523
23058
23058
23233
23233
23321
23321
23480
23480
23528
23528
23528
23552
23552
24428
24548
24816
24817
25396
25676
25711
25711
26378
27094
27142
27544
29236
29261
29566
29566
29566
29566
29690
29845
30002
30203
30229
30757
31022
31107
31634
31658
32754
33045
33201
33203
33293
33858
34159
35491
37035
37228
37233
37417
37434
37818
38020
38642
38650
38656
38656
38808
39024
39166
39497
39522
39561
39561
39561
39837
39890
40007
40007
40056
40215
40215
40471
40472
40472
40472
40703
40717
40995
41129
41227
41380
41905
41905
41973
42396
42672
42809
42816
42816
42819
42837
42963
43050
43050
43169
43420
43458
43487
43735
44413
44479
44486
44581
44651
45157
45540
45664
45673
46491
46506
46888
47140
47882
47983
48078
48078
48123
48123
48529
48855
49190
49391
49391
49391
49411
49411
49411
49413
49413
49413
49416
49416
49416
49417
49417
49417
49419
49419
49419
49420
49420
49420
49420
49420
49421
49421
50443
50873
50873
50875
52408
52464
52670
53154
53154
53154
53154
53154
53154
53154
53154
53168
53174
53177
53190
53190
53195
53197
53493
53531
53531
53535
53535
53802
54007
54007
54188
54521
54535
54691
54691
55283
55283
55283
55283
56037
56037
56037
56037
56037
56037
56038
56223
56223
57578
57578
57975
58013
58581
59187
59545
59548
59548
59560
59571
59573
59573
60493
60493
60829
61096
61339
61340
61341
61595
61852
61911
62227
62239
62297
62298
62435
62529
62749
62749
62765
62765
62765
62873
63998
64134
64134
64134
64134
64343
64534
65000
65427
65665
65665
65665
65665
65665
65827
65827
66043
66043
66205
66485
67152
67531
67531
67560
68736
68834
69283
69654
69970
70022
70138
70138
70138
71011
71018
71089
71398
71778
72898
72945
73160
73160
73160
73160
73160
73260
74209
75647
75657
76680
76773
78960
78989
79084
79211
79212
79632
79634
80548
80738
80755
81243
82353
82663
84432
84528
84922
85728
85728
85739
86412
86425
86425
86955
86955
87321
87686
87816
87871
87872
87872
87876
88187
88388
88845
89027
89414
89474
90014
90089
90156
90330
90330
90674
92211
93266
93326
93354
93947
93947
93947
93947
94124
94124
95199
95212
96113
96744
96756
96762
97513
97630
97986
97986
97986
97991
98113
98121
98177
98177
98331
98505
98825
99890
100641
100691
100691
100695
100721
100942
102520
102759
103616
103994
104007
104744
105459
105805
105880
105918
106194
106349
106985
107052
109368
109640
109875
109875
109875
110162
110423
110423
110446
110891
110891
110891
110891
110891
111020
111240
111703
112517
112987
113458
113685
113685
113685
113685
113687
113687
113687
113687
114364
114370
114479
115794
116074
116176
116651
116651
116661
