1198
1845
3152
3585
3640
3738
5330
6161
6294
6601
6644
6678
6798
6807
6821
6825
6825
6829
6989
6989
6989
6990
6990
8559
8559
9307
9379
10649
11441
12832
13266
13740
14116
14118
14120
14120
14120
14120
14125
14125
16042
16312
16827
17017
17698
17698
18208
21773
21860
21939
21939
21958
22010
22743
23279
23480
23480
23480
23499
23499
23502
23502
23502
23528
23528
23528
23528
25272
25527
26019
26547
26547
27053
27414
27886
27901
28691
29620
29747
29880
29944
30229
30606
30644
30966
30967
30967
31456
31831
31856
31900
32754
33609
33739
33865
34082
34482
34856
35505
35659
35851
35851
35851
35851
36121
36123
36128
36128
36939
38076
38079
38079
38808
38810
39803
39837
40065
40387
40397
40452
40498
41573
42124
42911
42989
43169
43266
43272
43575
43632
45097
45388
45584
45665
45909
47098
48035
48123
48123
48123
48129
48199
48855
49143
49151
49260
50847
50851
51307
52167
52401
53531
53652
53974
53974
53974
54189
54678
57909
57909
57909
57915
57975
57975
57976
58273
58810
59454
59742
60168
60410
60968
61595
61595
61595
62618
62722
62722
63227
64337
64994
65012
65130
65665
65665
65665
65665
65665
65886
66410
67152
67152
67152
67843
67935
68272
68418
69069
69520
70489
71018
71398
71403
71492
71937
72373
72805
73166
73179
73260
73301
77401
78391
78433
78960
78960
78960
78960
78960
78960
78960
78960
78976
78977
78993
79233
79727
80755
81504
82244
82244
83210
83210
83211
83696
84189
84189
84243
84989
85229
86072
86492
86677
86677
86677
86769
86831
86831
86925
86925
86925
87031
87968
87968
88209
88230
88831
88845
89290
89554
90125
90605
90674
90859
90970
92133
92214
92214
92231
92510
92860
92991
93096
93224
93235
93326
94353
94593
94848
94848
95199
95793
96315
96337
96442
97364
100219
102181
103596
104167
104264
104410
104627
104794
105142
105248
105401
105987
107265
108968
108999
109062
109301
109717
111015
111408
111836
112062
112552
112552
112598
112598
112610
112690
112819
112853
113685
114136
114136
114136
114136
114136
114136
114370
114390
114503
115394
115852
115852
115871
115899
116760
116883
