1218
1219
2862
2862
2862
2862
2915
3832
12015
13838
13849
13849
13849
13849
14522
17171
18574
19860
21382
21860
24995
30896
30896
37036
37367
38077
38204
38642
40576
41059
46295
53490
55121
55791
58012
58012
59577
59755
60741
60806
62446
62605
62618
65665
65665
65705
67783
67783
67783
67783
67932
67932
67932
69069
69069
70957
74799
75372
75372
75372
75372
78960
78960
80760
80804
81643
83349
84990
85773
90496
91911
91928
93374
94124
94124
96090
104321
108935
109196
109636
111061
111493
112173
113366
113425
113685
113687
114838
115637
115637
