1179
1398
1400
1510
1883
2379
2847
2862
2862
2862
2862
2862
2893
2928
2989
3008
3008
3579
3579
3878
4316
4430
4680
4897
5751
5933
6604
8725
9368
9614
10383
10665
10665
11089
12274
12281
12375
12470
12920
12920
13403
13552
13894
13957
14751
14767
14814
15200
15218
15219
15308
15341
16576
17279
18004
18213
19278
19364
19364
19718
21935
21939
22020
22033
22980
23058
23080
23087
23282
23491
23499
24222
26291
26301
27095
27424
28785
28785
28890
29236
29468
29472
30203
31022
31252
31515
32272
32680
33512
33624
34191
34440
34716
34716
36396
36808
37068
37290
37599
38080
38090
38375
38807
39170
39693
39693
39808
39829
39894
40035
40255
40255
40472
40507
40509
41400
42224
42958
43169
43194
43266
43272
43573
43824
43824
44066
44980
45665
47197
47275
47319
48062
48063
48063
48063
48178
48474
49013
49190
49190
49285
49405
50402
51787
52145
52145
52167
52591
53009
53535
53535
53542
53542
53542
53796
54822
54835
54841
55357
57170
57578
57878
58012
59677
59677
59677
59677
59677
59677
59677
59677
59678
59678
59805
60142
60581
60804
60804
60805
60933
60972
61217
61739
62334
62334
62334
62488
62488
62488
62488
62488
62488
62488
62488
62488
62488
62488
63624
63624
63624
63624
64248
64343
65820
65820
65820
67783
67783
67811
68523
69022
69883
70109
70109
70194
70312
70941
71018
71018
71018
71018
71133
71133
71897
72190
72900
73160
73260
73301
74799
74799
74801
74959
74978
75448
75879
76666
77033
77385
77385
78312
79820
79824
79824
80584
80584
80755
80760
80760
80760
80884
80888
81243
81376
81495
82307
82741
82742
83681
84989
84989
84989
84990
85058
85639
85740
86539
86693
86955
86955
87338
88164
88176
88176
88176
88176
88176
88176
88187
89121
89434
89434
90746
91477
91478
91995
92056
92211
92211
92417
92417
92417
93211
93211
94459
94638
96050
96813
96895
97467
100280
100417
102519
103033
103239
104636
104833
105031
105031
105031
105820
105908
106523
106930
107245
107306
107306
107306
107535
107621
108197
108199
108207
108329
108729
109202
109253
109282
109282
109375
109636
109854
109875
110446
110449
110953
111015
111458
111458
111473
111473
111605
112053
112053
112263
112842
112998
113392
113399
113399
113458
113685
113685
113685
113685
114370
114843
116086
116651
116651
