902
902
1426
1491
2279
2862
2862
2862
2862
2862
2862
2862
2862
2862
2862
2862
2862
2862
2862
2862
2862
2862
2931
3003
3040
3040
3531
3582
3586
3603
3885
4122
4122
4122
4122
5084
5188
5707
5886
5983
6557
8086
8221
8318
8525
8620
8620
8620
8620
8620
8620
9945
10189
10663
10885
11358
11403
12935
13093
13149
13163
13180
13550
13551
13740
13894
14555
14730
15906
16301
16351
16351
16351
16367
17493
17883
17883
17883
17883
17883
18213
18564
18564
18902
19599
19623
20829
21773
21958
22075
22526
23502
23528
24029
24484
26301
26304
27183
28442
28445
29742
30073
30606
30877
30950
31454
31641
31686
31819
33512
34434
35175
35791
36209
36847
38207
38433
38807
38808
38808
38808
39170
39641
39741
39790
39940
40036
40244
40578
41113
41113
41979
41979
42712
42728
42770
42887
42887
42984
43132
43785
44475
44698
44698
45159
45182
45182
45183
45183
45958
46278
46278
46278
46278
46278
46761
47319
47319
47319
47319
48083
48083
48385
48427
49324
50365
51753
51753
51753
51753
51895
52654
53088
53552
53652
54171
54725
54850
55238
55291
55296
55511
55518
56026
57137
57499
57577
57666
57779
57998
59739
60020
60020
60510
60628
61096
61217
61243
61245
61245
62749
62790
62804
62824
62824
62825
62831
62831
62832
62855
64343
64578
65683
67069
67072
67212
68002
68068
68068
68211
68211
68421
69068
69288
69321
70180
70180
70180
70180
70489
70752
71017
71018
71303
71460
72158
73136
73895
73895
73895
73901
73983
73983
74959
74959
74959
74959
74959
74959
74960
74961
74962
75757
77488
78561
78561
78728
78823
78823
78823
78839
78839
79817
80035
80209
80209
80209
80209
80209
80209
80221
80372
80372
80760
81251
81495
82072
82072
83181
83392
83435
84442
84757
84938
85755
86367
87542
87814
88176
88176
88176
88209
88209
88365
90280
90330
90674
90685
90685
91184
91343
91478
91790
92001
92127
92211
92569
92696
93096
93208
94045
94045
94068
94433
94533
96025
96550
97884
98235
98375
98512
98860
99037
99037
99205
99396
100653
100758
100842
100842
100842
103033
103047
104552
104690
104690
105031
105031
105031
105031
105031
105039
105172
105503
105503
105503
105503
105503
106018
106942
107024
107824
107824
108200
109072
109957
109965
111063
111712
112986
112987
112998
112998
113019
113392
113630
113662
114164
114838
115628
115738
115777
116088
116184
116205
116205
116761
116821
