1133
1503
3922
4604
4855
5164
5292
6190
6190
6280
6376
7291
8380
8681
8943
10676
11114
11390
11722
12719
13093
13183
13353
13353
13573
13740
13849
14373
14373
14375
14376
14377
14378
14523
14975
15323
15323
15424
16091
16287
20354
21748
22033
22617
22617
22617
22699
22699
22699
22699
22699
22699
23289
25199
25487
26609
26919
26919
26921
29515
30000
30448
31022
31660
31870
31871
34600
35414
37228
37228
37945
37946
38090
38207
38807
39121
39121
39693
39864
40623
40703
41016
41113
41729
42325
42576
42712
42712
42712
42712
42730
42788
43054
44698
45368
46019
46721
46721
46721
46721
46721
46721
46721
46770
46917
47319
48575
49243
49303
50430
50890
50890
52224
52224
52591
54678
54938
55296
55308
55309
55315
55315
55345
56215
56374
59290
60394
60493
62618
62749
62765
62823
62829
62829
63300
63300
63300
63450
63450
65665
65820
69069
69069
69304
69460
69653
70293
70656
70706
73274
73983
77031
77067
77126
77228
77228
77605
79944
81596
83443
83443
83443
83443
83443
84019
84529
85947
85964
86412
86925
86997
87368
87698
87964
88176
88571
88576
88579
90130
90280
91935
92211
92211
92211
92569
92706
92720
93277
93277
93773
94353
94353
94353
94353
94353
94934
96442
97445
97968
98325
99786
103113
106501
106501
106661
107022
107023
107660
108764
110486
110978
111073
111473
111473
111991
112513
112552
112950
113266
113392
113392
113685
115354
115578
