3114
4056
4392
4392
4716
8968
10021
12375
13806
17493
17997
21773
22072
25540
26149
29040
29211
30600
31421
32702
32846
35182
36617
36816
37398
37417
39854
41184
41427
47319
48385
48560
51708
51849
52518
52518
55828
57768
57941
58463
59428
59833
59833
60536
60603
61723
62474
62474
62476
62476
64011
64082
64134
65665
66043
66043
66130
66804
66996
67148
67421
67578
67582
67826
71828
73856
76586
77126
81596
81596
81598
86383
89859
90097
92422
95802
95838
96841
102057
103056
110396
112513
112913
116239
