2221
3738
3738
6194
6604
9614
10047
10366
11089
13132
13484
13768
13768
13768
13768
13768
13768
13768
13849
14626
14627
15414
17447
18013
18399
21557
22010
22344
22523
22523
23528
23528
23528
23528
24763
24763
24763
25197
26649
27005
27445
28567
31604
32155
36273
36884
37543
38471
38807
39234
39518
39779
39779
40050
40409
40752
41159
41380
41877
41905
41990
43169
47864
48206
50936
53492
54969
55357
55357
55357
55828
60342
61156
62749
64343
67152
69023
69034
69069
70293
72896
72896
73177
74511
77936
77936
77936
77936
77936
77936
77936
80068
80102
80393
80753
83678
84018
86296
86419
88850
90080
90231
90578
91935
92889
94354
95937
100403
102397
102484
106950
107811
107835
109196
109717
110723
110723
111240
112356
112528
113484
114829
