1300
3756
4731
4882
4989
5341
6635
6661
7657
7657
7968
8432
10948
12830
12960
13838
13838
14291
14578
14626
15745
15807
16279
18196
19024
19364
21522
21860
22033
22896
23058
23480
23480
23528
23528
23528
23830
25914
27387
27887
27887
27887
30011
30013
30164
30811
30811
30811
30913
30919
32628
32628
32734
33858
34304
34306
35058
35198
35233
36272
36273
37228
37283
38830
39480
40065
40169
40318
40576
41115
41700
42023
42112
42114
42273
42273
42697
43487
44651
45062
47205
47319
47319
47319
47319
47819
47876
47894
47960
49088
49719
51525
52790
52790
53531
53531
53531
57584
57609
59008
59755
59755
59755
60427
60603
61217
61595
62239
64855
66043
66804
67100
67100
68408
68408
68522
70168
71018
74546
74546
74647
74799
74824
77402
77564
78284
78284
78960
78960
80816
81234
81236
81498
82544
82545
82819
83666
84179
84183
84206
84764
85874
87006
87227
87227
87328
87480
88213
88213
88649
89110
89434
90132
90203
90203
90249
90280
90280
90280
90280
90280
90280
90280
90280
90478
90483
90483
90578
90674
90746
91080
91184
91184
91184
91184
91184
91745
91745
91745
91745
91806
91807
92214
92728
92963
93096
93107
93224
94460
94460
99398
100167
100170
100387
102057
102057
102057
102057
102489
104378
104791
104897
106898
107109
107124
109009
109045
111061
111951
114136
114370
114576
114576
115318
115318
115318
115897
116172
116472
116472
116631
