1377
1872
2699
2847
4361
4436
4462
4464
4483
4483
7730
9344
9517
9739
10016
13373
14473
14768
16091
19374
22010
22075
22661
23494
23499
23502
23539
24918
26692
26913
28404
29125
29125
31455
31455
31599
31641
31658
33459
33459
34569
34670
37870
38839
39226
39829
40212
40668
43038
43038
43050
43050
43105
43169
43169
45415
45665
45909
46028
46349
46349
48561
49190
51715
51715
52519
52519
52521
53078
53078
53237
53315
53531
53531
53531
53717
56684
57518
57578
59572
59573
60499
60582
60582
61095
63979
64425
64480
65665
65820
66319
66319
66319
67211
70578
70976
71398
73114
73203
76973
76990
77031
77033
77385
77623
77624
77624
77624
77982
77982
77984
78344
81225
81225
81596
82732
84337
84990
84990
84990
85998
86831
87517
87827
88176
88176
88176
88176
88176
88187
88209
88614
89111
92863
93355
93899
95657
96744
96757
97467
97482
97758
98550
98972
99212
99212
99212
99212
99212
99212
99212
99532
99532
100504
100504
100695
100702
100964
101923
102392
103040
103628
103657
103772
103773
105323
105850
105850
106240
108928
109072
109196
110499
111240
111240
111240
111240
112598
112841
113392
113399
114777
114829
115565
115597
116829
