1681
1881
2361
2446
2701
2703
3811
4124
5058
5204
5204
5281
5281
5478
5478
5478
5478
5478
6393
7291
7291
7328
7760
7875
8731
8886
9426
9906
10927
10927
11921
12182
12493
12827
12827
12829
12881
12920
12935
12962
12962
13409
13541
14215
14480
14480
14532
14606
14606
14628
15278
15908
16231
16237
16697
17170
17176
17176
17176
17303
18576
18670
18725
19342
19720
21860
21860
21860
22020
22075
22310
22344
22523
23081
23081
23107
23118
23321
23480
23830
24223
24628
25091
25272
25361
25708
25850
26120
26291
26913
26914
27775
28037
28441
29211
29211
29211
29289
29889
29889
30000
30600
30606
30800
30812
30813
31455
31838
32051
32320
32628
33026
34234
34598
34830
35205
35659
35660
35785
36307
36396
36396
36396
36396
36398
36819
37155
37233
37417
37543
38204
38807
38856
39106
39691
39717
39717
39902
39913
40065
40065
40397
40498
40717
40923
40923
41152
41427
41470
41853
41979
41979
41979
41991
41993
42189
42256
42351
42351
42958
43050
43050
43169
43169
43169
43169
43169
43420
43420
43421
43445
43481
43575
43632
44695
44695
44698
44698
44698
44698
44698
44698
44698
44767
44863
45133
45135
45410
45415
45515
45515
45515
45515
45584
45665
45935
46153
47631
47851
47983
48351
48472
48480
49154
49223
50873
50873
50873
51721
53535
53542
53542
53542
53669
53681
53851
54076
54184
54193
54193
54193
54835
55508
55570
56223
56774
57028
57031
57034
57175
57494
58001
58012
58239
58239
58742
58855
58855
59562
59732
59851
60131
60972
60972
60972
61571
61851
62220
62250
62284
62288
62433
62529
62606
62696
62749
62749
62749
62749
62749
62749
62749
62749
62765
62765
62765
62805
62813
62813
62813
62813
62813
62813
62813
62848
62855
64142
64343
64343
65081
65665
65683
65705
65706
65706
65706
66043
67212
67292
67932
67932
67932
67932
67932
67932
68068
68410
68506
68522
69069
69076
69175
69303
69911
70180
70293
70293
70293
70656
70656
70656
70706
70721
70723
70726
70726
70891
70957
71011
71018
71018
71018
71097
71369
71736
72522
72945
72969
72973
73177
74546
74647
74799
74799
74799
74799
74799
74935
74986
75176
75640
76330
76914
77031
77031
78312
78479
78561
78563
78627
78960
78993
80584
80612
80755
80804
81243
81243
81251
81495
81959
82741
83347
83681
83681
83681
83681
83834
83992
84989
85003
85003
85097
85130
85139
85578
86312
86643
86668
86942
87517
87535
87644
88059
88165
88165
88172
88209
88845
89318
90478
90478
90617
91071
91172
91184
91184
91184
91666
91740
92727
92860
92885
93211
93224
93224
93354
93955
93966
94637
94793
95155
95199
95475
96054
96550
96550
96553
96553
96744
98812
99091
99091
99091
99091
99091
99091
99174
99396
99498
99920
100220
100382
100389
100403
100413
100448
100992
101241
101594
101971
101971
102057
102057
102057
102057
102057
102295
102487
102644
103033
103057
103628
105174
105174
105177
105392
105987
106130
106130
106130
106163
106191
106406
106567
106647
106950
107308
107358
107811
108310
108553
108671
108853
109198
109198
109856
109875
109875
110188
110696
110978
111473
111950
111957
112210
112699
112842
113044
113458
114370
114370
114390
114833
115422
115943
116086
116086
116651
116758
