2699
3617
3832
5181
5181
5188
5281
5281
5281
5281
5431
7176
7291
7832
7835
8177
8290
9914
9994
10046
10047
10431
11933
12137
12881
13373
14439
14642
15340
15346
15591
15591
15591
16722
17673
17912
21860
22897
23810
24222
25511
25830
26395
30606
31453
31547
31604
31659
32100
32100
32320
32320
33858
33858
33858
33858
33858
33891
33891
34149
37233
38583
38642
38642
38807
38839
38839
39561
39603
39726
39779
39940
40007
40276
40498
40995
42623
43086
43110
43169
43266
43266
44405
45159
45665
45680
46022
48274
48439
49118
49152
53531
53531
53531
53531
54185
55357
57170
57175
58879
59420
59728
60342
61217
61217
61217
61217
61241
61815
62529
62606
63979
64391
65080
66043
66351
68049
69353
69741
72898
73180
73594
73594
73983
75952
75952
76515
77067
77067
77067
77174
77334
77659
79914
79925
79925
80299
80326
80326
80342
80728
81959
84886
84989
84989
85777
86425
86668
86831
87742
88187
88187
88473
88666
88831
89107
89475
89475
89729
89965
90285
90285
90550
92103
92145
94353
94354
94389
94389
95962
95963
96442
96847
97375
97467
97956
98498
99089
99780
100142
101408
101435
101936
102288
103135
103698
105174
105177
105322
105935
106033
106045
106196
107640
107807
108207
108688
108970
109636
109767
110668
110668
110723
110723
110723
110830
110856
110978
111457
111473
111473
111473
111473
111959
112219
112517
112841
112987
113407
113407
113687
113687
114142
114916
115318
115484
116086
116299
116675
116759
