1800
4945
5312
5478
5700
6194
7044
7328
10007
10927
11092
11978
13384
13838
14239
14677
14677
15403
15899
17171
18403
18522
19290
19290
19364
21773
21939
22072
22344
23069
23069
23502
24938
25091
30011
30011
30229
30555
31022
31207
31299
31836
34716
35240
37103
37228
37233
37568
37652
38167
39099
39166
39170
40650
40923
41152
41267
42021
43678
44718
45722
48666
49220
49220
49229
50873
51708
52662
53281
53502
53717
54355
60184
60184
60510
62618
63998
64256
65826
65848
66086
66265
66496
67421
67421
68076
68077
69172
69460
69655
73211
74533
77030
77067
77142
80679
81596
81631
84381
84990
85834
88176
92422
93224
93224
94112
95768
95948
96549
97252
98859
98860
99336
99336
99351
99352
99352
99352
99352
99352
102491
102819
104383
104894
104894
106485
107526
108329
108891
110361
111240
111328
111329
113425
113685
113687
113984
113984
114067
114067
114067
114067
114067
114068
114370
114370
