3831
5022
5228
6224
11650
11786
11795
12827
13227
14204
14486
15395
21773
21867
21958
22883
23279
23321
23502
27951
29811
30146
31022
32320
32320
39170
39505
39561
39837
42435
43709
43709
43848
47895
47951
49766
52521
53535
53542
54564
54883
56151
56183
56183
57175
59107
59112
61029
65886
66043
67100
67152
67607
68611
68611
68611
69069
77507
78378
78997
80735
84049
90125
93224
94850
100046
101360
101362
103676
103819
104894
107319
107528
107835
110185
111976
112546
112817
112842
113409
113685
114142
114574
