909
909
913
913
913
913
913
913
964
1683
1909
2044
2044
2046
2612
2809
2809
2810
2810
2810
2810
2810
2810
2810
2810
2810
2810
2810
2810
2810
3600
3831
4334
4536
4716
4783
4827
4827
4937
5146
6294
6412
7358
7358
8093
8249
8397
8529
8547
8548
8744
8765
9593
9973
10047
10495
11790
12138
12149
12182
12665
12773
12774
13105
13180
13203
13220
13585
13657
13658
13658
13658
13750
13816
13816
13838
14061
14628
14838
14838
15042
15437
15649
16301
17330
17330
17455
18213
18332
18417
18418
18418
18421
18421
18501
18564
18679
20076
20288
21773
22005
22062
22072
22072
22285
22344
22351
23058
23279
23321
23499
23528
23528
23851
25034
25183
25540
25891
25893
25893
25895
25914
25914
26847
27142
27500
27504
27627
28411
28411
29092
29525
29525
30011
30053
30800
30856
31022
31064
31089
31604
31619
32264
32320
32320
32320
32628
33485
33485
33485
33858
33865
33880
33934
33934
33934
34226
34226
34785
34828
36675
36707
37155
37375
37415
37415
37415
37415
37415
37415
37415
37417
37417
37855
37855
37855
37855
38172
38184
38184
38185
38204
38206
38206
38375
38807
38807
38807
39102
39166
39166
39170
39505
39544
39671
40007
40065
40337
40337
40391
40498
41327
41628
41905
42435
42435
42435
42500
42684
43169
43169
43169
43169
43169
43169
44833
45288
45485
45615
45615
45665
45665
45958
47319
47463
47463
47463
47607
48063
48647
50768
50873
50873
50873
50873
51201
51201
51235
51525
51613
51613
51895
52868
53531
53531
53531
53535
53542
53542
53542
53829
55180
55281
55283
55511
55815
55828
56313
56375
56494
56813
56817
56817
57170
57175
57387
57494
57499
58214
58566
58957
59538
60510
60510
60603
60603
60603
60628
60631
60972
60975
61217
61217
61230
61815
62190
62212
62334
62633
62749
62960
62960
62960
62960
62960
62960
65471
65594
65594
65595
65595
65665
65683
65826
65886
65929
66295
67278
67609
67738
68576
68699
69069
69518
69883
70489
70568
71116
71408
71408
71441
71460
71545
72190
72893
73109
73572
73991
74293
74293
74587
74588
74588
74588
74720
75156
75253
76973
76973
77601
77760
78284
78830
78960
78960
78960
79115
79194
79976
80372
80704
80790
80790
80953
81466
81596
81772
81820
81820
81820
82490
82490
83251
83251
83251
84731
84989
84989
84989
84989
84989
84989
84989
84989
84989
86296
86297
86299
86300
86607
86831
86831
87577
87579
87579
87579
87585
87585
87587
87588
87588
87588
88176
88176
88176
88211
88556
89434
89729
89729
90280
91184
91829
92001
92234
92400
92569
93090
93090
93090
93092
93092
93326
93326
93857
93893
93971
94183
94198
94224
94280
94280
94280
94892
95932
95932
96354
96550
96756
96840
96847
97034
97625
99032
99032
99396
99710
99710
99710
99920
100037
100052
100054
100056
100789
100965
101936
101936
103408
104466
104823
104894
104894
105140
105177
106318
106485
106485
106495
106571
106690
106834
107301
107528
107609
107807
107807
107807
107856
108069
108822
109076
109076
109717
109717
110652
110989
111456
111459
111459
111459
111473
111953
112219
112219
112258
112324
112842
113052
113219
113629
113685
113687
114136
114163
114320
115757
115801
116324
116883
