1326
2729
3195
3764
3843
3885
4829
5156
6692
8248
8835
9559
10519
10554
10558
10589
10676
12422
12653
12881
12881
12881
12920
12935
14621
14985
15125
15288
16301
16371
17883
18522
18522
18522
18522
18522
21773
21773
21860
21881
22113
22189
22189
23480
23969
24005
24098
24115
24195
24428
25361
26010
26059
26120
26291
26304
26845
26847
26847
26959
27142
27216
27220
27533
27533
29232
29247
29468
30170
30230
30620
30711
30800
30987
31259
31347
31658
32320
32702
34039
34086
34777
34785
36691
36809
36917
37715
38173
38185
38807
40050
40472
40498
40573
40703
40923
41003
41700
41990
42120
42120
42291
42295
43039
43169
43266
43638
43638
44405
44479
44479
44486
44957
45030
47630
47895
47895
48123
50873
50873
51522
51525
52521
52909
53536
53542
54017
54727
55316
55357
55447
55510
55511
55545
56183
56225
56225
56350
56374
56684
57031
57757
57975
58715
60296
60296
60493
61440
61620
62076
62286
62286
65665
65762
66086
66086
67385
67385
68068
68420
68449
69069
69569
69572
69576
69697
69909
70618
71011
71736
75615
75641
75775
76116
76973
76973
77033
78382
78382
78382
78425
78456
78502
80753
80753
80753
80753
80753
80755
81504
81504
81504
81504
83982
84529
85508
85517
85541
85655
86583
87387
88430
88831
89107
89121
89636
90578
92879
93098
95484
95486
97364
97816
97971
98708
98708
98708
98708
98860
99396
99710
100719
100752
100912
101916
102057
102262
102395
102487
102491
102819
102819
102819
102975
102978
104271
104271
104491
104491
104491
104491
104491
104491
104491
104491
104491
104500
104500
104505
104505
104509
105249
105254
105960
107366
107517
107807
107807
107856
108550
108620
109717
109941
109941
110060
110754
111106
111110
111240
111240
111473
111473
111515
111953
112598
112598
112598
112842
112842
113219
113685
114158
114167
114364
115550
115637
