1187
1510
2729
3344
5739
8146
9377
9883
12696
13105
13257
14973
15910
16120
16301
18574
18770
21773
21773
21860
22007
22523
23321
24185
25341
25341
26291
27995
30144
30203
30217
30831
31022
31028
31361
31400
31402
32574
34372
34507
37417
39099
39121
39562
39829
39829
39860
40050
40472
40472
41152
41979
42291
42343
42351
42401
43425
45935
47197
47630
47851
48243
48243
48397
50432
50445
52521
53154
53154
53154
53154
53154
53154
53163
53166
53168
53174
53199
53199
53622
53850
55750
57693
58000
58012
59249
59561
60410
60493
60699
62333
62606
63260
64262
65334
65665
65665
66043
66043
66064
66086
66287
67421
69284
69292
69292
70232
71545
71634
72616
72750
73177
73794
77030
77033
77033
78201
78327
80209
80209
80250
80836
81504
82353
83342
83347
84841
84906
85750
85750
85750
86394
86780
88165
89474
90674
92214
92214
93096
99037
99336
99396
99920
102489
102491
102491
102491
103001
104242
104242
104242
104458
104458
104688
104863
105504
107301
108450
108771
108845
109640
110978
111015
111061
111603
111605
112987
113685
113685
115093
115125
116186
