3060
3060
3060
3060
3061
3097
3753
3753
4428
4658
5268
6223
6557
9718
12368
13740
13740
14317
14566
20287
20610
21935
23279
23851
23851
25511
25540
27327
27327
29040
29832
30651
30753
31202
31206
31252
31641
32051
32628
32628
32628
33872
35193
35449
35593
37364
37384
37398
38077
38077
38077
38079
38079
38080
40007
40065
40198
40276
40923
41319
41657
43043
43169
43272
44612
46008
49143
50768
50771
51846
51849
52004
52463
53542
53717
53802
54390
54390
54390
58011
58241
62218
62467
62467
62474
63454
64022
64082
64343
65463
67152
67152
67727
68410
68945
69655
70082
71390
72190
73242
74642
74799
76990
77035
77142
77327
77623
77623
77637
77638
77640
77640
77925
78993
80113
80755
81243
81243
82038
82466
82737
82742
83836
84075
84526
84526
84788
85298
85298
85298
85298
85298
85299
85299
85299
85299
85299
86002
86470
86925
88202
88209
89427
90809
90832
91045
92268
92313
92313
93609
94291
100045
100361
102767
103106
104256
104256
104636
104636
104638
105575
106209
106265
107030
107033
107287
108041
109346
109346
109373
109374
109965
109965
109979
109998
110477
110723
110723
110723
110723
111061
111072
111771
113425
113425
113685
113685
115103
115318
115318
116689
