2809
4814
5189
5697
6073
6079
6079
6079
6079
6079
12209
13093
13740
16488
22065
23058
23176
23499
23528
23528
25708
26301
27887
28745
29709
30073
31267
31604
31690
32680
32680
32680
32754
36707
36815
37386
38508
38807
39404
39585
42576
44411
46491
47319
49324
51083
51084
53174
53531
53535
54138
54138
54138
54175
54175
54177
54177
56933
56991
61336
62322
65011
65665
65665
66043
67483
67700
68432
69290
69290
69292
69292
69292
69292
69293
69303
69434
69436
69460
71545
73180
73594
74599
74642
76116
76973
80295
87227
88209
88541
93224
93428
94112
94353
96002
96394
98086
98112
99898
99972
102487
102489
104484
107386
108822
109549
110469
113256
113425
113685
