922
1179
1661
2186
2379
2713
3600
3600
3600
4937
5156
5745
5770
6123
6298
6984
8310
8310
8681
9313
9761
10134
10437
12612
12920
12989
13240
13265
13816
14254
14332
14482
14482
14838
14851
14856
14879
14881
14881
14882
14882
14882
14936
15779
15780
15780
16099
17095
17095
17095
17095
17526
19364
21281
22344
23279
23279
25212
25272
25393
25394
26301
26848
26851
27287
27520
27887
27887
28009
28451
28844
29211
29247
30053
30149
31347
31743
32014
32016
35588
35593
35593
35593
36809
36815
37707
38281
39940
40007
40276
40762
41721
42028
42111
42111
43575
44695
45388
45390
47319
48474
49514
51849
53531
53542
53717
55827
55828
55828
55828
55828
55838
56114
56114
56127
56127
56127
56127
56131
57578
57609
57609
57743
58875
59629
59738
60457
60457
60458
60458
60460
60461
60603
60603
60603
60603
60603
60603
60603
60627
60627
60699
60766
60766
60821
60822
60906
61217
61217
61217
61851
61911
61920
62284
62618
63268
65665
65665
65665
65665
65665
67651
68408
68622
69068
69069
71283
71736
72186
73100
73667
74699
75660
75674
75720
75756
75760
76839
77513
77513
77513
77513
77513
78284
78960
80730
80787
80790
81820
84990
86501
86997
88176
88176
88187
89479
90603
91184
91656
91656
93192
93390
93865
94783
94987
94987
94987
94987
94987
94987
95948
96025
98485
98485
98490
98520
100907
102487
102766
103441
104204
104264
106346
107176
107176
107852
107852
108471
108816
108866
108866
108870
109026
109373
110723
111061
114320
115442
115534
115637
116042
116075
116077
116358
