1595
2450
2450
2501
3123
3123
4402
4621
4621
4621
4945
7416
7486
10488
12279
17473
19230
19280
19719
20571
20601
20864
21289
21677
21677
22646
23820
24381
26128
26128
33271
33812
34356
34513
34962
36793
36793
37179
37181
37506
38028
38516
41375
41375
42569
43946
46474
46474
46939
46939
46939
46939
46939
46939
47457
48371
48733
48733
48733
51194
52518
53276
55804
61102
61102
62655
62666
63552
65198
65200
65200
65637
65637
66265
66265
67385
68555
68641
68730
70156
72011
72011
72440
72808
73237
73416
73662
74191
74191
74373
78042
80674
82390
82390
82390
82665
82671
82673
82754
82754
84041
88987
93908
95193
95193
95765
96149
96188
97439
97439
97439
97439
97439
97439
97445
97445
97445
97445
97445
97445
97445
97445
97463
97466
97574
97574
97609
98171
99464
99465
99467
99467
100567
102202
103693
111222
111907
111927
111927
111927
112918
113969
