2729
2732
2846
3308
4428
4536
4536
5122
5149
5770
5770
6601
6604
6604
6945
7206
7206
7280
7291
7358
8096
8428
8886
10046
10589
12653
12883
12920
12935
13180
13436
13838
17493
17912
18027
18357
22344
22523
22524
23070
23076
23528
23528
24223
25981
26304
26819
26847
27964
28794
29073
29672
30046
30605
30606
30606
30606
31108
31604
32628
32628
33229
33294
33294
33445
33700
33700
33754
33865
34503
36707
36809
38180
38204
38656
38656
38656
38656
38656
38656
38656
38660
38962
40007
40007
40007
40065
40065
40244
40498
40498
40703
40879
41152
41979
42224
42752
42924
44411
44921
45410
45413
45413
45589
45664
48004
51860
51889
53094
53542
53850
53850
54670
55192
55828
56127
56237
57175
57494
57531
57709
58335
59426
59572
59572
60504
60972
61336
61336
61556
61683
62529
63998
64343
64343
65455
65665
65665
65665
65665
65929
66043
66043
66805
67385
67385
67385
67385
67609
67609
68415
68522
68534
69069
69069
69069
69741
72588
72896
73274
74052
76514
76973
76990
76990
76990
77033
77033
77227
77227
78960
80584
80584
80585
80588
80804
81495
82912
83443
84990
86410
86412
86668
86930
87152
87202
87227
88176
89107
89121
89467
89467
89729
90285
90691
90701
90701
91045
91064
91064
91064
91184
91995
92229
94353
96025
96090
96379
96744
97128
97482
99175
99710
99834
101432
102487
102487
102487
105677
106029
107753
107811
107836
108571
108642
109158
110486
110978
111015
111110
111456
111459
111473
111950
111952
112987
113458
114370
114854
115774
115838
115852
116219
