1634
1634
1639
1681
1683
1683
1683
2223
2246
2300
2739
5323
6123
6497
6557
7121
7328
7763
7811
7811
7811
7811
7811
7815
7820
8093
8516
8665
9085
9164
9282
9314
9517
9953
9979
9979
12447
12507
12606
12626
12881
13082
13187
13213
13706
13706
13816
13817
14259
14273
14572
14768
14819
17095
17098
17856
17856
17982
18015
18501
18522
18522
18564
19024
19364
19364
21281
21860
21881
21881
22020
22076
22087
23212
23499
23502
23502
23528
23528
23636
23664
23830
27251
27252
27901
28122
28490
29109
29122
29663
30132
30132
30203
30644
30854
30948
31022
31028
31333
34149
34777
36013
36013
36742
36743
36793
36793
36793
36793
37228
37276
37276
37870
37893
38153
39837
40521
40523
40532
40532
40532
40532
40534
40536
41152
41507
44698
44698
45157
45189
45410
46329
47521
47521
48739
50301
51753
51753
51754
52004
52410
52519
52521
52522
54277
54725
55638
55638
57137
57137
57137
57140
57140
57586
57609
57609
61336
61409
62302
62765
62765
64165
64165
64435
65060
65324
65325
65325
65325
66175
66184
67815
69069
70232
70232
70618
71011
71018
71208
72162
72615
72615
73435
74976
75418
75418
75418
75418
75898
76992
77497
77513
81779
82229
82229
83312
84997
85655
86997
88209
88830
89227
89227
89474
90125
90156
90674
90674
91111
91184
91184
91600
92000
92569
92569
92571
92633
92635
92672
92687
92687
92687
92687
92701
92968
93193
93357
93947
93952
95125
95986
96025
96054
96073
97386
98525
101368
102501
103054
103057
103157
104271
104383
104552
104863
104863
105507
105887
107413
108582
110723
110723
111335
111408
111959
112987
113576
113685
113685
113685
113685
114009
115102
115143
115155
115247
115757
115800
116345
116351
116351
