1174
1318
1416
1474
3601
3601
3603
3738
3811
3831
3831
3831
3840
5770
6360
6604
6892
7030
8093
8096
8310
8428
8449
8450
8844
9114
9289
9294
9426
9761
9817
10065
10437
10497
10635
11906
12282
12286
12430
12586
12602
12602
13180
13964
14480
14480
14679
15025
15025
15025
15025
15079
15222
15222
15954
16093
16095
16271
16301
16301
17042
17171
17171
17411
17493
17774
17832
17832
17987
18522
18522
18522
18586
19718
20125
20582
20582
20582
21807
21860
21886
22013
22020
22020
22344
22344
22351
22502
22981
23058
23081
23233
23321
23830
23830
24455
24456
24866
24866
24866
24866
25272
25372
25641
25708
25850
26120
26692
26847
28227
28734
28907
30012
30231
30256
30257
31161
31333
31454
31454
31583
31659
31760
31777
32262
32320
32320
32320
32680
32705
32846
33844
34191
34191
34191
34191
34234
34773
34828
35589
35787
36152
36230
36230
36230
36247
36247
36248
36248
36248
36270
36270
36272
36272
36272
36272
36272
36272
36272
36272
36272
36272
36272
36272
36272
36319
36319
36319
36336
36340
36350
36350
36707
36707
36707
37228
37228
37233
37899
38185
38281
38360
38528
39170
39234
39244
39244
39749
39829
40065
40217
40276
41152
41152
41203
41462
41993
42385
43050
43266
43629
43630
43630
43630
43630
43632
43632
43632
43632
43634
44197
44197
44197
44197
44411
44603
44651
44956
46019
46641
46767
47809
47819
48123
48123
48199
48199
48199
48199
48205
48257
48268
48350
48351
48405
49166
49229
49234
49717
49718
49718
50873
50979
51333
51359
51636
51636
52519
52519
52519
53496
53531
53535
53541
53542
53651
53652
53652
53696
53802
53802
53802
53802
53802
53974
54912
55241
55357
55357
55447
55449
55828
56774
56774
57175
57175
57494
57578
57837
57956
57976
58861
59291
59292
59292
59310
59457
59457
60189
60510
60536
60603
61102
61217
61336
61396
61911
62749
62749
62765
62765
62804
63268
63998
64011
64385
64385
64475
65224
65224
65665
65665
65705
65707
65826
65886
66043
66043
66043
66043
66175
66265
66282
66282
66832
66832
66996
67100
67152
67152
67152
67651
67940
68004
68049
68408
68419
69069
69433
69866
69883
69883
69949
70165
70168
70276
70618
70891
70891
71011
72994
73177
73177
73177
73260
73260
73983
74093
75836
75842
76116
76973
76973
77031
77384
78326
78529
78960
78960
78960
79485
80740
81383
81406
81959
82945
82969
83058
83364
84155
84369
84989
85662
86312
86394
86622
86668
86831
86907
86925
87387
88209
88211
88428
88464
89274
89633
89636
89729
89729
89742
90125
90285
90330
90464
90743
90803
90825
90913
92214
92214
92569
92732
93096
93224
93326
93326
93326
93971
94432
95768
95783
96514
96793
98549
99017
99336
99821
100099
100448
102010
102010
102292
102330
102487
102491
102491
102552
102819
103055
103057
103057
103135
103583
104376
104435
104460
104653
104759
105844
106419
106798
106798
106801
106908
107124
107807
107807
107814
107905
108207
108621
108694
109375
109717
109717
109789
110696
111061
111240
111240
111240
111240
111240
111408
111408
111410
111410
111456
112112
112112
112189
113257
113687
114142
114320
114557
114838
114838
114838
115389
115757
115800
115800
115805
115857
115964
116074
116759
116759
