1732
2705
4425
4536
4607
4607
4659
4718
4814
4824
4829
4829
4919
5156
6581
7198
7572
7572
10271
10289
10289
10294
10294
11226
12169
12773
12881
13105
13299
13405
13803
14243
14580
14730
14990
14997
16925
18382
18383
18413
18473
18473
18527
18564
19438
21773
21773
22344
22896
23058
23253
23499
23499
23499
23502
23505
23505
23528
23528
23528
23528
23528
23851
24851
24851
24851
24851
25587
26301
26376
26378
27856
27856
29081
29211
31454
32628
32680
32704
32846
33634
33858
33859
33859
34149
34304
35163
36143
36203
36230
36270
36272
36272
36272
36273
36505
36815
36847
37374
37384
38129
38980
39170
39663
40246
40437
41003
42490
42490
43050
44214
44319
44319
45665
45680
46019
46021
46114
46624
47319
49669
50405
50405
51525
51525
52004
52538
52945
52950
53310
53531
54564
55347
55357
56162
58295
58986
61217
61523
61820
62633
64193
64196
65478
65492
67562
69068
70048
70891
71998
73260
73858
74546
74547
74547
74547
74547
74548
74548
74714
75106
76814
77433
81466
82038
82131
82131
83834
84206
84526
84990
85236
85740
87385
87668
88187
88209
90685
90746
91648
91700
92843
93355
94024
95759
95759
95759
95768
95784
97235
97259
97259
99336
99336
99336
99336
100729
101650
103687
103687
105031
105174
105575
105577
105595
105996
106193
107280
107578
109202
110149
110445
111061
111089
111458
113052
113685
113687
113687
115394
115757
115774
115801
115805
115970
116456
