43
69
1449
1595
1597
1597
1597
1858
2325
2332
2339
2341
2341
2445
2450
2459
2644
3064
3064
3067
3140
3222
3222
3222
3222
3222
3268
3797
3811
3827
3827
4055
4227
4347
4350
4621
4621
4621
4621
4621
4621
4621
4621
4621
4621
4621
4621
4621
4621
4621
4621
4621
4621
4621
4621
4621
5481
6287
6287
6501
7092
7092
7150
7324
7465
7465
7476
10699
10804
10807
11077
12047
12047
12047
12279
12279
12279
12279
12279
12894
13306
13359
13456
16623
16623
16623
16623
16624
16624
16919
17259
17524
18831
18831
19074
20110
20212
20487
20487
20492
20649
20649
20720
20773
20794
20814
20821
20869
20869
20941
20942
21016
21041
21046
21252
21252
21252
21293
21328
22370
22374
22536
22630
22902
22905
23149
24286
24364
24366
24779
25074
25159
25160
25160
25427
26128
26220
26238
26438
26541
28626
28626
28626
28627
28627
28627
28628
29152
29971
30401
32094
32094
32775
32775
32957
32983
32983
33072
33124
33208
33419
33475
33806
34557
34557
34718
34718
34718
34746
35421
35437
36757
36757
36793
36793
36793
37154
37343
38028
38028
38028
38028
38390
41045
42569
43336
44126
45566
45566
45566
45566
45566
45566
45566
45566
45566
45566
45566
45566
46320
46939
47007
47007
47007
47013
47015
47022
47540
47791
47791
48164
48371
48733
48733
48733
48854
48854
51044
51093
51095
51168
51170
51194
51256
51487
51522
52120
52165
52174
52315
52468
52518
52626
52740
52740
52740
52740
52740
52740
53357
53426
53719
53719
53719
53719
54296
56961
61102
61264
61634
62264
62418
62650
62663
62748
62959
63137
64317
65145
65198
65406
65416
65636
65972
65974
65974
67586
67590
68583
68583
68733
68809
68903
70071
70539
71208
71212
71999
72011
72011
72011
72013
72088
72089
72760
72852
73223
73231
73261
73412
73412
73412
73667
73782
73856
74048
74167
74167
74215
74222
74307
74307
74307
74307
74307
74591
74591
74591
74783
75018
75066
75361
75659
76967
76967
77384
77488
77790
77964
77967
78068
78178
78354
78354
78358
78707
78924
79329
79348
79697
80016
80152
80152
80673
81329
81900
82330
82392
82660
82661
82661
82701
82702
82754
82859
82904
82980
83880
85082
88003
88003
88003
88092
88092
88817
88862
88957
88970
88987
89073
89073
89073
89073
89548
89565
89787
89958
90319
90609
91413
92759
92879
92879
93046
93046
93047
93047
93048
93049
93166
94752
95088
95136
95193
95368
95399
95510
95529
96626
97439
97439
97439
97439
97439
97439
97439
97439
97439
97439
97439
97439
97439
97439
97445
97445
97445
97445
97445
97445
97445
97445
97445
97445
97445
97445
97445
97445
97445
97445
97445
97445
97445
97445
97445
97445
97445
97445
97445
97445
97445
97445
97445
97445
97445
97445
97445
97445
97445
97445
97445
97445
97445
97445
97445
97445
97445
97445
97445
97445
97445
97445
97445
97445
97551
97551
97551
97574
97609
97609
97609
97632
97632
97632
97632
97658
98229
98230
98615
98639
100467
101254
103692
103693
103979
105535
107927
108495
110301
110367
110367
111530
111530
111530
111909
111913
111914
111927
111927
112322
112918
112918
112918
112918
112918
113362
113367
113510
113859
113945
113948
