367
441
441
594
650
702
703
788
893
991
1166
1184
1280
1402
1663
1685
1812
1862
1862
2020
2333
2569
2624
2751
2818
2819
2830
2830
2883
2884
2981
2982
3007
3024
3034
3163
3189
3286
3412
3438
3443
3579
3582
3655
3669
3732
3732
3732
3794
3824
3985
4051
4141
4202
4305
4305
4306
4363
4371
4401
4403
4518
4569
4601
4601
4616
4644
4759
4828
4904
4928
4945
4945
4971
4972
4989
5000
5000
5207
5246
5265
5321
5338
5340
5363
5771
5945
5958
6041
6175
6177
6177
6177
6181
6205
6354
6355
6389
6397
6412
6418
6455
6542
6565
6565
6846
6850
6864
6865
6932
6932
6940
6940
6943
6943
6943
7103
7109
7109
7109
7202
7204
7356
7356
7370
7401
7402
7402
7508
7527
7546
7546
7546
7546
7546
7546
7546
7546
7546
7546
7546
7546
7546
7546
7546
7546
7548
7548
7548
7548
7548
7548
7548
7548
7548
7554
7554
7566
7614
7715
7747
7850
7910
8122
8137
8137
8228
8239
8354
8354
8380
8395
8541
8581
8615
8661
8723
8723
8815
8928
8938
8950
9149
9157
9172
9223
9223
9223
9337
9337
9383
9409
9409
9409
9455
9490
9784
9835
9846
9846
9874
9941
10188
10189
10217
10363
10401
10435
10483
10498
10548
10601
10681
10687
10687
10862
10895
10923
10946
10946
10946
10948
10960
10971
10972
10972
10973
11018
11018
11159
11159
11247
11256
11550
11870
12051
12057
12139
12161
12295
12337
12440
12441
12513
12551
12551
12551
12554
12571
12572
12801
12801
12801
12866
12866
12877
12933
13019
13020
13096
13150
13156
13194
13194
13194
13398
13398
13541
13688
13710
13748
13748
13748
13749
13749
13790
13806
13846
13892
13900
13900
13903
13903
13903
13905
13932
13963
13965
13980
13981
13984
13984
13984
13993
14009
14032
14132
14199
14211
14237
14405
14524
14528
14538
14775
14784
14784
14784
14788
14825
14825
14825
14825
14825
14825
14825
14825
14832
14832
14832
14832
14832
14832
14832
14832
14844
14844
14844
14890
15065
15098
15098
15098
15098
15098
15211
15225
15227
15238
15238
15449
15450
15637
15637
15637
15637
15637
15637
15637
15765
15765
15794
15794
15810
15979
16047
16087
16101
16121
16408
16408
16428
16587
16594
16609
16637
16723
16723
16723
16723
16723
16723
16723
16723
16723
16723
16724
16757
17018
17076
17110
17260
17305
17372
17377
17377
17377
17383
17383
17383
17383
17383
17383
17442
17497
17498
17630
17642
17642
17642
17646
17697
17714
17793
17796
17806
17841
17842
17842
17877
17922
17933
18074
18074
18084
18084
18295
18298
18298
18298
18298
18298
18298
18298
18367
18408
18467
18492
18650
18700
18848
18938
18938
18938
18938
19197
19394
19617
19687
19687
19772
19951
20002
20058
20310
20310
20311
20313
20405
20406
20406
20408
20409
20460
20628
20642
20664
20688
20752
20885
21130
21293
21390
21392
21508
21527
21877
21993
21996
21996
21996
21996
21996
21996
21996
22018
22018
22142
22221
22232
22350
22351
22410
22410
22425
22425
22428
22723
22776
22776
22818
22842
23024
23042
23093
23121
23127
23203
23319
23319
