5
5
5
5
5
10
53
337
353
416
475
539
570
679
702
780
843
1029
1094
1108
1273
1273
1281
1296
1299
1327
1374
1385
1428
1443
1535
1536
1573
1578
1976
2090
2426
2520
2569
2597
2611
2611
2611
2624
2624
2674
2694
2694
2758
2883
2928
2988
3093
3115
3144
3168
3168
3168
3246
3255
3310
3326
3334
3402
3455
3455
3458
3550
3582
3582
3583
3824
3961
3986
3986
4058
4331
4659
4943
4957
5027
5123
5235
5265
5286
5340
5370
5451
5534
5564
5568
5577
5586
5640
5713
5713
5719
5794
5839
6005
6097
6211
6320
6329
6354
6412
6565
6570
6792
6805
6864
6865
6932
7017
7033
7034
7034
7172
7219
7219
7236
7255
7402
7493
7528
7528
7545
7545
7546
7565
7567
7567
7698
7730
7820
7845
7860
7926
8028
8076
8087
8122
8122
8128
8171
8202
8247
8267
8272
8346
8350
8385
8457
8519
8519
8533
8658
8661
8751
8751
8815
8871
8916
8928
8934
8935
8959
8986
9171
9171
9171
9180
9184
9191
9191
9209
9223
9257
9287
9337
9337
9337
9340
9340
9456
9571
9644
9687
9745
9784
9784
9828
9828
9942
9956
9987
9999
10083
10102
10133
10153
10188
10188
10188
10340
10378
10410
10416
10484
10548
10586
10666
10666
10667
10667
10681
10681
10712
10781
10849
10897
10941
10960
11069
11159
11164
11168
11213
11244
11367
11534
11550
11558
11579
11580
11583
11583
11639
11707
11714
11797
11880
11943
12034
12124
12221
12255
12277
12345
12351
12381
12416
12424
12437
12455
12511
12550
12550
12554
12644
12659
12777
12817
12865
12918
13020
13150
13150
13224
13401
13452
13560
13655
13749
13749
13752
13805
13965
13971
14008
14032
14032
14032
14064
14064
14134
14134
14134
14216
14217
14236
14278
14455
14466
14470
14473
14473
14546
14546
14546
14652
14666
14825
14825
14825
14825
14825
14825
14832
14832
14832
14882
14927
14964
14989
14999
15011
15014
15149
15211
15211
15211
15211
15211
15211
15211
15224
15224
15224
15225
15347
15347
15482
15500
15525
15540
15540
15545
15574
15637
15964
15965
15966
16187
16433
16529
16552
16569
16771
16863
16997
17110
17154
17163
17231
17260
17260
17284
17410
17410
17441
17500
17628
17641
17642
17713
17718
17806
17859
17893
17893
17926
17939
17939
17972
17981
18156
18206
18268
18268
18279
18311
18321
18339
18367
18429
18436
18492
18521
18651
18785
18931
18931
18931
18931
18931
18938
19058
19201
19222
19283
19318
19318
19326
19326
19326
19326
19644
19705
19828
19839
20047
20049
20098
20098
20240
20283
20312
20381
20381
20412
20438
20596
20616
20616
20619
20641
20668
20668
20789
20878
20953
21105
21107
21110
21163
21212
21224
21292
21346
21392
21472
21508
21508
21510
21522
21527
21602
21602
21669
21849
21933
21959
21960
21989
21989
21996
21996
22040
22059
22111
22111
22111
22142
22160
22160
22210
22221
22307
22316
22316
22365
22425
22425
22425
22426
22500
22536
22536
22632
22633
22659
22669
22710
22776
22776
22777
22820
22820
22857
22857
22858
22966
23146
23195
23203
23227
23319
23319
23319
