263
638
702
722
826
912
1008
1394
1402
1870
1906
1975
2068
2105
2399
2624
2717
2913
3118
3194
3319
3412
3582
3582
3788
3791
3824
3857
3857
4141
4353
4391
4391
4394
4399
4401
4444
4546
4560
4574
4595
5028
5235
5534
5704
5941
6000
6093
6397
6565
6611
6704
6830
6846
6846
6850
6850
6891
6914
7064
7064
7365
7397
7453
7495
7838
7850
7924
8073
8097
8129
8137
8324
8566
8871
9210
9340
9408
9408
9874
9989
10188
10217
10337
10340
10340
10340
10590
10681
10681
10682
10701
10747
11201
11485
11522
11906
11906
11906
11906
11908
11910
11911
12076
12076
12076
12123
12136
12160
12337
12570
12865
12940
12997
13150
13202
13231
13231
13507
13648
13749
13749
13812
13903
13966
14008
14120
14120
14120
14132
14143
14273
14273
14305
14305
14317
14359
14359
14484
14759
15014
15211
15341
15372
15375
15775
15915
16013
16047
16103
16199
16361
16656
16668
16853
16867
17042
17110
17260
17260
17260
17260
17260
17261
17261
17372
17422
17422
17422
17422
17422
17422
17422
17642
17991
18250
18376
18440
18467
18467
18468
18492
18650
18938
18938
18938
19063
19687
19737
20058
20177
20177
20310
20311
20522
20531
20549
20654
20752
20763
20763
20821
20897
20897
20917
21026
21293
21417
21523
21524
21584
21584
21584
21584
21584
21584
21584
21584
21610
21656
21716
21775
21775
21775
21801
21959
21959
21959
21960
22077
22142
22237
22278
22278
22287
22313
22322
22322
22322
22322
22346
22351
22383
22383
22447
22447
22694
22710
22741
22776
22776
22927
23146
23264
