10
10
10
10
10
326
326
334
445
491
640
702
785
843
1021
1053
1108
1108
1108
1108
1108
1168
1168
1168
1536
1568
1587
1587
1587
1587
1587
1587
1814
1823
1823
1852
2251
2251
2343
2352
2353
2353
2371
2483
2522
2611
2624
2624
2654
2809
2812
2815
2816
2830
2876
2894
2964
3034
3057
3146
3269
3273
3400
3653
3653
3702
3765
4103
4352
4353
4363
4435
4616
4671
4671
4781
5123
5177
5177
5470
5921
5943
5979
6094
6109
6144
6161
6355
6412
6560
7064
7069
7086
7528
7528
7528
7528
7623
7706
7749
7820
7850
7850
8007
8012
8045
8239
8661
8696
8859
8871
9168
9337
9337
9353
9383
9409
9584
9584
9921
9922
9988
10067
10067
10067
10067
10311
10311
10401
10410
10681
10681
10681
10681
10682
10682
10687
10774
10960
10960
10960
10965
11367
11403
11405
11457
11459
11559
11580
11735
11795
11795
11795
12195
12195
12324
12325
12414
12414
12424
12424
12437
12513
12619
12619
13004
13116
13150
13224
13381
13381
13381
13381
13381
13529
13529
13529
13529
13535
13535
13535
13552
13554
13634
13634
13636
13749
13752
13790
13835
13918
13918
13918
13930
14032
14120
14120
14134
14134
14168
14359
14359
14359
14452
14576
15011
15011
15011
15011
15011
15011
15308
15334
15334
15334
15334
15334
15334
15335
15550
15551
15865
16119
16119
16119
16119
16119
16656
16656
16656
16723
16723
16777
17110
17130
17139
17372
17385
17481
17584
17617
17974
17995
18156
18436
18437
18452
18462
18469
18526
18551
18651
18931
18934
18934
18934
18934
18934
19020
19020
19687
19803
20047
20346
20346
20381
20381
20856
20856
20857
20857
21064
21194
21205
21483
21508
21508
21508
21632
22034
22237
22473
22608
22632
22710
22777
22777
22783
22818
22818
22880
23024
23024
23076
23185
23319
