238
319
849
849
1095
1168
1371
1883
1889
1889
1889
1889
1889
1889
1889
1900
2000
2178
2281
2389
2536
2611
2635
2801
2802
2876
2942
2943
2952
3060
3824
3824
3824
3824
3824
3824
3825
3985
4050
4110
4111
4111
4305
4331
4375
4464
4534
4644
4644
4702
4783
4813
5028
5070
5087
5128
5597
5908
5908
6000
6066
6095
6097
6125
6125
6220
6220
6285
6355
6380
6512
6513
6721
6846
6932
6932
6932
6935
6947
6976
7070
7084
7084
7084
7172
7173
7280
7378
7423
7509
7528
7817
7844
8158
8183
8183
8587
8587
8587
8587
8675
8895
8965
8967
9046
9046
9046
9046
9097
9168
9171
9220
9942
9959
10248
10360
10401
10507
10508
10662
11061
11061
11097
11270
11272
11310
11405
11426
11579
11580
12300
12300
12345
12630
13020
13020
13020
13020
13163
13389
13389
13398
13543
13626
13626
13638
13674
13835
13984
13984
13984
14137
14255
14773
14909
15030
15159
15392
15637
15637
15637
15865
15865
15865
15865
15965
15965
16061
16061
16061
16198
16724
16912
16969
17039
17260
17260
17260
17260
17372
17372
17372
17372
17481
17697
17842
17843
18197
18343
18348
18348
18442
18442
18596
18596
18596
18596
18713
18715
18862
18938
18938
18938
19201
19242
19506
19629
19629
20059
20647
20647
20647
20647
20719
20868
20952
21169
21306
21388
21390
21681
21959
21959
22117
22316
22316
22489
22500
22551
22552
22603
22694
22697
22929
22947
22948
23195
23203
23265
23319
