178
491
568
568
568
568
622
622
812
819
1037
1259
1972
2126
2127
2225
2449
2559
2598
2611
2611
2709
2709
2858
2947
3074
3074
3080
3203
3272
3272
3272
3310
3320
3443
3580
3618
3794
3794
3933
3933
4331
4331
4331
4376
4444
4513
4550
4559
4569
4611
4811
5017
5265
5652
5942
6038
6219
6377
6602
6602
6914
7843
7844
7918
8076
8076
8076
8076
8102
8378
8380
8462
8618
8637
8753
8903
8909
8937
9168
9220
9223
9223
9225
9288
9288
9335
9335
9457
9784
9784
9784
10188
10378
10416
10430
10469
10879
10919
11134
11134
11235
11420
11420
11439
11746
11988
12072
12161
12221
12551
12608
12925
13150
13150
13185
13333
13449
13673
13689
13748
13978
13996
14002
14290
14290
14290
14784
14784
14784
14791
15211
15211
15354
15610
15610
16050
16119
16137
16347
16515
16515
16515
16516
16516
16591
16679
16679
16679
16679
16723
16723
16723
16971
17260
17260
17260
17372
17372
17372
17919
17922
18080
18081
18081
18140
18141
18141
18436
18940
18957
18961
19326
19884
19963
19976
20049
20203
20203
20203
20204
20204
20204
20204
20205
20205
20205
20842
21029
21029
21029
21060
21293
21306
21414
21549
21590
21705
21715
22232
22425
22454
22479
22500
22587
22776
22858
23024
23025
23125
23125
23204
