88
203
203
291
293
311
346
441
466
886
905
992
1009
1029
1236
1828
1879
1880
1880
2166
2225
2260
2260
2522
2545
2611
2611
2611
2624
2630
2758
2758
3018
3142
3168
3221
3273
3443
3721
3725
3732
3737
3788
4348
4371
4391
4391
4601
4611
4805
4805
4805
4805
4978
4978
5000
5128
5129
5214
5214
5214
5265
5265
5265
5286
5341
5374
5383
5401
5499
5549
5577
5789
5789
5943
5945
6050
6050
6093
6245
6287
6314
6407
6574
6612
6612
6612
6790
6846
6846
6846
6846
6864
6874
6874
6875
6877
6877
6877
6877
6932
6951
7201
7398
7401
7493
7510
7545
7546
7738
7747
7910
7910
8076
8076
8137
8137
8228
8228
8296
8346
8374
8392
8430
8587
8592
8612
8871
8887
8903
8903
8928
8933
9220
9220
9223
9225
9332
9337
9408
9709
9784
9784
9972
9997
10340
10425
10681
10687
10687
10687
10687
10737
10897
10902
11134
11134
11134
11203
11203
11205
11213
11213
11456
11457
11458
11485
11583
11906
11907
12054
12072
12072
12124
12222
12418
12423
12551
12629
12629
12779
12850
12850
12997
13025
13052
13150
13150
13150
13157
13159
13164
13177
13224
13229
13229
13630
13751
13805
13905
13984
14059
14059
14120
14120
14134
14515
14791
14931
14969
15015
15388
15672
15961
15964
15964
15964
15964
15964
15964
15965
16426
16433
16442
16723
16723
16723
16723
16723
16939
17018
17042
17110
17110
17260
17260
17260
17260
17260
17260
17260
17260
17261
17261
17261
17261
17262
17263
17269
17269
17269
17269
17281
17383
17383
17710
17796
17843
17862
18080
18110
18135
18408
18440
18526
18646
18686
18686
18686
18686
18735
18735
18938
18938
18938
19148
19318
19366
19366
19551
19687
19726
19737
19847
20049
20239
20239
20239
20312
20338
20531
20544
20545
20763
20917
21005
21163
21207
21315
21318
21323
21325
21419
21731
21846
21850
21959
21996
22160
22238
22454
22533
22632
22776
22779
22842
22858
22858
22858
23195
