635
640
762
862
862
862
1018
1383
1394
1531
1564
1655
1706
1706
1707
1837
1889
1946
2053
2199
2252
2266
2381
2550
2553
2570
2611
2624
2634
2705
2719
2720
2772
2788
2818
2856
2856
2861
2861
3028
3036
3054
3120
3239
3310
3662
3701
3701
3776
3776
3776
3776
3785
3824
4331
4348
4363
4498
4616
4626
4652
4709
4781
4820
4945
4945
4945
4945
4945
5000
5128
5257
5265
5340
5423
5449
5510
5535
5778
5972
6095
6354
6354
6414
6565
6565
6612
6788
6814
7049
7330
7373
7501
7528
7528
7736
7750
7909
7909
7954
8063
8137
8296
8491
8491
8523
8666
8849
8959
8959
9168
9168
9171
9173
9220
9236
9242
9304
9394
9441
9459
9468
9644
9683
9737
9784
10189
10411
10511
10671
10681
10681
10681
10682
10687
10687
10750
10775
10834
10923
11079
11199
11213
11281
11294
11511
11570
11580
11751
11957
11962
12051
12067
12081
12161
12362
12512
12512
12546
12547
12934
12943
13044
13150
13381
13381
13381
13655
13835
13881
13881
13881
13881
13881
13881
13882
13882
13883
13884
13884
13885
13885
13903
13903
13941
13984
13984
14079
14132
14143
14244
14244
14244
14244
14390
14399
14407
14450
14450
14450
14450
14450
14499
14499
14501
14501
14501
14786
14882
14894
14894
15018
15174
15225
15306
15392
15487
15513
15650
16208
16212
16213
16214
16238
16406
16533
16533
16618
16724
16769
16827
16827
16827
16827
16827
16827
16827
16827
16827
16863
16955
16980
16980
16982
16982
17260
17260
17261
17261
17299
17369
17369
17383
17473
17643
17769
17842
17922
18135
18283
18382
18707
18710
18873
19066
19150
19221
19252
19514
19598
19615
19687
19995
20027
20098
20706
20707
20852
20862
21026
21117
21117
21524
21848
21848
21848
22063
22139
22139
22484
22484
22536
22650
22842
22854
22858
22858
22874
22945
23024
23025
23037
23037
23121
23131
23194
23204
23319
23319
23319
23319
