10
11
594
700
737
806
819
843
892
941
1009
1397
1536
1536
1536
1536
1587
1664
1759
1862
2393
2402
2430
2431
2457
2499
2611
2630
2830
2830
2883
2998
3002
3008
3133
3168
3199
3205
3246
3276
3400
3437
3733
3986
4004
4305
4305
4363
4465
4727
4829
4945
4945
5308
5339
5401
5401
5535
5741
5778
5836
5836
5843
6254
6397
6407
6438
6782
6792
6827
6850
6932
6969
7204
7231
7250
7394
7546
7598
7629
7699
7736
7787
7843
8158
8266
8385
8577
8636
8751
8751
8751
8784
8791
8794
8823
8871
9092
9144
9171
9172
9183
9191
9340
9709
9761
10079
10188
10188
10326
10466
10497
10566
10667
10681
10687
10928
10960
10977
11233
11361
11414
11459
11472
11627
11914
12101
12293
12293
12438
12570
12570
12630
12850
12891
12891
12922
12943
13037
13150
13150
13150
13150
13177
13177
13177
13177
13177
13177
13177
13247
13498
13499
13499
13626
13632
13751
13853
13913
13914
13984
13984
13993
13999
14012
14216
14249
14446
14476
14514
14516
14553
14879
15009
15159
15162
15211
15211
15211
15225
15225
15225
15229
15230
15276
15345
15637
15694
15959
16361
16433
16516
16550
16597
16670
16683
16692
16723
16795
16893
16978
17110
17110
17110
17302
17372
17372
17372
17372
17377
17383
17389
17438
17526
17526
17526
17615
17615
17623
17630
17636
17693
17693
17922
17942
18147
18206
18206
18317
18490
18809
19066
19182
19326
19839
19963
19995
20071
20393
20596
20668
20700
20791
20862
21138
21317
21385
21508
21508
21510
21618
21837
21848
21848
21849
21989
22316
22351
22425
22499
22563
22694
22776
22811
22862
22866
22946
23024
23024
23193
23344
