7
8
8
8
652
1017
1273
1273
1273
1273
1376
1428
1636
1659
1698
2381
2624
2654
2685
2818
2917
3300
3300
3300
3388
3388
3388
3388
3631
4331
4569
4945
5029
5417
5487
5506
5508
5508
5517
5614
6161
6219
6219
6258
7162
7169
7204
7493
7682
7844
7910
8137
8184
8246
8246
8246
8246
8252
8263
8266
8278
8278
8363
8547
8888
9091
9168
9662
10351
10451
10843
10843
10973
11457
11705
11746
11903
12263
12978
12978
13182
13205
13468
13512
13749
14271
14549
14648
14666
15011
15011
15011
15550
15579
15579
15580
15580
15811
16230
16278
16359
16757
17698
17922
17939
17943
17945
17945
17945
17948
17948
17948
18408
18570
19062
19209
19430
19551
19866
19983
20443
20660
20797
21207
21323
21745
21829
22310
22310
22777
23150
23203
