149
149
149
149
267
349
425
426
430
638
702
705
806
814
947
1029
1029
1073
1280
1363
1402
1461
1587
1607
1680
1794
1810
1889
1980
2022
2119
2126
2215
2328
2391
2574
2598
2611
2624
2624
2639
2654
2674
2675
2814
2817
2820
2830
2858
2878
2994
3000
3002
3009
3018
3022
3100
3320
3320
3320
3322
3440
3589
3664
3664
3707
3765
3826
3842
4029
4030
4304
4335
4339
4352
4352
4375
4383
4389
4391
4391
4399
4402
4490
4495
4574
4601
4654
4654
4656
4920
4952
5004
5073
5095
5108
5144
5235
5235
5257
5263
5265
5265
5265
5285
5287
5339
5365
5448
5549
5555
5597
5945
6049
6092
6106
6245
6391
6392
6397
6574
6579
6579
6579
6582
6583
6602
6602
6607
6611
6612
6624
6780
6792
6814
6814
6847
6982
7345
7420
7434
7493
7499
7502
7595
7595
7596
7597
7630
7636
7683
7730
7736
7736
7736
7772
7871
7920
7946
7955
7981
7993
8063
8076
8076
8076
8158
8171
8178
8232
8273
8296
8392
8392
8405
8423
8423
8533
8533
8732
8750
8858
8871
8887
8916
8935
9010
9010
9010
9010
9091
9189
9219
9370
9474
9576
9621
9622
9622
9622
9680
9751
9770
9784
9784
9784
9804
9804
9804
9838
9844
9888
9889
9890
9896
9937
9940
9997
10022
10062
10085
10127
10132
10133
10188
10188
10227
10331
10378
10425
10451
10451
10478
10682
10687
10702
10729
10741
10741
10750
10833
10894
10971
10971
10972
11231
11384
11461
11521
11526
11579
11579
11661
11781
11822
11886
11916
12051
12076
12109
12114
12124
12128
12197
12223
12255
12278
12324
12414
12416
12727
12777
12777
12777
12817
12959
12959
13150
13150
13158
13224
13455
13473
13507
13507
13604
13605
13605
13713
13825
13864
13928
13928
13960
13960
13960
13960
14002
14044
14062
14064
14134
14134
14143
14237
14237
14369
14480
14480
14501
14511
14524
14548
14604
14636
14689
14757
15014
15015
15211
15211
15217
15224
15227
15234
15317
15374
15536
15629
15681
15787
15787
15787
15808
15808
15808
15808
15808
15808
15964
15965
15992
16103
16104
16178
16178
16178
16185
16203
16212
16212
16370
16426
16513
16513
16513
16721
16765
16870
16944
17014
17019
17123
17260
17260
17260
17260
17260
17260
17260
17260
17260
17260
17260
17260
17260
17260
17261
17265
17266
17266
17281
17372
17383
17383
17421
17421
17527
17590
17591
17615
17616
17623
17627
17693
17734
17793
17842
17884
17917
17919
18188
18207
18216
18313
18317
18368
18436
18467
18492
18492
18611
18639
18804
18804
18859
19181
19245
19283
19493
19716
19719
19719
19789
19801
19847
19952
19973
20208
20254
20262
20351
20351
20470
20477
20549
20628
20643
20821
20865
20988
21053
21119
21213
21291
21308
21355
21355
21356
21366
21367
21473
21473
21508
21590
21590
21638
21959
22045
22154
22154
22163
22193
22213
22221
22221
22232
22254
22294
22316
22379
22478
22539
22630
22646
22650
22650
22651
22651
22696
22733
22743
22748
22776
22776
22798
22825
23037
23123
23125
23131
23178
23227
23306
23307
23309
23310
23324
23346
23358
