71
91
271
276
843
967
967
1097
1145
1166
1166
1168
1644
1644
1646
1889
1932
1980
1982
2060
2389
2482
2654
2696
2922
2922
2922
2922
2922
2943
2943
2953
3110
3120
3311
3491
3501
3592
3799
3824
3824
3826
4352
4352
4402
4403
4595
4659
4701
4702
4784
5014
5128
5382
5904
5945
5950
5982
6220
6412
6453
6845
6887
6887
7204
7292
7528
7528
7528
7540
7817
7817
7979
8107
8137
8150
8294
8468
8492
8493
8618
8661
8871
8889
8928
8959
9172
9173
9223
9443
9740
9833
9846
9939
9956
9959
9959
10410
10508
10687
10750
10768
10894
10923
10929
10929
10929
10931
10933
10933
10933
10944
10971
11061
11061
11061
11062
11065
11069
11213
11214
11245
11247
11472
11478
11478
11501
11501
11503
11504
11746
12051
12164
12195
12195
12327
12416
12621
12740
12977
13063
13163
13163
13163
13163
13164
13372
13372
13372
13638
13903
13918
13984
13986
14032
14137
14137
14137
14137
14137
14137
14463
14544
14544
14765
15152
15152
15392
15550
15637
15637
15637
15637
15637
15637
15637
16075
16077
16119
16144
16145
16246
16273
16273
16724
16724
16744
16744
16744
16744
16744
16744
17260
17260
17260
17261
17330
17500
17592
17608
17609
17661
17661
17661
17661
17661
17661
17793
17842
17842
17922
17992
17995
18298
18298
18298
18408
18436
18442
18596
18605
18606
18910
19221
19282
19398
19399
19401
19493
19583
19686
19716
19963
20288
20333
20428
20446
20446
20866
20866
21026
21342
21342
21347
21527
21602
21602
21644
21644
21684
21775
21775
21783
21889
21970
22313
22316
22316
22350
22389
22390
22527
22559
22559
23024
23077
23204
23229
23229
23269
23344
