48
48
48
48
48
49
49
76
76
148
148
416
507
508
508
508
559
785
788
912
1113
1172
1205
1273
1426
1426
1587
1982
2050
2094
2094
2343
2371
2371
2371
2371
2372
2624
2624
2635
2692
2693
2783
2858
3030
3030
3168
3443
3582
3765
3765
3768
3768
3768
3824
3824
3824
3824
3824
4331
4331
4403
4403
4419
4490
4585
4616
4644
4671
4671
4721
4740
5061
5061
5063
5128
5172
5173
5173
5252
5613
5675
5797
5844
5978
6044
6044
6115
6146
6146
6146
6285
6354
6355
6392
6428
6459
6547
6549
6710
6817
7118
7149
7172
7172
7172
7356
8137
8225
8239
8239
8246
8246
8246
8246
8246
8266
8312
8344
8344
8389
8516
8758
8827
8858
8858
8858
8871
8871
8871
8902
8902
8902
9150
9259
9259
9271
9691
9784
9955
10253
10410
10410
10453
10843
10971
10971
10971
10972
10972
11101
11101
11344
11491
11516
11558
11558
11674
11674
11674
11822
11916
12130
12130
12345
12352
12352
12626
12772
12774
13582
13594
13596
13596
13596
13596
13596
13596
13596
13596
13596
13596
13596
13596
13627
13903
14032
14120
14270
14455
14455
14455
14505
15111
15111
15111
15286
15430
15430
15430
15430
15430
15430
15430
15430
15430
15430
15430
15580
15974
15974
16067
16141
16141
16384
16583
16867
17481
17616
17621
17621
17686
17719
17719
17842
17842
17842
17842
17842
17843
17854
17922
18079
18268
18283
18284
18284
18317
18367
18440
18526
18526
18688
18688
18695
18710
18863
19129
19180
19181
19187
19225
19318
19335
19639
19909
19983
20047
20071
20412
20412
20412
20451
20570
20570
20570
20570
20570
20570
20958
20958
20958
20958
20958
20962
20962
20962
20970
20970
20973
20973
20973
20973
20988
21127
21180
21352
21705
21731
21754
21883
21924
21959
22238
22254
22376
22379
22554
22554
22554
22554
22776
22777
22777
22858
22858
22875
22947
22947
22948
23024
23024
23024
23049
23049
23049
23146
23195
23204
23263
