213
235
283
559
559
559
560
577
671
671
672
843
1002
1003
1008
1239
1417
1982
2288
2588
2605
2624
2624
2625
2639
2654
2674
2739
2742
2818
2830
2830
2888
3002
3018
3018
3034
3054
3183
3221
3273
3306
3334
3373
3400
3437
3568
3568
3568
3568
3621
3622
3707
3794
3995
4030
4045
4331
4384
4386
4394
4394
4404
4404
4569
4574
4596
4671
4745
4781
4828
4945
4945
5288
5386
5391
5395
5478
5478
5478
5478
5631
5720
5758
5810
5952
6172
6247
6254
6307
6357
6357
6406
6412
6446
6560
6565
6792
6792
6930
7020
7220
7370
7379
7404
7802
7817
7844
7844
8236
8266
8491
8493
8531
8531
8531
8692
8696
8752
8754
8827
9288
9289
9289
9289
9289
9289
9289
9337
9412
9644
9851
9861
9874
10172
10188
10194
10328
10330
10352
10410
10410
10453
10484
10510
10514
10566
10750
10750
10775
10911
11097
11214
11245
11249
11541
11560
11629
11629
11632
11710
11799
11803
11830
11914
11943
11979
12114
12161
12416
12416
12416
12570
12600
12603
12720
12727
12831
12850
13103
13150
13156
13171
13198
13198
13541
13629
13656
13656
13853
13984
13984
13984
13985
14120
14183
14252
14510
14510
14524
14546
14559
14644
14708
14724
14791
14791
14792
14792
14792
14964
14969
14969
15051
15071
15211
15292
15338
15667
15828
15865
15889
15890
15894
15900
16099
16197
16203
16205
16238
16315
16551
16600
16654
16656
16656
17016
17141
17260
17260
17299
17448
17520
17521
17530
17714
17769
17922
18299
18322
18887
19061
19066
19068
19068
19069
19202
19221
19221
19326
19429
19513
19546
19565
19617
19885
20172
20473
20706
20706
20842
20885
21030
21212
21212
21212
21213
21267
21343
21343
21353
21386
21386
21386
21387
21477
21508
21527
21530
21536
21644
21989
21989
21996
22232
22232
22461
22527
22630
22633
22710
22777
22809
22810
22811
22822
22862
22862
23063
23177
23195
23212
23236
23250
23298
23319
23319
23319
23319
23319
23344
23363
23363
23363
