71
71
223
223
504
564
594
594
595
597
728
821
907
909
918
918
1228
1265
1283
1283
1285
1285
1285
1285
1286
1286
1293
1293
1317
1319
1319
1564
1564
1587
1822
1829
1929
2149
2149
2235
2370
2383
2571
2571
2580
2580
2580
2632
2761
2761
2830
3144
3255
3256
3269
3400
3630
3824
3824
3824
3824
3824
3824
3824
3824
3824
4212
4212
4218
4218
4218
4331
4331
4431
4444
4601
4810
4891
4984
5027
5222
5390
5401
5401
5429
5977
5978
6096
6827
6848
6848
6932
6960
6997
7202
7362
7401
7508
7845
8028
8050
8085
8266
8281
8296
8501
8612
8638
8689
8994
8994
9171
9190
9190
9236
9258
9342
9342
9394
9761
9787
9851
10188
10340
10401
10681
10687
10687
10687
10687
10687
10834
11361
11361
11405
11473
11485
11980
11981
12124
12299
12337
12350
12350
12350
12626
12626
12629
12629
12629
12629
13020
13156
13398
13417
13511
13749
13749
13749
13903
14264
14317
14347
14446
14784
14791
14878
14883
14992
15011
15011
15011
15011
15011
15011
15277
15306
15495
15495
15495
15495
15496
15496
15550
15550
15780
15849
15865
15865
16174
17143
17337
17344
17344
17344
17344
17344
17344
17383
17383
17383
17415
17435
17435
17473
17619
17623
17641
17641
17665
17786
17922
17922
17922
17990
18198
18248
18367
18470
18470
18470
18470
18828
19020
19245
19318
19318
19552
19565
19565
19565
19657
19686
19726
20022
20165
20226
20389
20392
20447
20473
20862
20862
20878
20878
20941
21026
21123
21215
21266
21283
21325
21446
21448
21508
21814
21848
21848
21849
21850
21850
21850
21898
22160
22210
22322
22479
22479
22559
22565
22633
22694
22776
22776
22776
22777
22862
22862
22862
22866
23261
