45
258
462
880
880
880
914
1075
1089
1127
1245
1271
1280
1375
1406
1406
1453
1453
1517
1591
1912
2171
2171
2195
2198
2410
2465
2561
2591
2611
2611
2630
2670
3062
3062
3076
3076
3080
3080
3080
3081
3112
3235
3256
3438
3438
3440
3443
3443
3453
3769
3820
3880
3880
3880
3880
4218
4222
4229
4229
4331
4348
4348
4348
4371
4619
4653
4656
4656
4656
4810
5225
5253
5340
5340
5467
5512
5758
5767
5970
6219
6226
6247
6500
6751
6805
6846
7005
7011
7113
7113
7397
7528
7528
7528
7545
7817
7843
7947
7947
7951
8034
8102
8122
8122
8158
8236
8392
8549
8587
8696
8707
8789
8836
8858
8871
8888
9096
9096
9097
9108
9109
9113
9132
9133
9242
9242
9386
9386
9388
9408
9456
9456
9456
9570
9576
9576
9662
9956
9971
10009
10101
10101
10101
10101
10108
10188
10299
10311
10315
10667
10881
11011
11061
11090
11134
11158
11168
11200
11213
11245
11627
11627
11629
11631
11724
11846
12068
12068
12124
12195
12238
12496
13176
13224
13288
13288
13417
13417
13448
13516
13630
13638
13749
13749
14058
14240
14390
14390
14390
14446
14453
14458
14708
14891
15011
15011
15031
15031
15031
15031
15503
15637
16100
16100
16103
16431
16449
16449
16449
16449
16449
16449
16449
16449
16449
16449
16449
16449
16449
16449
16723
16723
16723
16723
16724
16757
17166
17260
17261
17261
17281
17372
17372
17378
17410
17720
17785
17785
17787
17793
17793
18440
18452
19003
19137
19138
19233
19440
19440
19440
19440
19440
19726
19726
19892
19990
20022
20135
20172
20195
20326
20409
20596
20596
20616
20862
20966
21026
21081
21293
21293
21809
21841
22112
22116
22140
22213
22213
22233
22322
22425
22609
22633
22776
22858
22862
23013
23015
23024
23042
23042
23146
23193
23193
23203
23259
23306
23306
23306
23306
23319
23319
23359
