11
11
266
266
276
276
281
348
652
754
843
1377
1377
1646
1670
1987
2276
2276
2276
2364
2422
2465
2598
2611
2830
2831
2922
2922
3015
3094
3168
3211
3249
3311
3400
3406
3443
3476
3824
3871
3986
4218
4220
4305
4305
4348
4348
4349
4349
4349
4349
4352
4386
4394
4643
4643
4644
4644
4650
4727
4899
4972
5037
5054
5067
5079
5235
5235
5235
5235
5339
5561
5849
5863
6145
6319
6392
6415
6455
6846
6853
6932
6932
6957
7069
7204
7204
7242
7274
7361
7448
7699
7850
7888
7910
7910
8031
8087
8137
8392
8655
8668
8668
8888
8914
8959
8976
8980
9052
9052
9052
9131
9179
9223
9223
9288
9295
9409
9942
9987
10679
10726
10768
10768
10768
10899
10929
10930
10931
10933
11060
11069
11134
11134
11134
11134
11213
11213
11590
11746
11860
11876
12051
12059
12277
12364
12372
12372
12425
12447
12513
12559
12741
12741
12850
12850
13096
13150
13150
13163
13165
13358
13372
13374
13569
13636
13984
14132
14132
14132
14132
14134
14137
14211
14390
14516
14559
14619
14736
14784
14784
15200
15232
15285
15285
15285
15451
15453
15588
15637
15637
15637
15637
15637
15637
15637
15637
15912
15956
16075
16075
16075
16205
16273
16378
16656
16702
16721
16723
17260
17261
17281
17283
17302
17337
17369
17372
17377
17380
17380
17380
17430
17500
17526
17584
17734
17735
17908
18134
18134
18201
18343
18408
18413
18462
18606
18606
18627
18742
18938
18938
19150
19197
19355
19501
19501
19686
19884
19884
20008
20008
20008
20405
20426
20446
20862
21143
21508
21524
21532
21554
21602
21691
21776
21934
21935
21935
21935
22160
22352
22369
22527
22776
22777
22820
22857
22858
22858
22880
23103
23203
