21
49
57
241
241
550
652
663
663
683
701
739
870
882
1271
1273
1280
1496
1496
1496
1496
1496
1496
1496
1496
1496
1496
1496
1496
1496
1496
1496
1496
1608
1766
1790
1903
1982
1982
2060
2199
2350
2399
2525
2598
2604
2632
2635
2636
2675
2702
2830
3084
3087
3087
3087
3087
3095
3222
3263
3264
3363
3580
3669
3803
3839
4230
4331
4348
4349
4352
4403
4432
4513
4580
4601
4601
4624
4644
4834
4945
4945
4945
4945
5087
5138
5192
5292
5390
5462
5525
5636
5695
5703
5789
5904
6157
6159
6159
6161
6181
6351
6356
6391
6397
6407
6412
6415
6565
6600
6600
6600
6600
6600
6600
6600
6600
6600
6600
6600
6600
6600
6600
6600
6791
6919
6960
6989
7100
7172
7172
7186
7274
7274
7315
7319
7324
7324
7329
7330
7332
7334
7334
7361
7365
7368
7377
7388
7388
7398
7399
7399
7401
7479
7491
7491
7530
7530
7573
7668
7668
7815
7815
7888
7909
7910
7910
8085
8122
8137
8207
8358
8372
8419
8522
8618
8618
8638
8804
8804
8815
8828
8887
8928
8965
8965
9047
9088
9088
9088
9090
9220
9220
9272
9337
9342
9408
9570
9644
9807
9817
9846
9879
9970
9970
10156
10239
10410
10413
10548
10549
10553
10681
10687
10687
10750
10787
10843
10862
10919
10989
10995
11062
11123
11152
11213
11214
11270
11270
11293
11312
11312
11321
11345
11403
11456
11485
11548
11567
11677
11680
11746
11769
11817
11817
11872
11872
11872
11908
11914
11915
11916
11931
11979
12052
12495
12731
12731
12731
12731
12731
13012
13020
13020
13150
13381
13381
13381
13381
13381
13381
13381
13381
13381
13398
13472
13594
13632
13659
13674
13674
13741
13741
13748
13749
13749
13749
13749
13874
13881
13903
13904
14132
14132
14132
14249
14282
14450
14450
14455
14475
14498
14498
14501
14506
14506
14506
14506
14510
14514
14669
14708
14723
14723
14774
15130
15285
15285
15345
15487
15487
15487
15495
15550
15637
15637
15807
15817
15849
15849
16049
16119
16119
16119
16119
16119
16119
16320
16320
16320
16392
16392
16392
16434
16442
16453
16656
16724
16724
16725
16850
16883
16883
16900
16941
17076
17088
17110
17143
17335
17372
17377
17377
17712
17922
17922
17922
17941
18136
18136
18136
18157
18210
18210
18213
18233
18247
18408
18408
18440
18440
18440
18463
18515
18515
18526
18534
18537
18554
18555
18659
18709
18710
18745
18830
18830
18855
19066
19066
19187
19219
19390
19392
19392
19392
19657
19845
20074
20088
20089
20100
20222
20289
20371
20446
20717
20793
20885
20922
20938
20965
20966
21166
21166
21180
21256
21296
21358
21574
21574
21777
21925
21959
22154
22164
22221
22232
22313
22313
22316
22316
22350
22351
22484
22484
22484
22484
22484
22484
22580
22830
22842
22862
23025
23037
23046
23049
23055
23125
23185
23288
23310
23319
23319
23368
