10
16
52
79
245
245
245
367
418
425
444
444
444
445
445
445
764
764
795
892
1040
1054
1179
1273
1426
1426
1426
1426
1426
1426
1426
1426
1426
1426
1426
1497
1745
1833
1883
1883
1889
1889
1889
1982
2053
2090
2090
2135
2135
2135
2135
2135
2135
2135
2135
2135
2135
2135
2356
2359
2431
2562
2562
2591
2591
2649
2654
2719
2745
2864
2939
3018
3018
3093
3203
3203
3246
3254
3256
3309
3438
3485
3555
3582
3824
3824
3826
3985
4038
4038
4038
4038
4038
4038
4038
4038
4038
4038
4038
4038
4038
4038
4038
4331
4339
4348
4348
4348
4348
4348
4371
4386
4392
4394
4616
4945
4951
4958
4971
5026
5026
5082
5128
5286
5340
5352
5352
5401
5427
5440
5440
5440
5564
5564
5564
5564
5565
5565
5596
5598
5609
5891
5950
5979
6116
6116
6219
6219
6219
6565
6565
6788
6805
6805
6806
6816
6821
6836
6844
6914
7064
7101
7161
7219
7220
7220
7220
7356
7495
7528
7528
7528
7528
7528
7528
7528
7528
7702
7730
7730
7790
7841
7843
7844
7850
8024
8130
8303
8303
8306
8389
8389
8497
8758
8829
8847
8871
8871
8871
8959
9017
9017
9124
9136
9189
9231
9231
9242
9304
9342
9383
9396
9487
9564
9683
9683
9683
9737
9745
9784
9784
9803
9844
9866
9909
9987
9997
9997
9997
10083
10083
10083
10083
10161
10161
10162
10163
10163
10165
10165
10165
10165
10165
10165
10411
10517
10517
10523
10523
10671
10965
10978
11062
11069
11213
11213
11213
11213
11249
11403
11405
11457
11457
11485
11485
11485
11579
11655
11745
11746
11746
11770
11770
11781
11956
11956
11956
11957
11957
11957
11957
11957
11957
12049
12049
12051
12051
12054
12124
12161
12161
12161
12161
12195
12324
12337
12337
12349
12349
12349
12349
12349
12490
12506
12629
12631
12668
12782
13012
13150
13150
13150
13156
13194
13194
13605
13630
13655
13704
13714
13752
13752
13844
14059
14211
14270
14509
14708
14708
15065
15127
15211
15241
15241
15241
15345
15373
15392
15424
15487
15495
15495
15495
15495
15495
15503
15510
15511
15637
15637
15637
15637
15650
15650
15650
15650
15655
15735
15807
15828
15972
15972
16165
16165
16678
16678
16678
16709
16709
16721
16723
16853
17076
17076
17076
17076
17076
17076
17076
17076
17110
17130
17130
17260
17260
17260
17260
17260
17260
17261
17261
17299
17372
17372
17383
17383
17510
17590
17641
17641
17769
17791
17791
17795
17795
17798
18193
18193
18440
18471
18546
18687
18688
19069
19150
19431
19459
19726
19726
19726
19971
20286
20322
20465
20507
20642
20681
20681
20800
20815
20911
20911
20953
20974
21026
21194
21293
21304
21508
21735
21793
21877
21877
21959
21986
22110
22177
22213
22233
22314
22315
22316
22322
22330
22330
22379
22425
22533
22609
22609
22633
22647
22758
22776
23064
23203
23344
