135
641
654
1271
1327
1655
2024
2053
2297
2416
2431
2563
2830
3041
3246
3451
3964
3964
4084
4134
4134
4353
4383
4601
4867
4867
4989
5085
5984
6000
6178
6325
6326
6430
6565
6565
6565
6681
6824
6855
7168
7202
7357
7702
7747
7827
7844
7914
8137
8183
8553
9046
9046
9046
9046
9046
9414
9438
9440
9784
9784
9784
9987
10188
10429
10671
10681
10908
11245
11340
11340
11341
11347
11803
12008
12195
12339
12777
13006
13150
13224
13300
13372
13381
13381
13381
13381
13689
13835
13850
14059
14134
14264
14668
15047
15047
15495
15580
15637
15637
15745
16188
16833
16833
16833
16842
16863
17110
17110
17130
17248
17383
17616
17793
17905
18442
18452
18452
18467
18798
18798
19066
19119
19241
19244
19313
19358
19526
19660
19670
20312
20539
20638
20739
20928
21323
21411
21929
22160
22278
22300
22300
22313
22322
22401
22401
22401
22401
22880
23024
23195
