158
166
652
858
970
1646
1731
2082
2466
2467
2467
3106
3106
4348
4348
4404
4477
4569
4653
4653
5493
5641
6277
6453
6459
6600
6600
6600
6600
6694
7168
7202
7404
8060
8060
8637
8661
8855
9185
9185
9412
9456
10087
10750
11746
11914
12195
12263
12513
12819
13150
13156
13163
13163
13749
13749
14359
14517
14636
14791
14825
14832
14832
14832
14832
15214
15471
15637
15637
15637
15637
15637
15637
15637
15642
15949
15961
16312
16433
17843
17843
18056
18056
18057
18175
18212
18405
18489
18489
18650
19265
19587
19790
20254
20381
20381
20381
20719
20988
21143
21166
22233
22600
22777
22777
23251
