76
148
249
261
655
702
720
775
979
1273
1321
1402
1637
1814
1964
2105
2266
2624
2625
2788
2828
3213
3258
3412
3542
3732
3732
3732
3819
3824
3873
4141
4305
4305
4331
4331
4331
4348
4386
4394
4398
4401
4616
4693
4828
4904
4945
4945
4971
5098
5105
5128
5139
5286
5470
5797
5803
6150
6218
6285
6362
6393
6407
6790
6850
6914
6932
6932
6932
7368
7850
8219
8219
8267
8367
8394
8589
8818
8928
9171
9223
9223
9242
9242
9288
9288
9288
9874
10157
10188
10188
10217
10484
10948
11216
11368
11473
11534
12051
12324
12414
12440
12513
12551
12551
12551
12554
12559
12605
12605
12630
13031
13163
13166
13175
13175
13419
13632
13918
14132
14211
14446
14480
14614
14614
14747
14747
14784
14784
14784
14786
14786
14788
14832
14832
15211
15447
15536
15738
15894
15911
15916
15966
16047
16067
16085
16121
16365
16431
16529
16609
16609
16996
17018
17026
17076
17368
17388
17636
17671
17718
17785
17922
17922
17925
18107
18167
18238
18279
18650
18864
18938
19318
19827
20047
20262
20304
20310
20310
20311
20386
20446
20942
20947
20947
21057
21213
21293
21424
21639
21996
22142
22427
22448
22479
22651
22776
22857
23024
23125
23343
