263
282
444
788
843
1029
1265
1646
1889
1891
2215
2389
2409
2410
2422
2830
2845
2852
3133
3732
3793
3824
3824
3824
3824
3824
4348
4534
4716
4750
4848
4848
4972
5383
5408
5534
5543
5688
5766
5909
5981
6095
6099
6161
6183
6285
6317
6339
6365
6425
6657
6657
6657
6657
6956
7245
7368
7534
7817
8613
9168
9168
9241
9784
10188
10388
10923
10971
10971
10972
11403
11511
11746
11754
11824
12128
12414
12905
13185
13567
13673
13930
13984
13984
14059
14750
14969
15227
15300
15300
15340
15650
15965
16442
16724
16724
17071
17377
17588
17590
17842
17842
17843
17922
18436
18569
18587
18587
18592
18592
18596
18604
18634
19075
19182
19221
19290
20047
20047
20946
21127
21467
21933
22047
22163
22180
22254
22915
23055
23076
23103
23319
