367
441
530
530
720
854
918
930
1054
1417
1982
2467
2467
2467
2467
2493
2611
2618
2888
3886
4348
4349
4643
4644
5461
5950
6001
6146
6218
6552
6694
7064
7204
7271
7427
7429
7429
7429
7493
7625
7910
8122
8137
8358
8650
8809
8871
9272
9750
9835
10682
11368
11368
11555
11914
11914
11914
11914
12777
13020
13163
13163
13163
13163
13163
13185
13932
14446
14479
14479
14479
14479
14479
14612
15637
15637
15637
15637
15637
15637
15637
16085
16085
16089
16197
16284
16285
16285
16292
16715
16715
16715
16908
17260
17261
17261
17261
17686
17686
17686
17841
17842
17842
17922
18168
18198
18317
18367
18440
18442
18596
18611
19197
19828
20008
20008
20008
21372
21775
21775
21775
21832
21948
22221
22316
22559
22633
22852
23037
