7
7
7
10
11
131
454
701
702
827
827
1060
1060
1145
1402
1431
1436
1448
1525
1565
1565
1994
2041
2041
2105
2171
2329
2483
2540
2591
2635
2647
2674
2692
2694
2694
2694
2798
2830
2935
2939
3062
3062
3121
3240
3246
3255
3276
3324
3388
3388
3388
3388
3388
3388
3388
3388
3388
3412
3439
4141
4394
4394
4399
4401
4403
4543
4569
4582
4601
4899
4899
4934
5028
5225
5263
5291
5500
5523
5585
5600
5768
5989
6015
6542
6850
7163
7201
7204
7298
7298
7298
7298
7301
7368
7398
7528
7578
7582
7582
7730
7796
8007
8107
8137
8158
8219
8239
8243
8243
8243
8243
8243
8243
8246
8246
8246
8246
8246
8252
8252
8296
8296
8392
8491
8506
8587
8859
8928
9013
9171
9242
9258
9346
9464
9784
9784
9784
9784
9846
9874
9909
9941
9956
9958
9987
9988
10045
10188
10217
10317
10378
10438
10451
10483
10681
10895
10897
10960
10973
11062
11245
11403
11403
11403
11403
11405
11746
11781
11894
11994
12221
12286
12425
12511
12511
12513
12877
12978
12978
12978
12978
13020
13150
13194
13224
13315
13323
13324
13324
13655
13749
13752
13905
13954
14044
14058
14132
14134
14390
14546
14546
14546
14546
14787
15011
15011
15011
15392
15495
15495
15500
15500
15637
15849
15852
15865
15964
16047
16398
16444
16723
16724
16978
17079
17143
17260
17272
17372
17372
17377
17377
17410
17434
17434
17793
17806
17841
17841
17944
17944
17945
17945
17946
17979
18198
18441
18526
18554
18650
18650
18863
18938
18938
19465
19668
19865
19867
19915
19922
19922
19952
20014
20310
20311
20325
20773
21023
21078
21090
21090
21092
21274
21293
21508
21508
21508
21572
21602
21731
21731
21731
21771
21771
21814
21850
21933
21989
22142
22542
22562
22651
22651
22672
22675
22677
22677
22681
22688
22776
22776
22777
22818
22947
22971
22971
23009
23024
23078
23125
23129
23130
23259
23264
