73
418
441
620
681
702
806
849
849
854
893
943
979
999
1018
1394
1402
1536
1587
2002
2105
2310
2310
2310
2323
2333
2342
2402
2402
2402
2490
2551
2611
2626
2830
2830
2830
2837
2845
3028
3094
3227
3412
3453
3476
3476
3550
3710
3710
3710
3731
3794
3824
4141
4305
4325
4349
4349
4401
4403
4550
4781
4903
4983
5000
5128
5129
5159
5159
5159
5159
5159
5177
5226
5252
5253
5265
5339
5352
5439
5440
5440
5440
5440
5440
5778
5778
5859
5859
5859
5859
5859
5859
5859
5859
5859
5944
6088
6128
6161
6233
6275
6303
6361
6465
6790
6850
6850
6932
6932
6957
7368
7368
7702
7850
7913
7914
7978
8107
8229
8381
8392
8497
8562
8563
8564
8564
8587
8591
8592
8592
8592
8592
8601
8601
8601
8601
8603
8805
8805
8888
8919
9148
9223
9259
9338
9338
9338
9409
9625
9628
9628
9628
9628
9707
9784
9784
9784
9784
9784
9787
9835
9874
9891
9975
9987
10066
10132
10173
10188
10217
10340
10340
10378
10484
10484
10484
10682
10682
10687
10750
10750
10779
10895
10919
10919
10920
10960
10962
10964
10964
10965
10971
10971
10971
10972
10976
11024
11082
11213
11213
11405
11405
11405
11472
11472
11472
11472
11472
11472
11472
11488
11558
11560
11579
11579
11783
11882
11914
11914
12053
12054
12101
12102
12102
12123
12123
12123
12195
12291
12291
12324
12327
12499
12518
12618
12618
12619
13031
13150
13163
13398
13557
13630
13630
13692
13961
13966
13966
13966
14012
14012
14012
14012
14012
14012
14012
14012
14013
14013
14032
14032
14036
14079
14120
14132
14132
14134
14134
14211
14428
14445
14446
14458
14546
14670
14670
14671
14671
14781
14784
14792
14798
15138
15138
15138
15138
15308
15345
15487
15487
15533
15556
15579
15579
15580
15580
15585
15679
15911
15928
15928
15928
15928
15928
15929
15969
15974
16047
16075
16075
16121
16413
16723
16912
16938
17042
17042
17060
17060
17130
17154
17169
17204
17207
17227
17261
17261
17282
17282
17295
17296
17337
17337
17337
17372
17372
17377
17377
17379
17410
17712
17816
17842
17842
17842
18012
18159
18175
18300
18316
18317
18471
18650
18938
18938
19197
19394
19398
19402
19617
20047
20059
20085
20085
20132
20283
20310
20311
20328
20577
20584
20596
20665
20719
20771
20790
20855
20868
21023
21078
21125
21293
21388
21477
21613
21918
21959
21960
22063
22096
22142
22160
22160
22160
22232
22233
22259
22316
22371
22651
22776
22786
22947
23024
23049
23055
23066
23067
23103
23265
