337
389
389
389
389
389
389
389
1108
1180
1186
1186
1265
1402
1403
1509
1547
1619
1632
1675
1980
2297
2402
2636
2636
3076
3212
3213
3400
3766
3788
3986
4348
4391
4403
4477
4483
4491
4828
4945
4945
4945
5088
5247
5476
5570
5778
5778
5945
5958
5978
6161
6826
6846
6846
6846
6864
7034
7161
7162
7162
7277
7493
7747
7856
8183
8183
8186
8236
8239
8411
8411
8424
8425
8428
8533
8828
8863
8916
9150
9211
9337
9408
9538
9662
9662
9662
9724
9724
9727
9763
9784
9784
9816
9816
9828
9856
9988
10157
10484
10681
10681
10781
10849
10862
10862
10900
10900
10925
10925
10925
10928
10928
10928
11457
11459
11579
11653
11654
11746
11746
12221
12398
12416
12513
12777
13150
13626
13630
13680
13901
13944
14143
14407
14992
15715
15715
15715
15715
15715
15715
15715
15715
15715
15715
15715
15949
15964
16032
16100
16100
16320
16320
16635
16658
16834
17130
17260
17261
17369
17383
17383
17508
17528
17792
17858
18333
18435
18435
18440
18490
18567
18639
18903
19197
19197
19197
19197
19453
19453
19453
19686
19866
19867
20180
20299
20381
20387
20439
20443
20666
20791
20815
20856
20910
21064
21064
21064
21105
21144
21392
21457
21457
21734
22111
22241
22318
22419
22419
22608
22824
22945
23103
23194
23203
23203
23203
23316
