218
243
458
469
642
693
725
729
805
837
1039
1058
1337
1341
1489
1489
1518
1612
1612
1698
1698
1698
1698
1789
2134
2194
2213
2225
2306
2413
2413
2435
2718
2838
2839
2839
2896
2929
2929
3119
3187
3187
3213
3213
3507
3514
3514
3514
3518
3524
3549
3582
3603
3604
3604
3604
3604
3625
3628
3791
3839
3936
4030
4056
4164
4460
4467
4723
4787
4802
4806
4813
4961
5211
5366
5384
5386
5386
5386
5443
5481
5760
5808
5914
5914
5915
5940
5956
5971
5986
5986
6023
6035
6081
6162
6175
6271
6291
6340
6342
6593
6611
6687
6696
6696
6923
6925
6925
6925
7144
7188
7188
7216
7223
7223
7223
7223
7223
7223
7223
7230
7230
7230
7318
7434
7464
7480
7489
7490
7490
7493
7520
7542
7544
7572
7572
7572
7586
7748
7748
7781
7849
7899
7899
7953
8067
8067
8170
8181
8202
8202
8308
8311
8311
8397
8431
8483
8493
8527
8672
8672
8723
8723
8725
8725
8725
8735
8775
8873
9254
9374
9485
9485
9560
9692
9694
9694
9694
9694
9694
9694
9694
9695
9695
9695
9695
9695
9695
9695
9695
9695
9697
9698
9698
9698
9783
9805
9844
9844
9844
9844
9844
9844
9844
9844
9844
9924
10009
10081
10084
10101
10118
10253
10391
10395
10397
10398
10398
10398
10398
10399
10403
10403
10514
10514
10514
10514
10514
10516
10516
10516
10516
10523
10543
10588
10602
10602
10621
10740
10772
10794
10882
10889
10889
10889
10891
10893
10893
10893
10918
11179
11200
11331
11331
11363
11365
11435
11518
11536
11584
11584
11584
11584
11600
11632
11684
11794
11899
12013
12018
12029
12078
12086
12086
12086
12261
12305
12305
12495
12495
12495
12511
12511
12511
12511
12511
12511
12511
12516
12544
12565
12565
12715
12726
12736
12837
12918
13061
13072
13201
13201
13226
13408
13436
13450
13463
13517
13533
13533
13533
13533
13664
13715
13805
13805
13828
13948
14107
14186
14191
14191
14222
14222
14317
14459
14528
14854
15251
15266
15300
15300
15300
15306
15306
15306
15306
15307
15310
15310
15310
15310
15310
15327
15327
15327
15327
15328
15328
15328
15366
15367
15396
15488
15488
15488
15488
15488
15501
15503
15503
15503
15503
15510
15793
15861
15975
16125
16131
16347
16347
16381
16497
16497
16497
16497
16640
16645
16718
16797
16838
16838
16900
16900
16908
16909
16930
16930
17001
17121
17121
17296
17308
17308
17403
17450
17466
17479
17481
17786
17925
17940
17940
17947
17947
17955
17982
18117
18165
18165
18166
18168
18206
18217
18514
18554
18554
18562
18562
18562
18673
18675
18755
18834
18834
18834
18836
18880
18880
18900
18929
18929
18989
19003
19152
19250
19437
19437
19437
19437
19437
19497
19510
19517
19528
19555
19717
19839
19839
19839
19839
19839
19840
19850
19865
20075
20139
20349
20349
20349
20349
20420
20479
20479
20479
20606
20799
20799
21081
21081
21081
21116
21163
21240
21248
21248
21385
21577
21577
21590
21616
21633
21723
21838
21838
21934
22233
22250
22286
22341
22341
22431
22431
22431
22431
22431
22506
