44
632
734
854
854
854
854
854
858
953
1008
1009
1009
1009
1009
1009
1010
1192
1198
1202
1202
1220
1243
1243
1243
1252
1461
1489
1742
1768
1815
1974
2023
2023
2023
2402
2417
3503
3517
3517
3517
3549
3643
3849
4539
4716
4780
5271
5271
5314
5437
5515
5515
5737
5755
5755
5755
6103
6341
6349
6536
6536
6537
6538
6538
6541
6598
6611
6729
6785
6793
6937
7369
7493
7657
7849
7926
7926
7986
8039
8181
8181
8428
8430
8463
8588
8667
8723
8816
9281
9281
9805
9805
9807
9832
9844
9844
10011
10047
10047
10047
10047
10047
10073
10084
10084
10369
10369
10441
10545
10573
10675
10758
10887
10887
10888
10972
10972
10972
11054
11112
11133
11188
11756
11756
11756
11975
11975
11975
12537
12553
12565
12565
12565
12751
12751
12755
12770
12771
12771
12771
12772
13370
13370
13434
13586
13586
13586
13586
13586
13765
13769
13769
13770
13770
13770
13770
13770
13770
13786
13786
13786
13786
13786
13817
14013
14480
14912
14934
14961
15075
15300
15327
15398
15398
15398
15467
15572
15572
15849
15911
15965
15965
15966
15966
15968
16132
16132
16132
16132
16364
16365
16627
16900
17001
17024
17024
17038
17038
17039
17043
17048
17267
17267
17267
17328
17423
17423
17458
17475
17481
17481
17481
17481
17484
17997
18011
18367
18367
18367
18378
18638
18839
18889
19370
19371
19377
19378
19378
19378
19381
19381
19381
19381
19382
19382
19382
19382
19401
19401
19528
19529
19555
19577
19577
19577
20419
20469
20469
20469
20762
20823
20906
21119
21119
21123
21123
21236
21437
21438
21444
21447
21839
21947
22300
22363
22363
22364
