668
1084
1085
1085
1134
1134
1134
1134
1134
1134
1314
1414
1489
1489
1540
1545
1698
1700
1742
1813
1827
1867
2084
2115
2227
2248
2248
2275
2276
2332
2332
2335
2339
2340
2402
2723
2838
2839
3210
3323
3582
3582
3604
3606
3625
3731
3731
3831
3831
3916
4304
4304
4304
4304
4382
4382
4512
4512
4688
4688
4705
4725
4725
4725
4725
4725
4730
4786
4813
4959
5124
5296
5310
5443
5463
5754
5755
5755
5755
5755
5755
5832
5869
5869
5869
5879
5882
5883
5883
5896
6081
6150
6152
6327
6482
6537
6555
6555
7074
7127
7199
7208
7223
7258
7434
7493
7493
7493
7542
7554
7554
7554
7554
7572
7649
7718
7718
7718
7719
7828
7897
7989
7991
8145
8145
8145
8145
8145
8145
8157
8157
8157
8211
8426
8426
8676
8676
8707
8816
8908
8912
8984
9035
9360
9365
9670
9670
9670
9670
9670
9676
9676
9676
9676
9839
9839
9844
9844
9844
9844
9928
9968
10021
10121
10121
10121
10121
10133
10134
10142
10142
10142
10142
10142
10142
10142
10145
10151
10151
10151
10151
10153
10156
10156
10170
10185
10208
10220
10225
10321
10339
10339
10339
10357
10357
10382
10391
10442
10548
10679
10679
10680
10680
10799
10947
10947
10947
10947
10947
10947
10947
10947
10947
10947
10984
10984
11017
11133
11136
11136
11136
11136
11196
11197
11199
11199
11199
11208
11213
11213
11215
11215
11215
11215
11215
11215
11215
11215
11215
11215
11215
11215
11216
11216
11216
11216
11216
11217
11222
11252
11252
11252
11256
11268
11268
11268
11361
11366
11366
11366
11371
11600
11600
11600
11611
11862
11943
11943
11943
11995
12027
12027
12027
12042
12042
12046
12047
12048
12121
12158
12158
12158
12162
12233
12277
12277
12277
12285
12285
12285
12310
12310
12479
12495
12495
12537
12537
12553
12565
12565
12565
12565
12565
12565
12565
12565
12565
12565
12565
12580
12592
12672
12726
12726
12726
12726
12726
12726
12726
12726
12726
12726
12732
12733
12867
13181
13271
13271
13274
13274
13493
13656
13770
13770
13805
13814
13814
13832
13832
13832
13832
13832
13832
13832
13832
13832
13832
13833
13833
13833
13833
13833
13833
13833
13833
13836
13836
13836
13836
13836
13836
13836
13836
13836
13837
13837
13837
13837
13837
13837
13837
13837
13837
13837
13837
13837
13843
13952
14031
14087
14183
14313
14528
14981
15095
15095
15103
15197
15197
15200
15202
15202
15202
15203
15300
15327
15369
15536
15598
15636
15637
15642
15643
15647
16076
16081
16083
16083
16083
16349
16578
16629
16685
16873
16877
16878
16949
16952
16954
17001
17043
17048
17048
17048
17188
17593
18286
18292
18381
18439
18445
18495
18495
18495
18523
18523
18527
18637
18757
18759
18889
18889
18900
18916
18932
19106
19142
19142
19155
19295
19295
19295
19479
19923
20081
20097
20231
20231
20231
20231
20268
20324
20324
20324
20334
20334
20335
20520
20557
20557
20627
20627
20738
20843
20941
20941
20992
20994
21012
21146
21281
21762
21852
21934
21959
21959
21959
22089
22089
22090
22227
22233
22239
22262
22276
22342
22342
22342
22431
22462
