83
85
159
179
384
589
589
591
632
632
642
734
742
746
746
746
746
746
746
746
746
746
746
746
746
746
746
746
746
746
746
747
784
784
784
858
859
868
891
896
933
1042
1141
1261
1267
1314
1314
1508
1508
1612
1612
1698
1735
1742
1789
1834
2046
2101
2313
2349
2349
2349
2349
2398
2398
2402
2413
2413
2435
2435
2436
2530
2593
2742
2839
2841
2841
2929
3156
3582
3583
3583
3604
3604
3673
3673
3673
3694
3731
3808
3831
3837
3891
3891
3897
3938
3939
3968
4042
4153
4154
4235
4387
4453
4511
4779
4807
5208
5229
5241
5244
5269
5314
5385
5443
5570
5575
5642
5661
5760
5936
5937
5937
5937
5995
6132
6274
6274
6282
6344
6386
6611
6653
6899
6916
6937
6986
6994
7069
7139
7222
7222
7502
7502
7557
7557
7572
7572
7572
7573
7573
7573
7573
7575
7628
7628
7628
7631
7656
7688
7736
7897
7903
7991
8028
8028
8039
8076
8083
8083
8169
8169
8171
8181
8181
8181
8239
8308
8317
8481
8483
8490
8526
8527
8527
8527
8548
8549
8629
8629
8700
8707
8737
8746
8746
8975
9254
9254
9300
9372
9410
9677
9692
9703
9761
9783
9788
9833
9844
9844
9844
9844
9844
9878
9878
9922
9926
9946
9953
9955
9979
9980
10047
10047
10047
10094
10269
10311
10311
10321
10382
10403
10489
10538
10539
10740
10835
10879
10972
10981
10981
10981
11054
11054
11054
11054
11132
11151
11276
11312
11312
11330
11330
11330
11363
11363
11363
11371
11371
11544
11575
11575
11575
11632
11632
11689
11747
11781
11959
11959
11959
12016
12017
12018
12029
12029
12029
12167
12346
12433
12494
12537
12537
12553
12554
12565
12605
12605
12728
12728
12737
12859
12957
12986
12986
13068
13109
13109
13109
13109
13110
13112
13162
13271
13271
13290
13290
13311
13311
13319
13319
13355
13408
13408
13408
13463
13463
13533
13533
14039
14082
14083
14084
14208
14208
14348
14399
14494
14523
14672
14672
14697
14895
14990
15070
15119
15119
15121
15306
15609
15702
15896
15903
15985
16276
16281
16497
16532
16548
16551
16627
16643
16643
16695
16802
16857
16869
16869
16870
16886
16911
16911
16911
16912
16930
16933
16950
16965
17001
17028
17032
17087
17087
17087
17088
17088
17089
17089
17123
17123
17123
17123
17174
17317
17403
17408
17461
17463
17465
17466
17475
17475
17475
17475
17505
17617
17790
17924
17925
17946
17969
17972
18018
18039
18054
18114
18151
18152
18157
18211
18299
18425
18562
18562
18620
18630
18637
18638
18731
18773
18943
18943
18982
18982
19338
19433
19440
19440
19448
19516
19522
19527
19529
19531
19531
19589
19589
19648
19648
19683
19684
19706
19850
20101
20139
20139
20155
20202
20368
20420
20429
20429
20466
20559
20677
21043
21243
21253
21317
21323
21449
21450
21462
21467
21467
21467
21494
21494
21594
21631
21775
21785
21793
21934
21934
21934
21934
21934
22048
22211
22227
22300
22308
22317
22363
22401
22403
22414
22414
22414
22416
22416
22416
22423
22431
22431
22431
22560
22658
22658
