218
242
507
643
693
729
734
1009
1058
1131
1540
1612
1612
1742
1778
1791
2381
2400
2682
2870
2931
3582
3582
3582
3582
3602
3603
3603
3603
3603
3603
3603
3694
3788
3790
3831
3831
3837
3865
3897
4320
4453
4713
4716
5065
5068
5222
5309
5314
5337
5569
5569
5642
5642
5664
5867
5956
5956
5957
5957
6162
6162
6162
6263
6327
6943
6973
6989
7230
7366
7478
7490
7493
7557
7749
7953
8039
8157
8157
8157
8609
8743
8827
8827
8827
9780
9844
9844
10016
10084
10313
10313
10408
10792
10892
10893
10948
11102
11249
11249
11266
11373
11400
11531
11559
11570
11570
11584
11584
11593
11600
11613
11613
11736
11916
11963
11963
11964
11968
11968
11968
11968
11988
12019
12019
12074
12433
12433
12433
12433
12495
12565
12726
13290
13403
13434
13450
13528
13678
13688
14000
14346
14356
14723
14853
14990
15300
15300
15306
15306
15327
15410
15488
15598
15605
15782
15898
16097
16131
16342
16505
16900
16900
16933
17007
17011
17085
17308
17475
17479
17481
17481
17481
17543
17552
17574
17622
17932
17966
18074
18204
18493
18577
18671
18886
18900
18929
18955
19089
19126
19475
19475
19475
19475
19475
19475
19505
19563
19841
19844
19881
20009
20082
20103
20479
20498
20540
20657
20696
20745
21340
21371
21613
21691
21714
21934
21985
22002
22175
22233
22250
22397
22509
22641
