268
313
477
742
858
859
884
893
1124
1314
1582
1856
1860
2046
2402
2402
2413
2413
3184
3582
3582
3583
3583
3583
3583
3603
3624
3628
3631
3644
3677
3748
3748
3831
3867
5022
5271
5515
5643
5661
5877
6162
6162
6162
6214
6393
6496
6531
6534
6688
6789
6864
6886
6899
6900
7092
7230
7490
7739
8044
8180
8708
8708
8816
9844
9844
9844
9979
10084
10084
10084
10084
10393
10403
10879
10892
11185
11200
11367
11536
11584
11715
12036
12168
12187
12212
12263
12511
12565
12672
12672
12688
12699
12699
12760
12866
12877
13019
13019
13019
13076
13209
13271
13271
13272
13272
13279
13279
13280
13280
13282
13282
13282
13282
13307
13383
13518
13656
13663
13664
13939
13960
13960
14204
14705
14912
14921
14996
14996
14996
15327
15410
15605
15851
16069
16069
16069
16069
16069
16069
16070
16070
16070
16070
16484
16485
16497
16672
16672
16911
16934
17026
17257
17463
17466
17481
17481
17582
17582
17671
17896
17986
18208
18562
18642
18671
18749
18884
19095
19095
19096
19096
19292
19437
19577
19577
19577
19839
19887
20075
20075
20148
20458
20616
20843
21380
21447
21693
21693
21816
21934
22339
22341
22342
22431
