40
313
362
464
465
465
507
507
507
668
668
668
693
722
859
863
885
1124
1131
1131
1131
1390
1390
1390
1410
1612
1733
1733
2074
2126
2126
2241
2413
2635
2641
2641
3517
3556
3556
3556
3556
3556
3556
3582
3582
3582
3582
3582
3589
3589
3596
3603
3604
3837
3897
3897
3988
4089
4231
4287
4289
4780
4935
5271
5271
5417
5417
5417
5569
5616
5642
5724
5737
5755
5755
5801
5802
5802
5802
5802
5802
5802
5914
5956
6103
6162
6396
6452
6541
6731
6863
6863
6863
6872
6881
6881
6881
6881
6881
6881
6881
6881
6881
6881
6881
6930
7230
7233
7490
7495
7503
7503
7557
7557
7572
7573
7573
7986
7986
8000
8031
8033
8033
8157
8170
8181
8247
8329
8345
8345
8346
8346
8347
8348
8382
8648
8775
8816
8827
8827
8988
8988
8988
9023
9128
9330
9515
9625
9818
9844
9844
9844
9844
9844
9844
9844
10169
10392
10403
10403
10403
10403
10403
10548
10629
10849
10870
10870
10870
10870
10972
11070
11103
11132
11178
11330
11363
11365
11411
11488
11496
11584
11588
11649
11649
11736
11737
11737
11781
11849
11872
12186
12392
12495
12511
12511
12565
12565
12565
12565
12565
12598
12598
12598
12598
12598
12598
12598
12598
12598
12598
12598
12623
12636
12726
12726
13019
13019
13019
13019
13019
13019
13068
13266
13511
13533
13533
13533
13688
13758
13758
13960
14013
14138
14212
14348
14348
14441
14441
14441
14441
14441
14441
14790
14790
14790
14790
14791
14791
14791
14853
15158
15305
15488
15488
15488
15598
15692
15738
15889
15889
15889
15889
15889
15889
16131
16131
16131
16131
16698
16910
16910
16910
16910
16934
16960
17001
17329
17466
17474
17475
17481
17481
17481
17481
17481
17481
17484
17526
17581
17581
17593
17593
17698
17935
18009
18206
18206
18620
18620
18671
18731
18731
18731
18731
18757
18791
18987
18997
19029
19152
19323
19497
19528
19830
19830
19830
19830
19830
19830
19839
19841
19881
20186
20186
20468
20799
20805
20866
20866
20866
20922
20922
20923
20923
20923
20923
20923
20923
21024
21636
21636
21711
21934
22035
22035
22041
22247
22255
22339
22431
22431
22431
22609
