54
477
477
1742
1742
2225
2301
2301
2476
2476
2716
2716
2742
2742
2742
2744
2744
2744
2744
2804
2804
2810
2810
2810
2810
2810
3183
3183
3207
3814
3831
3831
4421
5271
5395
5515
5515
5515
5569
5569
5569
5576
5578
5721
5724
5755
6035
6035
6035
6100
6103
6162
6532
6533
6688
6731
6790
7167
7167
7167
7167
7870
7927
7927
8181
8290
8672
8725
8731
8815
8816
8827
9488
9720
9720
9720
9781
9844
9844
9844
10257
10257
10710
10710
10740
10740
10743
10758
10758
10758
11339
11339
11339
11339
11339
11341
11341
11341
11341
11341
11341
11341
11584
11677
11736
11960
11960
11964
11964
11965
11965
11995
12305
12495
12553
12553
12857
13203
13203
13203
13516
13516
13948
14048
14672
15103
15275
15275
15275
15275
15291
15603
15603
16505
16505
16505
16505
16505
16505
16672
17007
17048
17460
17479
17479
17481
17481
17565
17578
17578
17593
17597
17597
17947
18069
18072
18072
18072
18549
18630
18671
18900
18902
18902
18902
19522
19852
19881
20121
20126
20126
20126
20130
20148
20148
20186
20335
20358
20358
20606
21321
21794
21795
21795
21868
21934
21963
21963
21963
21966
