39
51
85
188
307
313
452
464
464
469
597
725
729
756
760
798
858
858
858
858
859
859
859
1108
1182
1462
1465
1489
1612
1612
1612
1612
1612
1612
1648
1754
1778
2126
2333
2333
2382
2382
2402
2434
2439
2439
2439
2439
2439
2439
2484
2607
2607
2607
2607
2729
2759
2759
2761
2800
2915
2970
2976
3514
3517
3520
3520
3582
3582
3582
3582
3604
3606
3609
3609
3673
3865
3962
4008
4176
4197
4239
4387
4460
4581
4706
4706
4787
4802
4802
4802
4802
4802
4827
4827
4889
5314
5314
5316
5316
5347
5347
5386
5417
5515
5755
5756
5802
5802
5802
5836
5940
5940
5940
5940
5956
5985
5986
6024
6056
6059
6059
6162
6162
6178
6289
6297
6305
6330
6425
6438
6452
6592
6592
6593
6617
6688
6688
6688
6688
6688
6727
6729
6792
6855
6881
6881
6899
6899
7160
7200
7222
7254
7254
7480
7480
7480
7493
7515
7557
7572
7573
7586
7588
7751
7849
7903
7959
8192
8297
8317
8449
8477
8480
8483
8588
8651
8701
8701
8701
8720
8723
8723
8725
8816
8827
8827
8827
8827
8833
8939
8983
8988
9023
9187
9254
9274
9290
9333
9372
9372
9485
9512
9800
9807
9844
9844
9844
9844
9844
9844
9844
9909
10084
10084
10391
10403
10403
10794
10972
10972
11150
11151
11153
11179
11249
11294
11294
11294
11297
11411
11411
11411
11440
11498
11575
11593
11823
11850
12032
12081
12081
12171
12172
12172
12271
12305
12511
12511
12565
12565
12565
12565
12591
12598
12598
12629
13019
13019
13019
13019
13019
13019
13019
13019
13019
13019
13019
13019
13019
13019
13084
13171
13186
13186
13201
13212
13219
13311
13518
13518
13656
13656
13667
13668
13805
13852
13959
13959
13960
14173
14214
14348
14376
14377
14441
14441
14441
14441
14441
14441
14441
14441
14441
14442
14592
14833
14849
14853
14853
14853
14853
14853
14853
14853
14854
14858
14858
15180
15260
15300
15300
15300
15300
15312
15327
15328
15423
15510
15525
15581
15603
15688
15738
15889
15889
15889
15889
15889
15889
15889
15889
15911
15915
15915
15915
15988
16067
16097
16131
16131
16131
16131
16151
16210
16445
16505
16505
16505
16505
16627
16695
16695
16695
16695
16698
16702
16720
16934
16952
16952
16952
16952
16952
16952
16952
17007
17032
17048
17048
17242
17296
17370
17370
17475
17479
17481
17481
17481
17526
17527
17562
17675
17826
18032
18038
18206
18206
18209
18210
18268
18338
18381
18381
18550
18564
18642
18642
18660
18660
18671
18732
18755
18759
18792
18834
18889
18988
19152
19221
19297
19297
19297
19342
19345
19416
19437
19497
19839
19839
19850
19850
19881
19881
19937
20026
20083
20139
20141
20209
20214
20237
20334
20421
20421
20421
20466
20566
20580
20590
20680
20745
20746
20799
20799
20920
20920
20922
20922
20923
20923
20923
20923
20923
21030
21057
21157
21209
21321
21607
21631
21816
21934
21934
21934
22041
22052
22052
22052
22052
22052
22052
22052
22052
22055
22055
22066
22066
22072
22072
22072
22232
22288
22301
22308
22308
22431
22431
22456
22621
