464
475
594
634
705
858
922
1059
1131
1134
1134
1170
1184
1227
1317
1344
1435
1489
1518
1615
1615
1615
1991
2014
2014
2023
2024
2024
2024
2033
2033
2275
2275
2402
2581
2635
2635
2635
2635
2635
2635
2641
2641
2641
2657
2669
2669
2669
2838
2870
2897
3514
3582
3603
3618
3668
3755
3825
3849
4569
4644
4644
4710
4716
4802
4802
4807
4823
4823
4830
5350
5350
5352
5385
5386
5386
5386
5386
5386
5417
5455
5461
5461
5569
5643
5755
5755
5760
5760
5802
5802
5802
5802
5939
5956
6043
6162
6162
6207
6394
6541
6586
6592
6602
6607
6687
6688
6731
6790
6899
6925
6973
7197
7230
7230
7230
7494
7508
7508
7788
7897
7953
7953
8169
8181
8247
8247
8247
8649
8649
8649
8649
8686
8718
8731
8816
8816
8843
8843
8844
9017
9035
9208
9208
9208
9208
9330
9346
9346
9368
9581
9625
9761
9844
9844
9844
9844
9844
9844
9844
10094
10273
10273
10273
10273
10403
10635
10635
10797
10812
10812
10812
10812
10812
10812
10812
10813
10814
11045
11054
11133
11178
11200
11359
11359
11363
11369
11371
11524
11524
11584
11736
11737
11891
11901
11990
12011
12042
12121
12136
12136
12185
12185
12185
12190
12191
12511
12511
12537
12553
12622
12622
12624
12624
12755
12834
12877
12929
12929
12934
12934
12986
12998
13656
13656
13656
13656
13656
13656
13688
13688
13769
13770
14223
14559
14671
14847
14853
14990
14990
14990
15002
15013
15013
15099
15099
15099
15099
15246
15246
15328
15885
15889
15889
15940
16132
16132
16132
16132
16132
16132
16497
16497
16555
16952
17094
17481
17481
17481
17481
17481
17481
17481
17526
17697
17786
17836
18039
18062
18206
18210
18211
18211
18217
18324
18620
18699
18834
18839
18932
18932
18982
19106
19146
19239
19278
19295
19531
19554
19555
19908
19939
19951
20055
20055
20055
20055
20055
20055
20056
20056
20056
20126
20126
20139
20148
20148
20479
20497
20584
20659
20710
20745
20885
20923
21239
21239
21819
21985
22052
22052
22145
22175
22175
22175
22211
22233
22233
22330
22396
22431
22606
22606
22606
22607
22608
22608
22608
22608
