201
313
398
398
643
668
693
737
858
859
1131
1277
1489
1489
1612
1778
1969
1969
2109
2176
2210
2225
2350
2350
2402
2413
2413
2414
2674
2890
2964
2976
3089
3514
3550
3582
3582
3582
3582
3582
3582
3583
3592
3592
3603
3604
3604
3604
3606
3609
3609
3668
3668
3731
3808
3814
3831
3831
3831
4306
4522
4694
4837
4893
5074
5215
5215
5223
5269
5269
5294
5314
5314
5530
5914
5914
5940
5940
5940
5956
5956
5956
6467
6484
6616
6616
6972
7092
7200
7219
7310
7451
7451
7451
7490
7493
7521
7521
7542
7544
7557
7557
7575
7575
7586
7608
7608
7736
7849
7986
8157
8178
8297
8308
8481
8799
8799
8799
8827
8975
8988
9000
9017
9028
9312
9374
9374
9374
9374
9374
9393
9394
9426
9844
9844
9844
10084
10084
10084
10276
10391
10438
10438
10558
10573
10578
10578
10578
10657
10892
10898
10901
10901
10901
10948
10948
10948
10948
10948
10948
10948
10948
10948
10948
10948
10948
10948
10948
10948
10948
10950
10950
10955
10955
10955
10955
10955
10959
10959
10959
10965
10965
10965
10965
10965
10966
10966
10967
10967
10972
10972
10981
10981
10981
10981
10982
11103
11368
11524
11524
11600
11740
12013
12029
12205
12495
12511
12511
12708
12708
12715
12882
13040
13104
13104
13195
13201
13209
13209
13213
13238
13238
13238
13239
13408
13408
13408
13521
13656
13656
13770
13770
13805
13843
13851
13851
13851
13957
13958
13966
14185
14189
14191
14348
14912
15013
15013
15167
15300
15328
15480
15545
15545
15550
15598
15616
15616
15616
15951
16105
16131
16132
16134
16134
16265
16307
16459
16603
16626
16626
16718
16718
16900
16934
16960
16960
16960
16960
16960
16961
16961
16990
16994
16996
17011
17011
17308
17308
17401
17403
17463
17592
17592
17947
18503
18503
18637
18637
18671
18684
18814
18814
18889
18889
18897
18900
18916
18939
19112
19112
19156
19226
19563
19607
19647
19647
19839
19839
19841
19841
20544
20549
20549
20549
20745
20799
20799
20806
20806
20835
20873
20875
21128
21164
21229
21391
21445
21494
21711
21725
21725
21727
21767
21934
21934
21989
22089
22191
22227
22227
22228
22229
22232
22308
22408
22431
22431
22431
22431
22431
22431
22431
22431
22431
