45
201
210
238
269
313
418
459
469
693
706
721
730
765
839
858
859
1009
1132
1267
1267
1267
1287
1388
1489
1489
1489
1540
1540
1589
1602
1698
1698
1702
1703
1706
1716
1717
1827
1827
2091
2105
2175
2176
2176
2275
2340
2402
2413
2455
2509
2509
2509
2581
2581
2581
2596
2638
2791
2883
2890
2929
2964
3183
3514
3514
3531
3556
3556
3582
3582
3582
3582
3582
3582
3582
3582
3582
3582
3582
3582
3583
3603
3604
3605
3606
3609
3609
3609
3610
3668
3731
3742
3831
3846
4273
4273
4288
4404
4463
4513
4514
4644
4705
4708
4716
4723
4741
4902
5030
5057
5237
5248
5267
5267
5267
5271
5359
5386
5569
5643
5661
5661
5724
5756
5756
5795
5801
5839
5914
5930
5940
5955
5956
5958
5958
6162
6162
6235
6236
6236
6327
6327
6536
6541
6611
6646
6871
6878
6883
6899
6900
6905
6930
6973
7139
7219
7219
7219
7223
7230
7230
7258
7309
7310
7310
7351
7375
7434
7480
7490
7493
7530
7572
7572
7573
7573
7573
7575
7586
7677
7751
7818
7986
8029
8157
8157
8157
8211
8329
8339
8431
8483
8554
8609
8673
8686
8695
8723
8723
8738
8843
8883
8883
9010
9082
9191
9208
9254
9594
9704
9780
9832
9844
9844
9844
9844
9844
9844
9844
9844
9844
9844
9844
9844
9844
9844
9844
9970
9979
10038
10085
10121
10121
10121
10121
10145
10217
10391
10391
10392
10403
10408
10444
10444
10548
10726
10726
10744
10791
10833
10870
10870
10887
10972
10972
10972
11102
11103
11151
11151
11206
11206
11213
11215
11237
11242
11242
11249
11249
11290
11364
11367
11499
11499
11524
11532
11532
11584
11684
11736
11736
11880
11988
12029
12042
12182
12182
12317
12495
12553
12556
12565
12565
12565
12580
12726
12807
12866
12867
13101
13121
13193
13203
13408
13448
13533
13533
13828
13948
13960
13960
13983
14018
14018
14018
14018
14209
14339
14353
14447
14459
14459
14463
14528
14596
14626
14672
14672
14849
14915
14921
14951
14951
15013
15023
15065
15083
15167
15179
15232
15232
15237
15237
15237
15270
15291
15306
15310
15437
15603
15604
15616
15616
15769
15800
15800
15800
15934
15934
15934
16187
16209
16521
16628
16635
16636
16910
16910
16996
17002
17041
17244
17290
17290
17296
17308
17336
17336
17354
17466
17466
17479
17526
17526
17526
17528
17543
17592
17593
17597
17619
17675
17766
17836
17959
18046
18173
18194
18206
18206
18211
18458
18494
18501
18549
18554
18564
18630
18630
18653
18671
18671
18671
18675
18689
18757
18759
18814
18879
18883
18888
18895
18900
18916
18916
18916
18925
19092
19104
19171
19202
19220
19312
19370
19376
19383
19383
19471
19522
19528
19529
19554
19593
19594
19830
19850
20009
20031
20078
20159
20226
20512
20614
20669
20669
20745
20761
20799
20802
20923
20923
20927
21145
21164
21164
21164
21165
21284
21494
21619
21696
21875
21934
21934
21934
21934
21961
21961
21985
22004
22006
22073
22089
22125
22300
22300
22385
22398
22430
22431
22431
22431
22431
22431
22431
22432
22432
22507
22507
