52
219
221
238
245
292
643
858
862
1029
1131
1182
1183
1489
1534
1534
1578
1892
2225
2225
2277
2763
2783
2839
2841
3095
3095
3514
3514
3582
3582
3582
3582
3582
3582
3603
3603
3603
3624
3731
3731
3731
3731
3831
4238
4713
4716
4785
4802
4802
4802
4802
4802
4802
4802
4802
4802
4802
4803
5386
5386
5417
5417
5611
5618
5618
5618
5618
5618
5621
5621
5643
5661
5661
5755
5755
5755
5756
5940
5940
5940
5956
5957
5986
6035
6035
6035
6162
6236
6301
6452
6584
6584
6586
6586
6617
6627
6723
6742
6863
6899
6910
6930
6972
7120
7123
7230
7230
7434
7434
7490
7493
7493
7542
7542
7557
7572
7572
7572
7575
7647
7736
7903
8157
8181
8181
8181
8222
8398
8398
8725
8731
8816
8816
8828
8968
8988
9254
9255
9329
9329
9330
9335
9404
9625
9625
9625
9638
9805
9832
9844
9844
9844
10055
10055
10084
10403
10403
10547
10547
10794
10812
10812
10812
10812
10814
10972
11156
11178
11178
11400
11492
11493
11494
11496
11584
11584
11975
11975
11975
11975
11975
11990
12187
12263
12354
12515
12623
12736
12751
12755
12877
12888
12998
13038
13072
13100
13169
13403
13511
13518
13522
13522
13533
13643
13643
13775
13778
14138
14138
14138
14138
14138
14138
14138
14150
14150
14150
14150
14329
14329
14687
14853
14858
14858
15013
15065
15065
15065
15065
15065
15065
15065
15065
15065
15065
15115
15115
15598
15889
16209
16209
16210
16210
16210
16497
16497
16497
16627
16634
16634
16636
16738
16738
16738
16738
16738
17001
17002
17257
17331
17336
17463
17481
17481
17481
17481
17481
17481
17481
17593
17638
17784
17860
17937
17947
18032
18206
18206
18206
18206
18268
18609
18620
18671
18762
18792
18834
18836
18993
19152
19292
19437
19455
19497
19497
19498
19498
19498
19498
19499
19510
19528
19528
19528
19554
19589
19756
19841
19881
20421
20584
20624
20743
20743
20745
20745
20745
20745
20745
20745
20745
20745
20745
20745
20799
20908
20908
20908
20908
20908
20908
20908
20908
20921
20921
20921
20921
20923
20925
21054
21216
21217
21236
21303
21494
21724
21934
22004
22380
22431
22431
22431
