642
734
739
740
742
858
1435
1578
1612
1775
2009
2211
2929
3733
4190
4190
4467
4551
4552
4818
5386
5786
5786
5795
5830
6076
6162
6611
6657
6722
6727
6727
6915
6919
6973
7132
7139
7139
7516
7875
7877
7992
8426
8632
8827
8943
9196
9555
9844
9844
9844
9844
9844
10085
10317
10317
10403
10548
10573
10740
11371
11519
11613
11622
11868
11868
11872
11951
11951
11953
11964
12726
13893
13941
14818
15301
15941
15965
16629
16661
16908
16911
17001
17051
17117
17296
17368
17368
17368
17403
17479
17481
17481
17511
17525
17526
17526
17606
17667
17670
17790
18672
18672
18672
18672
18900
18916
18924
19089
19850
19937
19937
20186
20216
20781
20786
20898
20899
21000
21116
21251
21315
21377
21380
21399
21934
22210
22342
22364
22458
