27
28
219
245
459
459
461
642
643
734
851
858
859
869
870
870
878
1000
1131
1256
1267
1339
1486
1489
1508
1558
1612
1612
1612
1615
1728
1974
1974
1975
2101
2189
2225
2225
2227
2382
2386
2402
2402
2413
2413
2413
2455
2495
2495
2596
2929
3016
3016
3016
3016
3016
3016
3016
3016
3016
3187
3214
3514
3575
3578
3583
3603
3604
3652
3670
3788
3808
3831
3831
3865
3993
4235
4264
4264
4264
4287
4289
4460
4522
4569
4827
4830
4935
5172
5172
5172
5172
5172
5172
5172
5172
5172
5172
5172
5172
5172
5257
5325
5490
5490
5490
5642
5727
5755
5755
5755
5755
5755
5777
5971
5987
5995
5997
5998
6004
6008
6101
6170
6190
6262
6281
6343
6344
6401
6598
6627
6646
6646
6687
6687
6687
6688
6688
6688
6696
6782
6786
6881
7171
7219
7221
7344
7352
7417
7493
7502
7502
7502
7502
7502
7503
7504
7504
7542
7542
7557
7573
7573
7736
7736
7736
7742
7817
7903
7903
7903
7903
7913
7968
7968
7968
8119
8157
8169
8181
8181
8192
8202
8297
8393
8463
8527
8578
8578
8578
8672
8687
8687
8707
8708
8718
8719
8758
8828
8988
8988
8988
9152
9237
9254
9259
9285
9408
9408
9408
9625
9649
9670
9692
9729
9780
9799
9844
9844
9844
9844
9844
9844
9844
9844
9844
9844
9906
9906
9906
9978
10085
10094
10353
10403
10408
10475
10588
10650
10653
10740
10740
10740
11151
11159
11159
11165
11176
11179
11179
11188
11188
11188
11250
11294
11312
11313
11331
11355
11355
11365
11411
11467
11508
11570
11575
11614
11632
11632
11689
11689
11728
11989
12013
12029
12167
12300
12381
12433
12439
12505
12511
12515
12537
12553
12565
12598
12598
12723
12726
12757
12795
12877
12986
13011
13311
13443
13443
13493
13516
13519
13533
13533
13643
13656
13708
13805
13830
13927
14013
14013
14078
14118
14276
14315
14348
14348
14349
14349
14349
14351
14362
14362
14639
14668
14709
14783
14787
15070
15090
15119
15214
15216
15227
15251
15251
15301
15305
15327
15327
15328
15414
15424
15493
15510
15603
15603
15852
15912
15915
15978
16125
16132
16132
16368
16483
16490
16629
16641
16643
16644
16746
16910
16910
16930
16930
16930
17002
17045
17121
17291
17403
17424
17460
17460
17461
17463
17466
17466
17466
17466
17479
17479
17481
17481
17481
17481
17481
17574
17720
17720
17786
17836
17836
17849
17924
17924
17925
17940
17940
17940
17940
17940
17940
17940
17940
17948
18038
18043
18157
18157
18206
18208
18210
18464
18554
18554
18586
18592
18592
18627
18630
18630
18630
18644
18660
18671
18675
18678
18731
18733
18752
18752
18752
18753
18753
18753
18759
18759
18779
18830
18857
18900
18916
18929
19026
19046
19256
19272
19274
19278
19278
19278
19278
19437
19451
19451
19563
19589
19589
19660
19664
19678
19718
19839
19839
19939
20125
20153
20185
20338
20346
20466
20466
20600
20602
20614
20799
21239
21408
21438
21446
21470
21517
21651
21711
21934
21934
21934
21934
21934
21934
21934
22037
22063
22175
22247
22299
22299
22431
