313
359
478
585
725
737
798
908
992
1080
1314
1489
1489
1489
1508
1582
1698
2126
2189
2234
2234
2234
2381
2413
2481
2504
2596
2841
2963
3081
3118
3118
3310
3470
3514
3514
3550
3582
3583
3596
3603
3604
3604
3808
3808
3827
3831
3831
3868
4460
4576
4577
4578
4578
4713
4787
4813
4838
5184
5271
5386
5394
5394
5642
5644
5644
5755
5836
5914
5914
5914
5914
5986
5986
6008
6036
6036
6055
6098
6541
6871
6930
6974
7048
7201
7222
7230
7254
7317
7344
7344
7504
7680
7890
7989
8119
8134
8443
8445
8448
8449
8449
8450
8450
8463
8483
8607
8677
8700
8701
8701
8720
8988
9254
9488
9492
9500
9513
9532
9535
9647
9779
10240
10620
10743
10794
11054
11151
11312
11584
11762
12013
12032
12042
12167
12279
12433
12565
12565
12565
12565
12675
12675
12676
12726
12755
13320
13320
13436
13438
13512
13513
13516
13532
13678
13688
13770
13805
13827
13843
14011
14200
14207
14528
14745
14809
14981
15083
15098
15275
15300
15300
15300
15327
15327
15328
15572
15605
15706
15849
15891
15893
16095
16102
16296
16327
16328
16525
16627
16781
16797
16857
16930
16991
17001
17002
17087
17087
17336
17336
17336
17360
17460
17462
17507
17625
17786
17830
17949
18168
18211
18246
18673
18677
18814
18834
18916
18917
19278
19292
19292
19426
19429
19480
19560
19563
19738
19850
19853
19937
20500
20500
20589
21264
21494
21494
21660
21660
21793
21816
22333
22401
22426
