50
123
398
452
452
452
642
734
854
854
859
1131
1131
1131
1137
1170
1170
1170
1170
1170
1170
1170
1170
1182
1182
1212
1229
1229
1229
1753
1855
1884
1884
1884
1885
1885
1886
1886
1887
1887
2028
2028
2382
2413
2582
2582
2729
2784
2895
2929
2929
2929
2929
3582
3582
3582
3603
3603
3604
3604
3604
3686
3831
3831
4025
4025
4225
4225
4271
4271
4390
4398
4514
4514
4575
4805
4807
4813
4851
5290
5462
5462
5609
5642
5755
5987
6190
6245
6282
6327
6329
6386
6456
6708
6731
7230
7394
7490
7522
7534
7572
7573
7573
7573
7575
7647
7647
7705
7726
7726
7751
7849
7931
7986
8157
8157
8169
8181
8181
8181
8181
8181
8262
8428
8463
8670
8672
8720
8723
8828
8828
9000
9090
9191
9196
9196
9196
9329
9356
9372
9393
9394
9788
9844
9844
9844
9844
9844
9924
10011
10030
10030
10031
10032
10033
10033
10033
10033
10084
10084
10085
10253
10353
10355
10355
10355
10355
10391
10403
10403
10564
10592
10666
10787
10788
10812
10901
10901
11051
11132
11213
11213
11249
11250
11294
11297
11366
11366
11366
11366
11584
11584
11603
11780
11780
11794
11794
11794
11814
11814
11821
11821
11990
11990
12029
12263
12305
12511
12530
12530
12553
12565
12726
12736
12736
12828
12968
12968
13241
13311
13318
13318
13408
13434
13434
13434
13495
13620
13797
13814
13852
14022
14154
14212
14374
14378
14622
14858
14859
14976
15300
15300
15305
15328
15480
15503
15510
15888
15888
15889
15889
15889
15889
15889
15889
15889
15889
15889
15889
15889
16009
16295
16296
16296
16471
16473
16497
16623
16629
16658
16695
16737
16781
16848
16873
16873
16873
16875
16888
16902
16911
16913
16913
16934
16960
16988
16988
17001
17002
17002
17048
17145
17145
17308
17370
17468
17541
17557
17631
17779
17786
17786
17912
18017
18017
18017
18194
18194
18458
18481
18630
18630
18755
18779
18889
19027
19096
19278
19467
19467
19528
19528
19529
19531
20111
20122
20166
20335
20651
20799
20799
20805
20805
20805
20806
20806
20885
20908
20996
21041
21791
21985
22040
22072
22088
22266
22300
22300
22363
22431
