220
242
477
642
643
693
729
734
738
858
859
1134
1252
1506
1508
1605
1827
1827
1834
1858
2203
2413
2455
2585
2838
2965
2965
2982
3582
3622
3622
3622
3622
3622
3653
3653
3653
3727
3731
3731
3733
3748
3753
3848
3855
3855
3855
3855
3855
4787
4813
5314
5368
5385
5642
5719
5722
5940
5940
5954
6100
6542
6611
6639
6866
7190
7230
7254
7480
7490
7493
7493
7544
7557
7572
7573
7978
7986
7986
8134
8157
8157
8181
8181
8308
8329
8351
8351
8351
8351
8351
8351
8351
8354
8354
8481
8653
8673
8701
8701
8701
8723
8723
8723
9112
9323
9455
9829
9844
9844
9844
9844
9844
9844
10011
10043
10313
10317
10382
10391
10735
10742
10794
11107
11588
11611
11632
11632
11718
12027
12029
12029
12179
12179
12355
12449
12449
12511
12515
12553
12553
12939
13005
13012
13012
13223
13237
13511
13511
13518
13533
13654
13829
13997
14138
14139
14212
14702
15119
15167
15300
15730
15897
16439
16469
16546
16603
16627
16910
16910
16960
16960
17087
17089
17142
17257
17458
17479
17550
17592
17626
18017
18164
18206
18502
18549
18671
18755
18755
18755
18757
18757
18757
18773
18982
19486
19506
19517
19528
19555
19556
19563
19589
19841
19939
20602
20799
21128
21239
21324
21557
21691
21911
21911
21911
21913
21934
22089
22130
22210
22266
22431
22431
22431
22431
22431
22443
