47
464
737
899
935
959
1742
2009
2057
2070
2104
2381
2629
2752
2753
2929
2967
3514
3818
3831
4467
4467
4716
4716
4722
5215
5509
5509
5515
5623
5626
5626
6300
6301
6301
6301
6301
6331
6380
6386
6722
6729
6884
7085
7092
7222
7434
7453
7794
8039
8121
8707
8723
8723
8816
8827
9374
9396
9761
9761
9830
9844
9844
9844
9844
9925
10317
10391
10403
10443
10443
10540
10540
10578
10590
10812
11137
11140
11143
11143
11250
11250
11301
11363
11499
11756
12095
12495
12495
12495
12598
12990
13434
13460
13607
13607
13609
13770
14013
14018
14020
14020
14364
14364
14785
14853
15099
15189
15275
15306
15327
15328
16054
16107
16131
16132
16132
16132
16132
16132
16132
16132
16152
16546
16706
16781
16781
16888
16930
16930
17370
17460
17475
17481
17481
17498
17947
18367
18549
18803
18876
18878
18900
18900
18900
18924
19278
19479
19973
19973
19973
19973
20289
20437
20786
20962
20963
21116
21236
21261
21878
21934
22035
22052
22052
22052
22052
22052
22052
22052
22052
22072
22127
22228
22228
22228
22473
