223
313
328
465
496
643
734
734
734
742
742
742
859
859
859
859
988
1031
1036
1081
1139
1255
1751
1751
1774
1834
1878
2089
2104
2145
2178
2222
2225
2275
2402
2582
2600
2601
2601
2601
2601
2715
2722
2764
2838
2838
2838
2838
2838
3123
3562
3582
3582
3582
3582
3582
3582
3582
3582
3583
3603
3604
3604
3604
3604
3604
3731
3731
3731
3839
3850
3991
3994
4204
4204
4238
4326
4396
4396
4396
4396
4456
4569
4807
4954
4957
4965
5109
5267
5314
5330
5755
5755
5755
5756
5986
5986
5986
5986
6035
6133
6138
6178
6226
6358
6362
6611
6611
6611
6627
6655
6727
6786
6805
6837
6899
6899
6949
6976
6976
7199
7200
7222
7230
7244
7244
7244
7244
7244
7244
7244
7244
7244
7244
7244
7244
7244
7244
7310
7310
7344
7453
7490
7490
7490
7490
7490
7490
7490
7490
7493
7494
7494
7494
7495
7495
7530
7530
7530
7544
7573
7573
7573
7586
7588
7714
7986
7986
7989
8156
8156
8157
8181
8181
8181
8181
8206
8214
8266
8277
8426
8431
8481
8670
8708
8708
8723
8723
8735
8977
9037
9183
9183
9184
9254
9393
9428
9429
9532
9568
9638
9844
9844
9844
9844
9844
9980
10094
10094
10140
10145
10146
10169
10169
10169
10180
10180
10187
10197
10247
10403
10495
10740
10802
10936
10936
10936
10972
11103
11132
11150
11151
11151
11151
11242
11242
11242
11242
11242
11242
11242
11242
11297
11371
11401
11401
11401
11401
11524
11584
11600
11613
11862
11880
11880
11895
11907
11907
11990
12134
12406
12407
12515
12565
12604
12604
12604
12708
12742
12751
13072
13073
13074
13076
13076
13076
13288
13338
13403
13408
13413
13516
13517
13572
13572
13572
13572
13572
13573
13573
13656
13656
13656
13814
13816
13851
13852
13852
13871
13871
13871
13871
13871
13871
13871
13871
13871
13871
13871
13871
13871
13871
13871
13871
13871
13871
13874
13874
13874
13874
13874
13874
13874
13874
13874
13874
13882
13948
13983
14002
14082
14085
14085
14107
14208
14528
14528
14729
14819
14819
14819
14853
14986
15061
15180
15180
15366
15531
15531
15605
15616
15616
15626
15636
15647
15647
15648
15965
15966
16089
16132
16132
16132
16241
16423
16423
16463
16652
16659
16900
16902
16903
16930
16934
16939
16960
16996
16996
17001
17048
17122
17335
17336
17459
17475
17479
17484
17497
17541
17543
17563
17685
17723
17724
17743
17769
17932
17932
18171
18173
18620
18639
18685
18720
18727
18759
18759
18773
18883
18884
18884
18884
18884
18884
18884
18886
18886
18900
18900
18916
18929
19312
19490
19510
19528
19528
19529
19530
19713
19713
19850
19881
19983
19997
19997
19999
19999
19999
19999
19999
19999
19999
19999
19999
20000
20000
20087
20166
20230
20334
20466
20486
20723
20799
20869
20936
20943
20969
20992
21056
21071
21078
21155
21190
21190
21190
21191
21191
21191
21191
21191
21192
21343
21344
21344
21373
21399
21463
21567
21934
21934
21934
21956
21961
22089
22090
22090
22184
22231
22233
22233
22317
22339
22358
22364
22431
22431
22459
22616
22662
