592
593
643
643
646
734
737
817
817
817
817
817
817
821
822
823
823
823
1058
1059
1739
1985
2089
2089
2090
2090
2090
2090
2090
2091
2308
2382
2413
2413
2753
2763
2763
2870
3207
3400
3402
3412
3514
3514
3582
3582
3582
3603
3733
3831
3967
4041
4125
4387
4716
4813
5057
5292
5327
5417
5425
5644
5755
5755
5957
5986
6035
6393
6881
6881
6881
6881
6881
6881
6881
6881
6961
7126
7127
7200
7223
7230
7743
7752
7752
7752
7752
7753
7977
7977
8170
8476
8700
8700
8718
8718
8718
8718
8718
8719
8723
8723
8723
9077
9254
9306
9306
9306
9404
9761
9844
9844
9844
9894
10094
10253
10382
10382
10391
10403
10408
10547
10662
10740
10851
11150
11294
11294
11655
11684
11715
11715
11756
11756
11960
11960
11960
11960
11963
11964
11990
12092
12121
12185
12301
12301
12493
12511
12511
12563
12598
12598
12598
12598
12598
12598
12598
12598
12743
12877
12934
12955
12955
13135
13137
13137
13137
13137
13137
13137
13137
13139
13139
13141
13141
13212
13364
13364
13365
13365
13365
13450
13533
14086
14245
14348
14364
14659
14853
15099
15099
15301
15327
15328
15328
15501
15501
15533
15876
15877
15911
15941
16068
16132
16132
16132
16132
16132
16134
16449
16474
16622
16857
16899
16910
16961
16996
17032
17038
17038
17039
17039
17039
17039
17360
17360
17380
17380
17380
17403
17475
17481
17481
17481
17481
17481
17481
17481
17481
17481
17481
17481
17481
17542
17543
17563
17591
17591
17788
17924
17937
17937
17937
17937
18056
18127
18130
18367
18367
18472
18474
18492
18562
18603
18617
18620
18620
18630
18690
18690
18690
18731
18732
18732
18732
18732
18732
18732
18734
18889
18929
19176
19206
19296
19298
19529
19529
19839
19839
19839
19841
19852
19852
19864
19881
19949
19960
20148
20148
20182
20328
20329
20352
20352
20465
20479
20565
20584
20697
20799
20799
21122
21531
21691
21864
21934
22072
22175
22458
