477
778
859
1266
1716
2413
2413
2560
2839
2965
3666
3731
3753
3763
3831
3831
3849
4154
4154
4154
4426
4716
5188
5271
5661
5715
5716
5755
5755
5755
5755
5759
5760
5856
6001
6035
6393
6394
6394
6415
6456
6541
6541
6591
6593
6689
6729
6832
6837
6842
6842
6842
6864
6986
7437
7437
7438
7438
7573
8146
8181
8233
8463
8492
8608
8790
8816
8988
9102
9356
9494
9494
9494
9494
9494
9677
10381
10395
10502
10833
10833
10833
10833
10833
11839
11943
12029
12187
12433
12495
12495
12495
12512
12584
12604
12812
12911
13116
13116
13116
13162
13398
13403
13521
13817
13890
14048
14463
14818
14818
14818
15083
15291
15291
15738
15889
16010
16294
16471
17115
17249
17257
17481
17769
17833
17924
17947
17969
18353
18387
18502
18659
18659
18659
18759
18821
19112
19112
19365
19376
19455
19475
19704
19738
20334
20346
20421
20421
20614
20642
20716
20974
20977
21403
21934
21934
21934
22035
22035
22035
22090
22129
22229
22283
22663
22663
22663
