220
583
756
858
859
1040
1142
1143
1489
1489
1508
1518
1615
1621
1627
1698
1698
1698
1706
1742
1764
1817
1834
1834
1856
1859
2228
2306
2309
2402
2582
2582
2582
2635
2657
2839
3243
3243
3243
3583
3623
3731
3831
3831
3831
3831
3831
4026
4234
4235
4238
4239
4362
4362
4453
4615
4615
4615
4615
4615
4615
4615
4615
4615
4615
4615
4615
4615
4616
4616
4616
4616
4785
4806
5271
5293
5293
5296
5296
5296
5296
5386
5386
5386
5386
5386
5386
5443
5642
5642
5642
5753
5753
5755
5930
5971
5975
6043
6043
6043
6043
6043
6043
6049
6049
6049
6055
6162
6162
6162
6176
6190
6213
6213
6213
6236
6327
6327
6386
6386
6388
6396
6396
6548
6687
6688
6688
6688
6785
6787
6905
6973
7058
7058
7058
7116
7222
7222
7341
7434
7493
7493
7493
7503
7503
7503
7557
7572
7572
7573
7573
7573
7573
7575
7586
7586
7882
7903
7907
7907
7986
8170
8181
8181
8214
8297
8324
8328
8328
8329
8332
8339
8345
8345
8345
8345
8345
8345
8345
8345
8345
8411
8411
8411
8426
8426
8527
8707
8775
8775
8816
8816
8827
8827
8827
8827
9023
9254
9254
9254
9351
9382
9805
9844
9844
9844
9844
9844
9844
9844
9844
9844
10403
10403
10403
10403
10403
10403
10432
10590
10802
10972
10972
10972
10972
10972
11030
11030
11030
11103
11107
11151
11161
11162
11170
11176
11250
11312
11312
11363
11363
11371
11371
11371
11479
11479
11479
11480
11480
11481
11481
11481
11481
11482
11482
11482
11483
11483
11483
11483
11483
11484
11484
11484
11484
11484
11484
11484
11484
11484
11575
11598
11613
11613
11849
11963
11990
11990
12083
12121
12130
12511
12511
12511
12511
12511
12511
12553
12553
12565
12565
12565
12565
12565
12598
12598
12732
12732
13474
13720
13888
13888
14018
14018
14073
14107
14107
14111
14112
14187
14356
14586
14592
14593
14658
14665
14847
15001
15013
15104
15180
15180
15598
15616
15616
15616
15616
15616
16108
16484
16495
16495
16495
16496
16496
16718
16720
16888
16900
17002
17002
17068
17127
17328
17328
17330
17370
17458
17458
17458
17460
17470
17481
17481
17481
17481
17481
17587
17587
17619
17786
17836
17836
17836
17836
17836
17845
17856
17857
17860
17860
17860
17865
17865
17865
17869
17869
17869
17869
17870
17982
18039
18194
18211
18494
18501
18555
18555
18603
18638
18759
18759
18884
18888
18889
18889
18889
18916
19278
19278
19281
19281
19281
19281
19281
19281
19281
19281
19283
19437
19437
19515
19577
19922
19974
20017
20089
20096
20173
20306
20421
20614
20737
20737
20786
21321
21377
21377
21377
21378
21378
21387
21394
21394
21394
21414
21414
21441
21934
21934
21934
21934
21934
22342
22342
22342
22342
22342
22398
22457
22459
22459
22564
22564
