216
329
436
1297
1301
1508
2375
3187
3518
3603
3674
3678
3758
3758
3866
3962
4615
4615
4615
4615
4616
4964
5221
5479
5643
5643
5755
5971
5986
5986
6627
6735
7222
7222
7222
8157
8157
9835
9844
9844
10014
10096
10257
11179
11249
11249
11312
11371
12060
12495
13779
14853
14853
15099
15328
15328
16133
16486
17291
17865
17865
17865
17880
17880
17880
17881
18671
18755
18755
18773
18779
19101
20277
20277
20277
20421
20421
20852
21243
21245
21416
21419
21473
21484
21494
21806
21811
21811
21811
21813
21816
21816
21838
