64
65
126
126
126
126
668
883
1872
1872
2220
2753
2769
2772
2772
2869
3496
3514
3514
3514
3550
3551
3582
3582
3582
3603
3603
3603
3831
4125
4569
4780
4976
4993
5035
5057
5215
5463
5602
5642
5643
5655
5898
5933
6103
6731
6735
6837
7336
7351
7514
7529
7529
7529
7657
7849
8495
8495
8701
8708
9237
9264
9844
9844
10094
10403
10408
10509
11054
11054
11054
11054
11057
11057
11057
11599
11672
11986
11995
12059
12059
12254
12301
12444
12444
12565
12580
12715
12715
12715
12715
12751
12751
12755
12797
12834
12836
12849
13917
14025
14086
14087
14087
14088
14402
14835
14996
15360
15454
15454
15454
15545
15873
15940
16002
16407
16559
16561
16561
16658
16772
16772
16772
16886
16900
16934
17108
17263
17331
17438
17463
17509
17526
18660
18755
19156
19156
19225
19312
19312
19522
20175
20273
20273
20273
20477
21000
21000
21121
21188
21188
21188
21293
21293
21293
21367
21587
21599
21778
21838
21934
22081
22089
22090
22107
22228
22616
22616
