126
313
858
859
1022
1058
1058
1123
1827
2604
2994
3207
3582
3604
4453
4813
5800
5802
5802
5802
5802
5802
5805
5805
6174
6174
6593
7108
7222
7389
7443
7542
7953
8329
8426
8607
8671
8775
8883
8883
9399
9410
9671
10491
10972
11070
11070
11178
11242
11242
11242
11249
11249
11250
11557
11575
11740
11990
12565
12565
12713
12715
12715
12715
12715
12736
12933
13191
13948
14223
14499
15050
15255
15303
15425
15730
16131
16131
16174
16202
16202
16627
16991
17135
17274
17466
17475
17481
18755
18886
18900
18924
19455
19455
19455
19463
19463
19528
19529
19531
19554
21503
21503
22408
