25
63
126
157
269
495
693
725
734
734
836
852
853
858
858
859
859
1131
1143
1314
1333
1489
1489
1500
1500
1502
1502
1502
1502
1612
1612
1612
1612
1612
1698
1751
2176
2209
2287
2298
2306
2413
2487
2491
2517
2635
2839
2841
2849
2851
2929
2965
2976
2976
3514
3514
3514
3550
3550
3574
3574
3574
3574
3574
3574
3574
3574
3574
3582
3582
3582
3583
3603
3603
3652
3808
3831
3831
3867
3867
3867
3936
3988
3988
4041
4304
4320
4387
4408
4453
4460
4602
4644
4708
4710
4747
4780
4787
4787
4796
5201
5215
5215
5215
5267
5455
5509
5530
5728
5802
5876
5882
5911
5940
5940
6122
6162
6286
6291
6327
6330
6341
6344
6396
6397
6397
6439
6482
6627
6638
6712
6789
6856
6863
6881
6881
6881
6942
6972
6976
7139
7194
7208
7218
7222
7222
7227
7230
7230
7310
7310
7310
7495
7504
7504
7544
7557
7572
7572
7572
7572
7573
7647
7702
7714
7897
7953
7953
7959
7977
7986
7986
8119
8121
8157
8181
8211
8266
8404
8404
8443
8443
8443
8687
8701
8711
8717
8720
8720
8720
8723
8725
8816
8827
9254
9281
9281
9340
9382
9513
9676
9684
9684
9684
9684
9684
9684
9684
9684
9684
9684
9684
9805
9844
9844
9844
9844
9844
9972
10030
10084
10121
10121
10121
10246
10246
10313
10339
10391
10391
10392
10403
10403
10408
10535
10547
10653
10791
10791
10791
10794
10812
11200
11215
11216
11249
11575
11656
11755
11755
12002
12185
12186
12210
12305
12305
12440
12441
12441
12441
12511
12511
12511
12511
12511
12537
12553
12553
12558
12580
12580
12580
12581
12598
12598
12598
12672
12672
12672
12672
12672
12678
12686
12694
12736
12796
12877
12941
12947
12988
13271
13271
13271
13271
13408
13408
13408
13511
13532
13532
13533
13598
13643
13656
13656
13656
13656
13656
13656
13748
13805
13830
13851
13927
13983
14083
14246
14348
14483
14626
14853
14858
14858
14858
14859
14859
14912
15202
15251
15300
15300
15300
15328
15367
15530
15539
15539
15540
15540
15540
15540
15540
15665
15683
15686
15730
15738
15861
15985
15992
16060
16131
16474
16476
16497
16501
16546
16731
16731
16829
16886
16912
16933
16934
17001
17001
17043
17044
17048
17135
17296
17368
17375
17466
17466
17475
17479
17479
17481
17481
17481
17481
17481
17481
17526
17592
17788
17933
17941
17998
17998
18069
18069
18154
18164
18202
18202
18206
18206
18206
18206
18206
18208
18210
18210
18246
18353
18413
18523
18555
18562
18603
18620
18630
18644
18671
18671
18731
18731
18759
18759
18759
18759
18787
18825
18838
18838
18884
18900
18924
19292
19298
19490
19501
19563
19705
19705
19839
19839
19841
19850
19850
19850
19850
19850
20075
20139
20155
20165
20335
20421
20485
20495
20669
20674
20784
20786
20799
20908
20923
20923
20923
21131
21131
21132
21164
21239
21290
21290
21290
21517
21696
21696
21696
21696
21697
21725
21725
21727
21829
21849
21910
21934
21934
21934
21934
21934
21961
21961
22026
22052
22052
22089
22232
22232
22280
22303
22363
22431
22431
