85
296
464
734
859
999
1058
1314
1330
1330
1489
1786
1813
2175
2176
2176
2205
2402
2413
3603
3603
3603
3813
3813
3831
4125
4384
4384
4401
4453
4491
4569
4569
4802
4807
5215
5215
5569
5569
5603
5626
5642
5661
5755
5755
5756
5794
5794
5956
5956
5986
5987
6004
6004
6101
6162
6299
6300
6302
6584
6584
6584
6864
6864
6923
6928
7223
7480
7493
7586
7637
7986
8281
8972
9037
9073
9151
9151
9488
9609
9609
9780
10391
10551
10592
10662
10670
10858
10901
10901
10901
11103
11584
11794
11872
11965
11990
12168
12223
12382
12382
12515
12565
12619
12708
12715
12927
12963
12963
13370
13518
13656
13809
13852
14228
14671
14730
14808
14853
14853
14853
14853
15100
15100
15177
15242
15300
15390
15488
15603
15799
15867
15889
15911
16132
16132
16132
16132
16132
16132
16132
16132
16225
16463
16497
16505
16900
16939
16990
17002
17002
17336
17360
17466
17481
17481
17526
17676
17676
17676
17676
17677
17677
17688
17704
17730
17730
17764
18006
18054
18206
18206
18206
18757
18841
18889
18924
18929
19106
19106
19475
19841
19951
19954
20479
20580
20580
21081
21382
21934
22320
22320
22431
