219
269
642
729
1131
1131
1132
1489
1702
1702
1717
2061
2275
3514
3582
3582
3582
3763
3987
4041
4041
4179
4287
4453
4721
4948
5062
5062
5569
6311
6396
6396
6919
7106
7116
7208
7503
7503
7930
8184
8184
8184
8184
8493
8650
8650
9340
9399
9488
9592
9780
10367
10485
10972
11249
11528
11689
12254
12627
13203
13462
13462
13462
13462
13462
13463
13817
13959
14348
14849
14858
14858
14858
14859
14859
15100
15100
15100
15305
15313
15328
15889
15889
16438
16627
16737
16915
16952
16952
17002
17144
17329
17481
17481
17947
17995
17995
18076
18562
18562
18630
18755
18889
18889
18889
18889
18900
19510
19522
19850
19976
19977
20165
20174
20174
20808
20809
20817
21691
21911
22052
22052
