50
162
506
506
543
543
543
573
582
605
643
646
646
668
668
668
668
727
731
734
798
859
859
859
875
1040
1059
1059
1059
1059
1134
1143
1279
1518
1518
1518
1518
1518
1518
1518
1615
1621
1702
1751
1791
1883
1915
1934
1974
1991
2171
2176
2274
2381
2396
2413
2447
2447
2594
2635
2635
2635
2635
2674
2674
2730
2780
2851
3500
3514
3556
3574
3574
3574
3574
3582
3582
3582
3582
3582
3583
3589
3603
3603
3604
3604
3604
3717
3731
3748
3748
3755
3831
3866
3891
3962
3962
3984
4178
4514
4612
4615
4615
4621
4643
4695
4716
4794
4807
4813
4842
5001
5011
5012
5062
5222
5271
5383
5394
5437
5508
5642
5643
5755
5755
5755
5755
5756
5756
5900
5971
5975
5979
5979
6035
6049
6053
6133
6142
6142
6142
6142
6327
6344
6370
6393
6396
6397
6470
6541
6545
6584
6584
6584
6584
6586
6592
6731
6841
6847
6848
6899
6986
6986
6986
7005
7012
7028
7030
7030
7030
7030
7030
7030
7030
7030
7030
7030
7030
7030
7030
7031
7032
7222
7230
7230
7319
7371
7494
7572
7573
7575
7736
7736
7757
7758
7940
8157
8170
8181
8202
8211
8227
8233
8242
8247
8247
8247
8266
8707
8720
8723
8723
8816
8816
8984
8988
9017
9017
9023
9082
9126
9306
9330
9330
9330
9394
9394
9394
9394
9647
9684
9684
9684
9684
9715
9791
9805
9844
9844
9844
9844
9844
9844
10000
10011
10084
10084
10084
10084
10313
10331
10393
10403
10427
10441
10441
10444
10547
10578
10682
10682
10812
10873
10878
10892
10972
10982
11002
11030
11103
11103
11133
11151
11159
11179
11294
11367
11585
11586
11588
11611
11622
11920
11920
11920
11920
11960
11960
11960
11965
11984
12029
12029
12134
12251
12487
12495
12510
12511
12511
12512
12538
12565
12566
12581
12867
12911
12934
12934
13076
13076
13116
13121
13121
13121
13121
13121
13121
13121
13121
13121
13121
13121
13138
13201
13236
13506
13544
13579
13786
13797
13821
13852
13962
13995
14018
14208
14237
14378
14777
14853
14858
14990
14990
14996
15001
15072
15099
15121
15310
15310
15327
15327
15367
15407
15588
15588
15589
15598
15931
16097
16132
16199
16209
16212
16322
16368
16497
16505
16631
16888
16913
16960
17001
17002
17043
17043
17043
17048
17094
17122
17328
17422
17422
17475
17481
17481
17481
17481
17481
17481
17592
17627
17627
17776
17786
17836
17836
17865
17865
17865
17865
17865
17865
17865
17869
17932
17940
17998
18058
18201
18206
18206
18206
18208
18208
18210
18216
18505
18589
18689
18689
18689
18689
18727
18728
18745
18755
18755
18769
18769
18889
18932
18932
18932
18935
19027
19029
19096
19112
19269
19297
19312
19475
19514
19529
19555
19591
19604
19606
19850
20055
20055
20055
20090
20334
20372
20479
20587
20587
20624
20626
20626
20638
20639
20762
20786
20805
20805
20805
20805
20805
20873
20875
20921
21013
21297
21300
21321
21376
21399
21413
21417
21417
21422
21453
21455
21696
21709
21727
21839
21961
22050
22075
22159
22342
22362
22363
22462
