123
222
223
226
247
247
247
705
734
734
734
734
801
804
957
957
957
1131
1131
1138
1183
1224
1224
1225
1243
1277
1277
1277
1277
1279
1321
1518
1518
1518
1518
1650
1717
1717
1717
1742
1742
1781
1952
1954
1955
2014
2018
2018
2018
2018
2018
2018
2018
2018
2019
2019
2019
2019
2019
2019
2019
2019
2019
2019
2019
2019
2019
2019
2019
2019
2221
2221
2402
2413
2841
3637
3637
3637
3637
3695
3731
3837
4001
4002
4002
4002
4002
4275
4363
4363
4363
4364
4365
4467
4514
4535
4535
4606
4687
4723
5327
5386
5386
5386
5386
5386
5386
5463
5463
5563
5563
5563
5563
5563
5563
5565
5565
5565
5565
5565
5602
5661
5755
5755
5755
5755
6327
6541
6541
6743
6912
7223
7230
7230
7230
7230
7369
7369
7370
7370
7371
7434
7444
7451
7451
7451
7451
7451
7451
7451
7451
7451
7451
7451
7451
7451
7451
7451
7452
7452
7452
7452
7490
7490
7493
7557
7557
7557
7572
7600
7600
7600
7600
7608
7608
7788
7897
7899
7899
7899
7899
7899
8157
8157
8157
8431
8431
8431
8431
8431
8431
8431
8431
8431
8431
8431
8431
8431
8431
8431
8433
8433
8437
8437
8437
8437
8437
8466
8592
8700
8701
8718
8720
8720
8723
8828
8858
9021
9082
9082
9082
9082
9082
9082
9084
9084
9084
9254
9254
9566
9625
9633
9633
9633
9638
9665
9755
9844
9844
9844
10014
10014
10014
10313
10392
10403
10403
10403
10450
10571
10572
10574
10972
10972
10972
10972
10972
11012
11366
11366
11366
11369
11376
11377
11377
11377
11584
11632
11711
11794
11794
11809
11809
11809
11809
11809
11809
11809
11810
11810
11814
11814
11814
11814
11824
12029
12029
12029
12032
12115
12115
12115
12115
12115
12115
12115
12115
12115
12117
12117
12117
12117
12117
12117
12117
12117
12117
12117
12118
12118
12479
12553
12553
12553
12553
12553
12565
12565
12604
12797
12846
12846
12867
12867
12867
12867
12867
12867
12867
12867
12867
12867
12867
12867
12867
12867
12867
12867
12872
12872
13076
13219
13408
13493
13493
13493
13656
13809
13809
13813
13813
13813
13813
13813
13814
13821
13928
13928
13948
13948
13948
13964
14053
14116
14116
14116
14116
14116
14216
14216
14481
14629
14990
14990
14990
14990
14990
14990
14990
15070
15083
15083
15083
15083
15083
15083
15083
15083
15083
15086
15086
15616
15737
16069
16132
16209
16210
16234
16606
16606
16606
16934
16939
16939
16939
17001
17124
17124
17124
17124
17126
17126
17308
17345
17401
17401
17401
17403
17509
17676
17676
17708
17708
17708
17708
17708
17709
17723
17723
17724
17725
17725
17741
17741
17741
17741
17759
17759
17759
17759
17759
18494
18582
18582
18759
18814
18817
18817
18817
18817
18817
18818
18889
18889
18900
18918
18924
18929
19295
19295
19481
19481
19481
19481
19531
19577
19896
20175
20624
20626
20627
20794
20799
20851
20852
20866
21595
21595
21597
21710
21710
21784
21934
21934
21934
21934
21934
21934
21934
21934
21934
21934
21934
21934
21934
21934
22363
22363
22363
22460
