255
256
398
398
686
725
729
858
858
858
885
1293
1317
1336
1703
1733
2402
2402
2402
2413
2582
2970
3556
3582
3582
3582
3582
3604
3604
3790
3831
3839
3845
3882
3882
3914
3962
4403
4435
4521
4535
4802
4885
5314
5324
5324
5324
5381
5490
5541
5569
5569
5569
5569
5713
5713
5986
6178
6355
6386
6555
6625
6785
6986
7200
7490
7503
7557
7729
8202
8308
8431
8449
8454
8596
8701
8708
8801
8988
9131
9131
9329
9877
9920
10740
10890
10972
11178
11312
11528
11558
11559
11584
11613
11944
12121
12213
12510
12565
12565
12619
12672
13357
13518
13521
13770
13770
13770
13780
13851
13852
14018
14018
14104
14104
14113
14115
14236
14348
14364
14849
14858
14858
15300
15328
16347
16368
16546
16930
16960
16960
17267
17308
17460
17574
17757
17940
17998
18038
18355
18689
18690
18759
18773
18813
18918
19105
19437
19568
19604
19874
20087
20087
20139
20642
20671
20775
20875
20875
21128
21441
21775
21787
21804
22054
22054
22054
22055
22066
22067
22179
22238
22621
22621
22621
