27
176
176
178
477
477
478
492
492
734
734
858
1029
1131
1131
1131
1131
1131
1131
1131
1131
1131
1131
1131
1131
1131
1131
1131
1131
1131
1131
1183
1183
1183
1200
1267
1514
1627
1698
1698
1763
2016
2105
2105
2105
2105
2126
2402
2402
2402
2402
2413
2484
2484
2596
2635
2635
2645
2657
2839
2914
3207
3310
3582
3583
3603
3603
3603
3603
3603
3603
3603
3603
3603
3614
3849
3866
4257
4463
4463
5271
5271
5755
5755
6162
6181
6314
6317
6317
6612
6686
6687
6688
6688
6688
6688
6704
7199
7344
7352
7434
7503
7544
7572
7572
7572
7736
7903
7903
7959
7959
8057
8057
8057
8057
8057
8057
8057
8057
8121
8216
8329
8329
8377
8672
8725
8725
8816
8816
8816
8816
8827
8871
8871
8871
8871
8871
8871
8871
8871
8875
8988
9191
9208
9254
9254
9254
9469
9625
9625
9625
9625
9625
9625
9844
9844
9844
9844
9844
9844
9844
9844
9844
9844
9844
9844
9844
9844
10084
10094
10117
10117
10391
10391
10391
10391
10403
10419
10438
10499
10632
10719
10795
10812
10812
10972
11008
11029
11054
11054
11054
11054
11054
11054
11054
11054
11054
11055
11055
11153
11156
11159
11176
11176
11264
11294
11312
11371
11401
11401
11557
11584
11762
11823
11823
11823
11880
11880
11900
12001
12212
12280
12511
12511
12511
12511
12891
13411
13438
13518
13533
13533
13620
13748
13748
14180
14181
14248
14311
14348
14535
14615
14671
14788
14912
15558
15598
15605
15616
15738
15740
15911
15915
15915
16352
16556
16556
16888
16888
16919
16931
16941
16996
17001
17001
17044
17296
17308
17310
17328
17334
17370
17403
17481
17481
17481
17481
17481
17481
17481
17860
18169
18213
18271
18322
18324
18324
18324
18325
18325
18325
18325
18325
18325
18325
18325
18458
18555
18555
18555
18555
18562
18563
18590
18590
18590
18590
18590
18590
18590
18590
18630
18699
18699
18759
18834
18834
18837
18916
18929
19256
19256
19256
19278
19278
19278
19297
19297
19437
19437
19455
19475
19555
19555
19555
19555
19555
19555
19555
19563
19563
19563
19587
19607
19677
19839
19850
19864
20078
20080
20080
20081
20139
20181
20207
20207
20272
20277
20479
20479
20799
20799
20799
20880
20882
21039
21039
21116
21494
21691
21691
21934
22050
22080
22159
22424
22424
22424
22424
22424
22424
22424
22424
22456
