355
438
438
507
706
734
734
853
858
859
901
954
1131
1143
1245
1388
1388
1397
1440
1489
1489
1622
1698
1698
1705
1751
1786
1932
2082
2277
2381
2402
2422
2594
2596
2635
2635
2691
2841
3222
3582
3582
3582
3582
3582
3604
3604
3604
3604
3604
3673
3731
3831
3831
3831
3831
3962
4041
4283
4406
4463
4467
4716
4716
4805
4805
5011
5057
5072
5072
5072
5072
5585
5642
5642
5642
5898
6055
6370
6400
6400
6411
6453
6472
6475
6540
6696
6731
6899
6917
6930
6943
6972
7114
7135
7200
7200
7200
7200
7208
7434
7434
7490
7493
7498
7504
7557
7557
7557
7573
7573
7788
7845
8095
8187
8300
8373
8373
8492
8549
8549
8549
8701
8723
8723
8827
9047
9196
9196
9254
9383
9394
9460
9510
9784
9844
9844
9844
10084
10084
10094
10253
10382
10391
10570
10681
10719
10912
10912
10912
10912
10913
10972
11054
11107
11145
11151
11213
11294
11506
11508
11508
11508
11518
11524
11575
11584
11615
11684
12015
12031
12032
12302
12302
12302
12495
12511
12538
12538
12538
12539
12565
12762
12795
13074
13137
13209
13338
13805
13948
14020
14082
14087
14362
14459
14600
14635
14645
15070
15070
15070
15087
15121
15246
15306
15306
15327
15328
15458
15685
16132
16172
16322
16546
16561
16561
16561
16561
16561
16561
16561
16562
16562
16562
16627
16857
16910
16910
16910
16960
17048
17056
17108
17263
17375
17466
17526
17526
17949
18017
18017
18268
18424
18589
18630
18642
18663
18690
18713
18757
18816
18900
18916
18929
18932
19437
19465
19528
19528
19534
19555
19555
19555
19555
19558
19558
19563
19587
19677
19720
19844
20381
20659
20669
20799
20802
20908
21026
21026
21252
21515
21516
21516
21516
21727
21730
21742
21866
22089
22089
22089
22159
22211
22217
22227
22232
22250
22339
22394
22397
22431
