429
436
437
437
464
464
465
465
835
979
1131
1243
1243
1380
1380
1417
2220
2225
3207
3256
3256
3256
3518
3603
3698
4807
4938
4943
4943
4943
4943
4943
6212
6413
6627
6640
6863
6864
6864
6912
6915
6986
7062
7573
7939
7939
7939
7939
7939
8121
8205
8207
8229
8317
8317
8317
8731
8816
8816
8816
8816
8816
8816
10024
10024
10024
10024
10024
10257
10403
10741
10833
10833
10835
10835
11151
11242
11242
11242
11249
11411
11411
11412
11430
11891
11900
12495
12495
12495
12495
12565
12610
12820
12820
12877
12888
12891
12998
13670
13671
13671
13778
14199
14628
14993
15437
15437
15487
15487
15572
15984
15984
15984
15984
16054
16569
16790
16792
16930
17046
17046
17334
17334
17403
17481
17481
17481
17769
17947
17947
18523
18725
18884
18884
19030
19364
19364
19555
19669
19759
19759
19783
19839
19849
21367
21662
21934
22673
