426
917
1418
1572
1574
1749
1848
1848
1896
1896
1913
1913
2152
2424
2570
3150
3598
3689
3714
3824
3942
3951
4294
4480
4480
4571
4571
4571
4571
4640
5633
5857
6524
6524
6524
6524
6524
7197
7287
7287
7709
7722
7761
7978
7999
8280
8280
10126
10163
10180
10206
10219
10219
10219
10564
10882
10904
11784
12110
12447
12454
12561
12678
13297
13445
13468
13480
13828
13893
14016
15051
15408
15467
15551
15624
15679
15683
15785
16786
16941
17055
17149
17149
17149
17207
17302
17545
17953
18029
18670
19011
19011
19011
19011
19011
19011
19011
19011
19011
19011
19011
19017
19017
19017
19017
19017
19017
19017
19110
19140
19550
20239
20338
20755
20755
21069
21329
21555
21643
22567
22568
22647
22734
22750
22750
22892
22903
22907
22907
22907
22907
22908
22932
23510
23510
23513
23513
23514
23515
23515
23515
23706
23706
23937
24015
24015
24015
24015
24048
24073
24612
24981
25099
25883
26039
26409
26409
26632
26647
26720
26991
27232
27232
27232
27619
27655
27678
27695
27971
28227
28230
28325
28378
28509
28509
28569
28569
28623
28760
28771
28921
29295
29532
29640
29733
29780
29802
29802
29983
29992
30168
30168
30202
30471
30471
30477
30596
30692
30896
30987
30987
31141
31141
31202
31202
31202
31219
31282
31395
31563
31993
31993
31994
32002
32003
32003
32187
32226
32465
32465
32564
32768
32768
32768
32795
32856
32995
33116
33183
33316
33509
33687
33687
33921
33964
33965
33966
33983
34050
34050
34050
34323
34424
34438
34484
34488
34488
34488
34488
34489
34496
34829
34829
34829
34833
34833
34859
34859
35059
35157
35157
35253
35332
35425
35534
35570
35611
35622
36031
36260
36297
36297
36297
36298
36312
36365
36415
36578
36578
36578
36583
36832
37061
37062
37062
37064
37064
37064
37064
37064
37064
37064
37172
37172
37295
37296
37297
37618
37790
37964
38094
38158
38158
38158
38228
38228
38328
38342
38349
38653
38654
38654
38654
38677
38845
38845
38845
39103
39217
39217
39327
39365
39370
39370
39379
39490
39502
39534
40196
40341
40606
40643
40750
41052
41193
41651
41865
41986
42020
42020
42068
42088
42096
42096
42103
42148
42284
42418
42418
42418
42418
42418
42418
42418
42703
43129
43129
43129
43129
43129
43355
43355
43371
43407
43835
43835
43837
43838
44063
44232
44543
45954
45954
45966
45966
45966
46180
46400
46405
46405
46413
46498
46498
46732
46732
46810
46837
46854
47184
47310
47344
47344
47349
47698
47698
47698
47698
47698
47701
47701
47705
47818
47818
47884
48096
48096
48096
48355
48363
48919
49211
