155
155
310
578
782
789
904
906
930
1022
1119
1159
2644
3533
3587
4571
4762
4788
6259
7172
7617
7896
7896
7896
8140
8140
8956
8956
8956
9691
10959
10977
10989
10998
11588
12007
12015
12015
12156
12683
12683
12683
12683
12683
14716
15260
15526
15807
16268
16467
16467
16956
16972
17094
17094
17165
17233
17448
19057
19248
19249
19670
19680
20055
20654
21329
21329
21354
21427
21639
22502
22502
22601
23706
23842
24933
24969
25638
25892
25921
25927
25928
25928
26053
26422
26422
27009
28296
28509
28509
28696
30651
30890
32174
32564
33041
33194
34034
34424
34424
34488
34488
34488
34488
34489
34489
34489
34489
34489
34661
35110
35253
35253
35450
35450
35991
35991
35991
36029
36029
36186
36186
36434
36594
37263
37416
37451
37451
37452
37452
37660
37861
37913
37913
38315
39110
39862
40024
40971
40972
40980
41209
42431
42431
42437
42440
42440
42818
42818
43658
43955
45263
45725
45725
45728
46588
46917
46917
46917
46917
46917
46917
46917
47223
47223
47453
48294
48987
