154
417
496
685
932
1010
1010
1159
1325
1913
2245
2246
2249
2249
2249
2424
2424
2713
2731
2731
3150
3390
3692
3723
3768
3806
3885
3927
4571
4607
4607
4607
4607
5026
5113
5133
5133
5178
5503
5715
5784
6042
6765
6765
6765
6791
6812
7059
7371
7431
7431
7756
8206
8227
8276
8314
8362
8414
8423
8621
8800
8951
9179
9196
9731
9867
10163
10163
10216
10217
10217
10498
10624
10757
10902
10902
10902
10902
10939
10964
11492
11542
11542
11621
11785
12110
12154
12264
12279
12414
12414
12414
12414
12532
12702
12804
12814
12870
12951
12971
13049
13121
13121
13140
13140
13175
13284
13297
13370
13477
13506
13624
13738
14009
14016
14121
14539
15051
15051
15467
15683
15735
15974
16156
16156
16165
16447
16447
16447
16472
16472
16524
16652
16711
16743
16854
17068
17369
17404
17461
17799
17799
17832
17878
17912
18298
18298
18381
18668
18873
18982
19011
19011
19651
19651
19658
19658
19665
19665
19665
19666
19774
19774
19776
20210
20250
20515
20732
20780
21639
21689
21875
21884
21957
21957
21957
21967
21974
22015
22018
22019
22019
22019
22019
22019
22024
22024
22065
22230
22579
22747
22831
22903
22907
22907
22907
22907
22907
22907
22907
22907
23167
23167
23167
23245
23294
23515
23531
23531
23706
23706
23804
24051
24325
24325
24381
24381
24532
24920
25135
26049
26120
26120
26120
26122
26401
26495
26666
26700
27073
27183
27280
27280
27280
27280
27280
27428
27541
27575
27674
27674
27674
27678
28509
28578
28578
28624
28629
28645
28695
28760
28856
29133
29307
29321
29339
29392
29409
29593
29593
29828
29934
29944
29971
30080
30087
30267
30277
30304
30304
30413
30414
30414
30443
30698
30698
30698
30698
30698
30698
30714
30881
30882
30882
30882
30890
30890
30892
30898
30903
30903
30903
30903
30903
30907
30907
30907
30907
30907
30907
30910
30987
31015
31015
31015
31015
31043
31043
31043
31056
31374
31721
31736
32258
32763
32765
32765
32769
32856
32874
32887
33583
33657
33706
33950
33966
34050
34060
34060
34060
34060
34060
34060
34060
34060
34204
34324
34389
34424
34472
34482
34488
34519
34859
34976
35331
35450
35450
35522
35610
35620
35916
35968
36078
36105
36107
36178
36178
36178
36178
36178
36178
36178
36184
36209
36309
36437
36437
36697
37064
37064
37064
37064
37064
37064
37064
37064
37084
37084
37196
37243
37264
37276
37295
37295
37295
37298
37315
37332
37332
37338
37828
37861
37917
38121
38143
38338
38342
38418
38460
38464
38608
38653
38654
38799
39283
39290
39294
39304
39304
39350
39385
39611
39917
39917
39944
39944
39949
39949
39949
39949
39949
39952
40028
40320
40570
40571
40571
40624
40648
40784
40869
41018
41112
41154
41171
41193
41406
41406
41406
41543
41803
42372
42391
42418
42418
42418
42668
42745
42798
42887
42975
43089
43129
43207
43480
43631
43680
43976
43977
43977
43977
43997
43997
44026
44026
44237
44741
45728
45814
45836
46135
46164
46164
46451
46620
46665
46665
46732
47008
47163
47163
47163
47177
47184
47266
47268
47356
47376
47486
47488
47698
47818
48150
48477
48608
48674
48720
48772
48971
