403
403
410
410
412
1049
1314
1777
1810
1913
1913
2070
2228
2303
3046
3046
3150
3150
3150
3150
3346
3513
3951
3951
4225
4632
5133
5197
5197
5197
5197
5292
6643
6971
7197
7197
7287
7287
7661
7661
7661
7896
8059
8064
8649
8837
8837
8837
8837
8837
8837
8837
9199
9637
9637
9692
9813
10433
10433
10433
10439
10439
10439
10447
10448
10448
10452
10805
10836
11502
11738
12279
13121
13136
13296
13462
13489
13680
13893
13975
14239
15467
15506
15510
16444
16742
18132
18867
18930
19110
19670
19859
19859
19859
19859
19861
20055
20205
20207
20327
20877
21141
21281
21412
21680
21889
22046
22077
22155
22964
23245
23322
23472
23520
23706
24072
24072
24072
24072
24385
24490
24698
25313
26039
26193
26373
26425
26509
26614
26776
27410
27464
27464
27541
27541
27557
27557
27557
27557
27603
27655
27724
27734
27734
27780
28262
28274
28274
28509
28569
28569
28569
28569
28590
28716
28987
29409
29631
29631
29631
29813
29828
29847
30422
30422
30717
30717
30882
30890
30890
30890
30890
31052
31145
31163
32017
32129
32129
32129
32129
32683
32766
32856
33477
33562
34424
34427
34427
34580
35294
35294
35450
35463
35502
36078
36078
36099
36146
36248
36352
36437
36492
36882
37206
37208
37264
37320
37356
37356
37356
37464
37464
37471
37927
38100
38100
38100
38100
38100
38165
38165
38256
38286
38326
38327
38327
38328
38523
38549
38552
38655
38910
38998
39101
39101
39673
39681
39687
39687
40042
40192
40784
40971
40981
41047
41185
41185
41193
41587
41618
42257
42284
42311
42462
42819
42882
43036
43036
43036
43228
43281
43284
43284
43316
43658
43846
43996
43996
44687
44910
44951
46268
46854
46898
46917
46917
46917
46917
46917
46917
47020
47069
47069
47069
47331
47341
47777
47782
47782
48294
48717
48919
