155
180
268
284
446
449
1022
1244
1256
1923
1930
2711
2824
3212
3358
3370
3650
3723
3723
3821
3940
3995
4318
4571
4581
4667
4790
5128
5440
5440
5621
5737
6231
6231
6451
6800
6862
7023
7023
7023
7268
7289
7371
8354
8362
8560
9012
9149
9351
9358
9739
9760
9960
9973
9985
10570
10570
10869
10995
11196
11454
11558
11939
11939
12015
12156
12156
12163
12168
12169
12414
12669
12678
12702
12951
13015
13124
13196
13296
13381
13549
13597
13753
13827
13930
14647
14794
14829
14991
15057
15057
15057
15408
15596
15650
15650
15736
15808
15816
15824
15847
16017
16103
16204
16392
16472
16476
16850
16997
17068
17068
17258
17258
17258
17265
17404
17404
17546
17625
17629
17629
17629
17667
17736
18112
18291
18291
18292
18800
19056
19118
19216
19216
19284
19553
19581
19708
19734
19817
20010
20085
20156
20177
20181
20204
20878
20923
20941
20941
21299
21701
22104
22234
22561
22567
22675
22724
22907
22907
22907
22907
23049
23414
23473
23514
23520
23682
24169
24253
24253
24874
24920
24954
25632
25734
25888
25901
25902
25921
25921
26386
26386
26639
26690
26886
27534
27603
27927
27932
28260
28509
28569
28569
28569
28640
28647
28760
29113
29470
29913
30202
30282
30432
30715
30936
30987
30987
31282
31282
31870
32039
32187
32187
32599
32599
32599
32599
32620
32626
32626
32763
32765
32768
32768
32795
32795
32818
33016
33183
33190
33192
33192
33192
33399
33616
33706
33901
34205
34324
34424
34424
34530
34583
34713
35125
35315
36078
36100
36148
36662
37064
37177
37249
37249
37431
37471
37471
37471
37471
37627
37861
38058
38058
38249
38262
38274
38274
38286
38326
38327
38328
38419
38525
38652
38652
39738
40046
40060
40089
40090
40090
40120
40385
40852
41074
41074
41159
41193
41194
41194
41204
41407
42803
42809
42928
43129
43493
43858
44138
44961
45113
45125
45141
45312
45467
45477
45954
46394
46413
46413
46414
46545
47055
47055
47055
47344
47356
47425
47581
47724
48098
48294
48664
48720
