87
414
430
446
566
576
598
653
933
1179
1250
1370
1808
1913
1913
1916
2616
2861
2906
3150
3150
3150
3689
3723
3891
4002
4441
4571
4571
4581
4706
5128
5133
5440
5440
5621
5715
5715
5872
5876
5885
5892
5900
5920
6355
6368
6481
6791
6967
6985
7023
7024
7062
7106
7234
7720
7720
7725
7761
7813
7836
7859
7859
7871
8044
8226
8354
8634
8704
8783
8783
8975
8975
8975
8975
8976
8979
9076
9331
9693
9985
10214
10214
10869
11115
11116
11463
11690
11758
11763
11939
11939
12088
12602
12606
12670
12739
12777
12804
12841
12855
12855
12949
13124
13142
13150
13150
13242
13264
13370
13381
13383
13491
13580
13597
13699
13760
13760
13760
13825
14016
14016
14018
14562
14720
14837
14991
15164
15488
15514
15514
15514
15543
15596
15596
15650
15754
15817
16017
16024
16462
16476
16742
16777
16781
16795
16839
16850
16883
16995
17108
17149
17160
17404
17404
17772
17922
18112
18125
18268
18268
18268
18270
18292
18618
19011
19011
19011
19011
19011
19011
19120
19216
19374
19479
19568
19651
19665
19734
20204
20501
20697
20697
20697
20697
20775
20877
21639
21668
21777
21890
21890
21890
21890
21890
21890
21890
21890
21890
21909
21909
21909
21909
21974
22160
22348
22348
22361
22378
22388
22500
22567
22567
22635
22647
22907
22907
22907
22919
22932
22932
22948
23074
23309
23317
23317
23317
23317
23317
23317
23317
23325
23389
23515
23520
23682
23703
23782
24015
24153
24253
24253
24478
24478
24479
24639
24817
24817
24920
24923
24979
25324
25349
25901
25902
26120
26290
26430
26495
26690
27132
27331
27331
27331
27557
27628
27695
27717
27932
28260
28289
28339
28476
28569
28569
28897
28909
28958
29113
29151
29652
29690
29713
29778
29778
29840
29888
30056
30123
30146
30362
30362
30362
30432
30544
30586
30586
30643
30695
30714
30715
30717
30919
30923
30936
30958
30958
30958
31014
31078
31078
31146
31165
31515
31533
31535
31784
31786
31973
31994
31994
31994
31994
31994
32213
32289
32465
32681
32768
32786
32795
33016
33048
33396
33484
33509
33509
33591
33624
33666
33804
33901
33943
34050
34231
34231
34384
34386
34424
34578
34730
34736
35125
35357
35357
35363
35425
35513
35634
35797
35985
36078
36078
36078
36178
36178
36180
36181
36184
36184
36297
36307
36436
36522
36545
36662
36697
37073
37249
37296
37299
37570
37627
37785
38165
38218
38218
38218
38218
38218
38258
38274
38286
38291
38326
38326
38327
38328
38342
38613
38615
38649
38654
38717
38719
38998
39461
39531
39535
39738
39930
40001
40001
40001
40001
40001
40001
40001
40145
40729
40789
41027
41029
41047
41047
41531
41546
41546
41703
41819
41820
41875
41978
42058
42148
42232
42418
42543
42809
42819
42928
42960
43129
43129
43194
43355
43376
43385
43577
43579
43579
43579
43627
43834
43834
43834
43858
43997
43997
43997
43997
43997
43997
44074
44243
44243
45016
45016
45141
45274
45332
46135
46136
46291
46291
46394
46653
46653
46653
46732
46732
46898
47102
47110
47265
47344
47581
47760
47819
47904
48024
48059
48075
48076
48098
48119
48385
48664
48870
49356
