112
155
562
865
933
1159
1315
1364
1431
1500
1552
1665
1665
1800
1856
1913
1929
2152
2368
2376
2386
2473
2599
2667
2738
2879
2879
2912
3014
3128
3128
3128
3128
3150
3863
3919
4337
4337
4337
4476
4476
4476
4476
4477
4571
4571
4595
4668
4917
4989
5109
5113
5116
5124
5124
5124
5133
5469
5469
5624
5932
6060
6478
6481
6557
7023
7023
7164
7164
7172
7245
7268
7561
7600
7615
7768
7768
7888
7888
7888
7896
8041
8314
8381
8418
8511
8800
8956
8956
9032
9035
9677
9709
9779
9957
10030
10030
10109
10128
10129
10129
10129
10396
10461
10477
10477
10697
10869
10916
11026
11090
11404
11457
11461
11613
11641
11725
12330
12330
12330
12340
12343
12414
12414
12414
12416
12603
13089
13089
13173
13313
13382
13433
13499
14081
14178
14356
14428
14567
14619
15263
15329
15339
15340
15408
15459
15462
15493
15736
15789
16392
16524
16596
16641
16844
16844
16844
16850
16859
16955
16960
17081
17242
17455
17629
17629
17873
17880
17880
17880
18013
18291
18292
18330
18525
18658
18682
18752
18818
19130
19228
19249
19326
19326
19482
19797
19878
20061
20084
20102
20180
20427
20492
20641
20732
20755
20755
20780
20780
21136
21217
21245
21245
21336
21357
21361
21391
21420
21546
21593
21668
21974
22006
22045
22064
22064
22503
22591
22647
22750
22907
22907
23463
23481
23531
23534
23606
23608
23648
23648
23963
23963
23963
24169
24301
24309
24557
24942
25071
25082
25241
25289
25313
25482
25525
25583
25820
25840
25840
25983
26002
26401
26409
26436
26536
26700
26701
26701
26938
27427
27669
27734
27853
27856
28070
28070
28107
28696
28760
28964
28974
28993
29065
29321
29431
29431
29431
29431
29431
29515
29515
29814
29847
30146
30288
30298
30301
30351
30362
30413
30413
30414
30414
30414
30414
30495
30583
30583
30645
30936
30987
30987
31028
31028
31141
31163
31380
31380
31384
31386
31856
31870
31870
31909
31994
31996
32145
32174
32278
32301
32419
32497
32765
32765
32766
32766
32795
32890
33041
33183
33184
33512
33741
33741
33741
33907
34009
34050
34050
34050
34050
34050
34050
34050
34050
34060
34060
34424
34424
34488
34596
35088
35113
35144
35245
35385
35450
35450
35522
35534
35534
35578
35578
35589
35833
35833
35833
35944
35953
35953
36034
36034
36054
36055
36078
36090
36105
36107
36178
36181
36181
36316
36676
36676
36676
37251
37265
37316
37370
37471
37504
37541
37541
37541
37595
37714
37714
37791
37969
38161
38273
38273
38291
38323
38324
38327
38327
38335
38545
38653
38986
39034
39080
39400
39554
39576
39624
39755
40001
40721
40901
41024
42239
42239
42240
42446
42677
42811
42818
42818
42818
42818
42818
42837
42883
43053
43129
43129
43207
43409
43473
43486
43611
43631
43658
43659
43731
43799
43809
43827
43827
43972
43997
44682
44708
44789
44804
44914
44914
45263
45393
45401
45954
45954
45957
45985
46134
46135
46175
46715
46732
46812
46861
47265
47266
47325
47347
47413
47413
47413
47586
47642
47642
47894
47927
48041
48071
48073
48074
48074
48074
48074
48074
48075
48075
48075
48075
48119
48393
48728
