330
352
354
492
506
933
1076
1146
1146
1159
1500
1503
1584
2598
3068
3150
3150
3211
3373
3715
3723
3810
3821
3824
4105
4606
4634
4634
4638
4789
4852
4866
5266
5269
5881
6110
6259
6259
7289
7617
7722
7761
8280
8362
8794
8874
8897
8956
8956
9196
10126
10208
10477
10738
10738
10870
11025
11442
11485
11793
11997
12439
12575
13089
13381
13381
13381
13381
13384
13477
13477
14016
14016
14018
14018
15051
15467
15679
15787
15790
15790
16374
16524
16524
16524
16743
17057
17068
17068
17102
17149
17434
17587
18330
18446
18618
19014
19015
19017
19017
19017
19249
19330
19658
19665
19790
19908
20053
20305
20495
20495
20495
20498
20877
21594
21639
22422
22568
22907
22907
22907
22907
23123
23126
23247
23247
23247
23515
24913
25171
25295
26082
26122
26122
26420
26894
27183
27541
27627
27627
27678
27711
27753
28308
28509
28590
28910
28916
29307
29713
29986
29992
30202
30222
30432
30586
30586
30936
30987
31036
31039
31142
31202
31374
31504
32171
32599
32615
32768
32869
33164
33706
33725
34034
34050
34209
34209
34250
34387
34750
34824
34859
35253
35425
35889
35966
36029
36056
36069
36092
36363
37352
37913
37914
37925
37999
38100
38218
38286
38286
38291
38315
38323
38324
38845
38845
39576
39580
39580
39650
39650
39820
39893
39917
39949
40058
40915
40923
41009
41803
42148
42156
42418
42418
42478
42478
42478
42478
42482
42482
42486
42486
42828
42831
43053
43129
43355
43631
43631
43631
43658
43838
43878
43996
43996
44204
44239
45394
45727
45733
45775
45879
46854
46898
46916
47142
47261
47382
47407
47407
47410
47484
47486
47486
47486
47500
47555
48299
48879
48937
48949
48950
49348
