929
1719
2390
2544
2713
3128
3150
4395
4855
5369
5935
6253
7999
7999
8952
8952
9731
9731
9731
9760
9821
9973
10738
10976
11116
11116
12414
12949
13143
13297
13744
13773
14022
14224
15067
15759
17149
19346
19755
20501
22103
22103
22573
22574
22907
22908
23143
25902
26054
26298
26402
29301
29934
30304
30304
30304
30345
30697
30717
31039
31039
31039
31219
31661
32180
32600
32610
32856
33054
33116
33320
34389
34519
35254
35550
36178
36178
36178
37296
37828
38249
38249
38291
38340
39085
39531
39650
40253
40253
40971
41046
41396
41406
43116
43194
43368
43631
43728
43728
45809
45809
47266
47310
48294
48896
