1572
2320
3128
3913
4789
5133
5621
6791
7234
7234
7234
7321
7446
7446
7581
7761
7859
7888
7976
7976
7976
7978
8000
8000
8000
8000
9324
9760
9760
10206
10358
10655
11397
11407
12108
12414
12414
12447
12702
12783
12971
13121
13121
13121
13520
14009
14009
15152
15493
15833
16085
17147
17369
17618
17691
18660
18660
18660
19011
19011
19574
19651
22479
22907
24135
24329
25089
25552
26058
26120
26571
27072
27331
27448
27655
28112
28392
28699
29295
29409
29409
29409
29781
29951
30304
31666
31994
32518
32768
32893
33024
33531
33657
33910
33964
34050
34424
34424
35285
36069
36069
36069
36094
36260
36811
37644
37915
37989
38326
38339
38418
38520
39080
39507
40980
40999
41112
41183
41193
41217
42680
42818
42818
42940
42940
43827
43846
44026
44543
45836
46097
46337
46826
47339
48009
48041
48119
48127
48298
48355
48355
48355
48377
48720
48919
49198
49198
