268
910
936
936
1008
1082
1118
1118
1159
1159
1426
1426
1426
1493
1498
1584
1896
1954
1954
2323
2350
2424
2601
2696
2703
2703
2703
3119
3150
3150
3446
3446
3723
3803
3895
3895
3895
3991
4395
4395
4395
4395
4395
4395
4395
4395
4395
4621
4702
5133
5289
5353
5358
5490
5775
5879
5879
5879
5881
6234
6384
6388
6388
6761
6878
7125
7150
7262
7287
7756
7828
7828
7828
7828
7828
7828
7896
7896
7896
8059
8954
8954
8954
8956
8975
8975
9010
9010
9076
9196
9209
9324
9405
9417
9618
9791
10342
10477
10477
10504
10758
10758
10887
11115
11115
11115
11115
11115
11115
11115
11115
11115
11115
11115
11115
11115
11115
11116
11116
11116
11117
12108
12414
12414
12561
12606
12678
12702
12724
12820
12827
12850
13143
13149
13150
13150
13175
13495
13506
13556
13597
13750
13774
13778
13907
14016
14016
14016
14016
14016
14016
14016
14016
14016
14018
14018
14018
14018
14018
14018
14018
14018
14018
14018
14018
14018
14018
14018
14221
14224
14224
14291
15051
15051
15060
15335
15408
15489
15584
15660
15660
15660
15663
15671
15671
15808
15841
15923
16524
16755
16817
16817
16844
16859
16923
16923
16923
16931
16963
17121
17148
17214
17369
17587
17622
17622
18173
18173
18173
18292
18301
18530
18812
19011
19015
19015
19017
19237
19237
19450
19516
19623
19658
19762
20018
20341
20344
20728
21420
21639
22156
22225
22230
22253
22388
22399
22399
22456
22558
22907
22908
23015
23074
23089
23089
23123
23173
23173
23195
23414
23476
23484
23510
23510
23557
23835
23863
23877
23953
24043
24044
24070
24253
24253
24253
24496
24612
24615
24757
24766
25241
25313
25910
25921
25976
26000
26183
26371
26576
26632
26698
26700
26808
27541
28123
28309
28516
28569
28569
28806
28931
28967
29151
29295
29469
29469
29469
29469
29614
29713
29713
29778
29934
30362
30368
30412
30422
30714
30717
30890
31030
31141
31145
31145
31219
31219
31261
31269
31351
31523
31643
31666
31666
31753
31914
31988
32188
32495
32769
33639
33654
33779
33892
34009
34033
34034
34050
34050
34050
34073
34126
34126
34204
34204
34424
34907
35335
35433
35450
35450
35450
35496
35660
35894
35950
35984
35991
35991
36034
36034
36051
36186
36186
36317
36365
36434
36540
36891
37001
37295
37296
37296
37321
37334
37364
37418
37569
37577
37578
37642
37785
37828
37852
37859
37999
38286
38315
38326
38326
38419
38419
38419
38868
38888
39127
39351
39414
39495
39618
39690
39716
39751
39893
40077
40098
40322
40492
40492
40580
40699
41062
41074
41110
41110
41154
41190
41803
41803
42332
42332
42586
42818
42819
42930
42934
42939
43086
43129
43160
43193
43277
43281
43282
43383
43401
43407
43546
43547
43621
43631
43631
43658
43658
43739
43827
43827
43834
43834
43834
43834
43834
43834
43834
43834
43837
44236
44541
44625
45016
45263
45274
45332
45564
45654
46089
46134
46279
46279
46392
46413
46413
46465
46597
46812
46812
46917
46918
47266
47310
47349
47379
47407
47407
47413
47481
47488
47555
47555
47834
48008
48103
48119
48393
48393
48548
48588
48790
48994
48994
49348
