121
426
1039
1043
1079
1159
1253
1565
1570
1575
1814
1913
2060
2343
2343
2343
2544
2544
2544
2980
2980
2980
3090
3150
3150
3643
3685
3725
3951
4388
4462
4537
4541
4634
4835
5109
5269
5271
5496
5713
5713
5729
6231
6492
6958
7023
7090
7287
7341
7341
7446
7487
7533
7534
7624
7685
7724
7731
7859
7871
7975
8354
8414
8698
8814
8832
8956
8956
8956
9081
9327
9327
9587
9587
9739
9760
9760
9902
9936
9936
10005
10518
10518
10522
10684
10869
11116
11282
11358
11542
11542
11652
11723
12059
12059
12059
12059
12147
12175
12261
12276
12319
12414
12416
12441
12559
12578
12678
12724
12870
12897
12961
13034
13174
13240
13264
13445
13445
13506
13506
13597
13760
14009
14043
14300
14335
14367
14864
15242
15297
15467
15471
15489
15561
15580
15677
15754
15954
15954
15954
15973
16725
16786
16839
17081
17148
17149
17149
17161
17164
17169
17302
17332
17504
17543
17856
17922
18314
18314
18729
18761
19011
19011
19011
19011
19011
19011
19011
19014
19017
19120
19574
19661
19666
19760
19879
20030
20081
20142
20210
20498
20515
20515
20597
21332
21403
21412
21720
21828
21974
21974
22019
22075
22103
22109
22159
22193
22356
22487
22502
22568
22612
22647
22647
22647
22647
22647
22892
22907
22907
22907
22932
22932
22991
23042
23074
23140
23218
23389
23400
23414
23479
23481
23504
23510
23520
23706
24022
24038
24253
24478
24490
24502
24520
24538
24557
24582
24582
24632
24928
24957
25261
25552
25552
25619
25623
25745
26120
26120
26120
26122
26436
26632
26632
26638
27248
27559
27618
27685
27734
28516
28516
28569
28859
28862
28889
28916
28945
28972
28986
28986
29128
29371
29409
29595
29646
29713
30304
30304
30583
30611
30714
30717
30954
30956
30957
31028
31146
31219
31219
31220
31251
31323
31323
31374
31626
31735
31770
31805
31994
32017
32174
32176
32178
32179
32465
32465
32466
32466
32518
32612
32768
32959
32986
33030
33116
33134
33183
33198
33562
33591
33627
33910
33910
33910
34050
34060
34389
34389
34427
34449
34482
34488
34488
34488
34489
34489
34581
34581
34581
34675
34859
34951
34957
35023
35125
35310
35315
35322
35450
35891
35893
35893
36069
36078
36178
36178
36178
36181
36184
36209
36243
36307
36309
36413
36434
36434
36434
36437
36448
36793
36806
36891
36891
37064
37177
37295
37419
37419
37550
37618
37725
37914
38158
38158
38326
38418
38524
38539
38580
38608
38608
38620
38651
38654
38845
38845
39085
39244
39310
39310
39716
39820
40002
40101
40101
41074
41092
41177
41193
41194
41425
42148
42284
42410
42418
42418
42418
42514
42752
43100
43102
43129
43179
43355
43375
43382
43403
43631
43631
43725
43835
43835
43996
43996
43997
44026
44376
44638
44874
44993
44994
45005
45012
45057
45057
45814
45832
45954
46033
46090
46134
46135
46135
46135
46163
46188
46339
46562
46854
46919
46919
47253
47261
47310
47310
47561
47561
47588
47886
47918
48075
48090
48204
48393
48728
48879
48894
48919
48924
48925
48949
48949
48954
48954
48954
48954
48954
48954
48954
48954
48954
48954
48954
48954
48954
48954
48954
48954
49410
