152
183
184
184
213
311
311
917
1043
1043
1043
1043
1043
1043
1043
1043
1049
1049
1159
1633
1913
3014
3150
3379
3650
4065
4669
4780
4780
5080
5082
5150
5369
5702
5704
5725
5725
5725
5734
5969
6201
6490
7074
7341
7610
7692
7896
7896
7896
7896
8059
8720
8956
9099
9164
9351
9354
9362
9362
9498
9653
9653
9661
10117
10298
10539
10539
10870
10901
10901
11282
11463
11621
12059
12156
12156
12163
12333
12333
12497
12497
12497
12497
12516
12627
12678
12678
12678
12838
12949
12951
12951
13055
13325
13491
13582
13705
13936
14950
15106
15223
15467
15493
15494
15636
15697
15818
16144
16839
16854
17094
17094
17302
17337
17622
17732
17872
17938
17938
17938
17999
18273
19011
19017
19056
19581
19670
19670
19959
20081
20675
20755
20923
21142
21295
21303
21368
21423
21546
21594
21889
21924
21925
21974
21974
22011
22011
22130
22500
22502
22685
22964
23042
23042
23100
23148
23356
23414
23510
23513
23515
23515
23706
23706
23707
23851
24420
24957
24958
25121
25318
25901
26409
26420
26504
26809
26809
27009
27013
27129
27245
27603
27655
27655
27655
27655
27655
27655
27678
27734
27927
27980
28064
28064
28072
28302
28628
28854
28856
28964
29307
29383
29827
29934
30298
30717
31043
31351
31351
31753
31834
32856
32856
33574
33574
33574
33574
33649
33654
33706
34424
34489
35534
35968
36078
36078
36078
36078
36186
36243
36250
36297
36297
36297
36297
36297
36434
36598
36975
37021
37021
37065
37471
37706
37706
37828
37870
38142
38142
38142
38323
38423
38531
38535
38651
38651
39101
39238
39244
39687
39687
40873
41099
41267
41809
42269
42837
42837
43024
43395
43553
43579
43579
43846
43858
43996
43997
43997
44218
44929
45012
45274
45861
46033
46134
46335
46599
46701
46854
47819
48143
48294
48294
