109
109
258
1009
1083
1758
1913
1913
2341
2711
2986
2988
3012
3714
4100
4101
4500
4791
5402
5508
5613
5729
6231
6368
6560
6817
6889
6950
7023
7023
7249
7859
7859
7859
7859
8021
8280
8529
8821
9587
9779
10091
10174
10299
10439
10447
10798
10902
10902
11401
11401
11500
12154
12343
12395
12697
13049
13089
13089
13089
13445
13445
13827
13894
13894
13917
13917
14009
14009
14009
14009
14820
14820
15018
15408
15471
15566
15624
15834
15954
15954
15954
15954
16180
16524
16639
17534
17648
17649
18559
18563
18899
18905
18953
18980
19011
19011
19017
19278
19461
19553
19639
19651
19658
19760
20404
20487
20495
20515
20515
20515
20739
20741
20747
20775
20777
20777
21097
21791
21974
22479
22567
22567
22612
22907
23386
23414
23414
23510
23531
23644
24048
24072
24072
24072
24381
25526
25528
25528
25550
25552
26120
26122
26122
26222
26576
26774
27232
27603
27603
27730
27781
28279
28369
28502
28623
28623
29250
29370
29370
29370
29370
29370
29423
29603
29921
30176
30600
30628
30667
30824
30825
30882
30954
31145
31632
31804
31805
31805
31805
31805
33000
33184
33327
33531
33583
33896
33910
34488
34488
34488
34511
35023
35522
36078
36078
36090
36105
36297
36298
36316
36675
36784
37064
37196
37627
37690
37809
37907
37907
38016
38324
38326
38326
38342
38788
39085
39279
39375
39834
40548
40613
40708
41110
42198
42391
42504
42514
42561
42595
42691
42818
42821
42905
42917
42945
43007
43105
43116
43129
43129
43194
43355
43368
43878
43996
44148
44376
44546
45654
45955
46037
46041
46135
46812
47055
47274
47325
47382
47693
47801
47882
47941
48294
48294
48361
48433
48477
48555
48597
48603
48603
48603
48603
48603
48603
48823
48844
48954
48954
48954
48954
48954
49199
