1668
1913
1913
2132
3191
3191
3370
3590
3650
3723
3723
3964
3964
4023
4023
4395
4453
4487
4571
4581
4667
5128
5272
5272
5440
5440
5775
6492
6765
6765
7023
7023
7026
7446
7722
7751
7896
7975
7975
7975
7977
8046
8422
9010
9149
9351
9358
9985
10174
10174
10396
10833
10901
10995
11078
11939
11939
12147
12168
12414
12627
13124
13395
13597
13827
14991
15051
15053
15408
15467
15496
15596
15650
15650
15754
15754
15816
15817
15817
15834
16017
16476
16850
17068
17349
17369
17404
17404
17732
17821
18112
18292
18618
18618
18618
18638
18984
19216
19216
19351
19670
19670
19670
19670
19670
19734
20204
20204
20494
20494
20739
21798
21974
22071
22078
22079
22079
22234
22234
22487
22487
22487
22501
22501
22569
22724
22907
23247
23473
23514
23520
23682
24070
24253
24253
24920
24954
25313
25550
25552
25901
25902
26690
27427
27427
27534
27669
27684
27734
27927
27932
28260
28569
28569
28569
28699
28931
28972
28972
28998
29113
29321
29533
29682
29891
30084
30297
30432
30712
30715
30717
30717
30717
30717
31618
31870
32187
32187
32739
32768
32788
32795
32795
33016
33192
33192
33509
33734
33901
34384
34488
34519
34520
34583
35125
35174
35174
35450
35522
35618
36078
36100
36282
36574
36662
37053
37053
37064
37064
37234
37249
37295
37296
37296
37356
37369
37543
37627
37810
37852
37852
38058
38058
38248
38273
38273
38274
38274
38286
38327
38328
38352
38352
38352
38352
38525
38652
38652
38667
38667
38974
39016
39125
39125
39738
40234
41159
41204
41855
41948
42752
42803
42809
42818
42882
43102
43128
43129
43129
43368
43368
43409
43493
43606
43858
44778
44794
44802
44961
45141
45466
45477
45954
46136
46291
46291
46291
46291
46291
46291
46335
46335
46394
46413
47265
47341
47344
47581
47724
47918
48041
48098
48294
48314
48314
48320
48320
48320
48320
48321
48357
48357
48357
48664
48695
48702
48702
48702
48702
48706
48706
49044
49044
