12
12
100
284
316
954
954
1159
1179
1179
1223
1223
1498
1499
1885
2173
2494
2494
2502
2502
2504
2504
2504
2504
2504
2505
2923
3099
3150
3150
3150
3628
3628
3713
4075
4442
4442
4571
4571
4571
4663
4663
4663
5375
5506
5523
5523
5529
5529
5529
5529
5529
6134
6417
6609
6609
6807
6807
6808
6808
6870
7042
7197
7208
7208
7871
7899
8745
9495
9685
9739
9856
10030
10042
10174
10206
10206
10206
10206
10271
10272
10830
10869
11188
11188
11585
11585
11585
11585
11772
11842
12147
12602
12971
13092
13131
13222
13246
13246
13308
13318
13480
13570
13578
13578
13597
13893
13893
14142
14142
14143
14143
14143
14618
14618
15051
15051
16524
16524
16894
16894
16894
17263
17622
17622
17622
17629
17629
17758
17938
17938
17938
18347
18721
19011
19011
19011
19011
19092
19122
19783
20259
20259
20375
20536
20775
20775
20780
20780
20780
20780
20919
20919
21593
21594
21594
22727
23115
23115
23115
23115
23177
23203
23203
23212
23245
23245
23245
23476
23514
23643
24026
25176
25554
26022
26034
26035
26046
26077
26081
26124
26125
26219
26221
26408
27074
27331
27331
27575
27575
28213
28213
28213
28213
28213
28213
28213
28213
28213
28213
28213
28213
28213
28213
28213
28368
28490
28490
28541
28958
29250
29250
29409
29409
29409
29409
29409
29409
29409
29544
29730
29753
29781
29781
29781
29781
30414
30432
30585
30585
30603
30643
30643
31621
31621
31753
31758
31784
31889
31984
32017
32125
32125
32189
32289
32579
32579
32579
32579
32622
33054
33183
33183
33210
33425
33684
34009
34025
34043
34043
34148
34382
34382
34535
34535
34535
35279
35522
35551
35611
35787
35942
35942
35942
35942
35991
36273
36420
36606
36675
36675
36675
37295
37419
37999
37999
38027
38051
38079
38107
38136
38249
38273
38273
38286
38286
38326
38327
38643
38643
38718
38744
38841
39122
39375
39415
39525
40234
40234
40385
40492
40919
40919
41549
41549
41549
41549
41549
41549
41549
41701
41701
41701
42410
42410
42410
42410
42410
42410
42410
42478
42559
42669
42669
42669
42669
42669
42669
42669
42796
42796
42811
42818
43129
43407
43435
43435
43658
43663
43663
43827
43834
43856
44020
44211
44211
44482
44489
44489
44489
44489
44626
44731
44773
45328
45654
45798
45798
46134
46134
46134
46774
47310
47348
47376
47483
47648
47922
47927
47927
47927
47951
48029
48041
48041
48052
48055
48104
48349
48349
48374
48377
48377
48393
48415
48526
48790
48790
48790
48790
48791
48791
48791
48791
48791
48879
48962
48962
49333
49333
49392
