1159
1237
1431
1431
1572
1584
1956
1956
1956
1956
1956
2020
2154
2523
2892
3128
3128
3128
3873
3919
4505
4571
4650
5133
5296
5594
5594
5704
5704
7109
7109
7123
7124
7233
7233
7233
7234
7287
7761
7899
8314
8314
8430
8814
8821
8944
9309
9324
9731
9814
9840
9888
10215
10678
10738
11256
12107
12107
12264
12325
12325
12337
12337
12551
12588
12683
12683
12683
12683
12841
13277
13445
13499
13499
13499
13499
13499
13506
14092
14263
14423
15060
15078
15602
15790
15872
16200
16200
16278
16524
16641
16839
16844
17068
17068
17068
17587
18273
18292
18882
18882
19011
19011
19011
19056
19110
19110
19394
19398
19398
19651
19670
20641
21420
21420
21757
21924
22406
22847
22884
22907
22907
22907
22907
22907
22907
22907
22907
23535
23817
23817
23897
24766
24958
25039
25070
25070
25456
25554
25581
25821
25840
25917
26002
26002
26002
26002
26349
26400
26400
26409
26409
26770
27169
27307
27541
28368
28368
28692
28760
28788
28976
29135
29250
29301
29301
29307
29321
29389
29778
29795
29934
30298
30362
30414
30414
30471
30892
30987
30987
30987
30987
30987
30987
30987
30987
31028
31028
31036
31039
31994
32016
32600
32856
32856
32856
33910
34060
34424
34667
34859
35040
35589
35589
35589
36250
37064
37173
37173
37173
37173
37258
37259
37259
37259
37265
37295
37321
37368
37831
37852
38164
38273
38286
38286
38341
38854
39090
39103
39156
39238
39238
39238
39400
39412
39412
39412
40498
40809
41018
41099
41493
41619
41619
41619
41751
42239
42239
42284
42418
42418
42882
42882
42956
42956
43399
43400
43400
43672
43709
44488
44488
44488
44488
44549
44783
44785
44785
44910
44910
45310
45362
45763
45770
46135
47310
47839
48355
48576
