137
137
155
311
492
492
506
506
506
782
930
1040
1043
1277
1277
1279
1572
1848
1913
2128
2128
2128
2910
3150
3753
4095
4395
4666
4790
5133
5296
5632
5854
6947
7321
7722
7756
8900
8920
8924
8976
9253
9973
10261
10317
10566
10805
11115
11562
11585
12627
12689
12841
13089
13313
13325
13338
13477
13586
13698
13698
13698
13698
13760
13773
13894
13894
13901
14016
14018
14018
14018
14028
15296
15697
15898
16365
16375
16524
16898
17094
17216
17216
17587
18001
18001
19272
20149
20150
20150
20207
20612
20919
21280
21597
21597
21639
21974
22113
22124
22156
22907
22907
22907
22907
22907
22907
23031
23245
23245
23247
23414
23510
23707
23707
24849
25313
25483
25606
25888
25888
25888
25888
25888
25892
26006
26409
26420
26536
26750
26832
27013
27603
27628
27692
27780
27781
28030
28516
28972
29064
29064
29196
29196
29682
30038
30237
30282
30304
30432
30712
30714
30882
31664
31883
31883
31883
31883
31883
31893
31893
31893
31893
32106
32247
32739
32768
32788
32866
32901
33066
33509
33509
33509
33509
34488
34952
34957
35450
35522
35792
36094
36149
36180
36186
36250
36297
36297
36365
36365
36365
36993
37027
37027
37177
37244
37305
37315
37471
37513
37513
37785
37828
37927
38286
38286
38326
38326
38342
38431
38601
38601
38601
38601
38614
39289
39311
39374
39413
39491
39849
40389
40821
41194
42117
42696
42696
42818
42821
43579
43579
43633
43837
43996
43996
45012
45012
45013
45860
46180
46335
46335
46424
46545
46545
46701
46740
46854
46883
46918
47310
47310
47344
47530
48298
48298
48465
48465
48465
48470
48993
