152
377
456
504
933
936
954
954
954
1043
1058
1237
1237
1237
1321
1427
1913
1924
2128
2147
2323
2409
2454
2560
2560
2688
2711
2713
2713
3046
3128
3150
3150
3150
3214
3528
3626
3646
3663
3932
4442
4542
4542
4571
4621
4621
5270
5506
5506
5669
5883
6473
6791
7027
7442
7446
7449
7722
7722
7724
7771
7828
7828
7888
7888
7963
7965
7986
8385
8385
8742
8803
8823
8823
9327
9355
9435
9661
9957
10008
10206
10396
10438
10438
10763
10781
10823
10865
10902
10902
10902
11320
11397
12279
12337
12434
12465
12578
12678
12910
12910
12961
13049
13089
13162
13281
13462
13488
14711
15051
15467
15467
15566
15754
15754
15836
15842
16243
16524
16524
16524
16644
17081
17260
17302
17369
17824
17872
17938
17938
17938
18291
18360
18367
18524
18530
18572
18573
18670
18869
18937
19015
19056
19056
19086
19216
19670
19831
20057
20169
20386
20767
20777
20777
21008
21052
21154
21200
21555
21639
21639
21946
21974
22064
22130
22456
22456
22477
22644
22644
22644
22883
22907
22907
22907
23042
23327
23352
23352
23414
23414
23510
23510
23510
23515
23532
23706
23817
23817
23817
23817
23817
24019
24038
24038
24048
24253
24606
25071
25297
25313
25316
25359
25888
26430
26465
26785
26818
27182
27423
27423
27541
27541
27541
27541
27541
27638
27772
28475
28882
28931
29065
29301
29370
29409
29409
29409
29409
29409
29409
29409
29418
29516
29516
29914
29986
29986
29986
29986
30087
30422
30432
30471
30881
31020
31142
31142
31282
31351
31870
31994
32132
32564
32681
32708
32764
32961
33012
33183
33183
33317
33618
33749
33999
34072
34298
34424
34424
34424
34488
34859
34897
34897
34897
34897
34897
34897
34897
34897
34897
34897
34897
34897
34897
34897
34897
35068
35068
35068
35125
35243
35246
35246
35246
35246
35246
35246
35522
35984
36094
36146
36146
36178
36184
36250
36297
36297
36352
36643
36811
36890
36890
37027
37219
37295
37298
37321
37355
37356
37407
37569
37627
37828
37831
37852
37914
38158
38165
38218
38218
38223
38285
38286
38286
38286
38343
38653
38812
38812
38841
38943
39289
39411
39535
39696
39699
39996
40284
40383
41118
41444
41447
42096
42103
42284
42324
42418
42418
42501
42818
42818
42818
43129
43129
43193
43194
43275
43355
43413
43489
43652
43846
43996
43996
44167
44317
44317
44701
44748
45310
45328
45362
45463
45529
45529
45529
45548
45548
45548
45609
45798
45870
46385
46399
46413
46526
46701
46701
47184
47561
47561
47599
47869
48217
48278
48349
48420
48423
48977
49056
