725
816
816
1618
2723
3999
4001
4571
4571
4664
4881
8283
8501
8975
8975
10206
10358
10433
11471
11701
11841
12684
13140
13760
13760
13764
13773
13900
13907
14018
15261
15262
15511
15530
15834
16873
16873
17716
18092
18963
19014
19461
20022
20425
20425
20919
21295
21295
22065
22075
22230
22956
22956
23357
23357
23531
23713
23804
24253
24330
26053
26495
26643
26700
26701
27490
28542
29827
30956
31036
31145
31626
31717
32171
32839
32839
32839
33509
33514
33514
33514
33653
33654
33654
34424
34449
34488
34488
34489
34489
34489
34519
35833
36186
36186
36186
36264
36893
37100
38218
38326
38326
39351
39370
40001
40001
40001
40253
40786
41110
41238
41239
42696
42696
42818
43129
43129
43658
43827
43827
43837
43837
43846
43846
43996
44734
45700
46319
46323
46326
46653
47325
47325
47709
47869
48588
48679
