152
152
178
284
284
440
909
1913
2660
2712
3077
3150
3150
3150
3150
3722
3742
4706
5263
5358
5365
6039
6234
6309
6332
6354
6673
6965
7289
7341
7341
8167
8786
8954
8956
8956
8956
8975
9032
9081
9414
10348
10458
10477
10563
10845
10887
11116
11743
12569
12794
13149
13446
13506
13744
13769
14018
14018
15439
15493
15584
15584
15663
15671
16270
16270
16524
16545
16824
16844
16923
16923
16923
16923
17066
17149
17164
17164
17204
17207
17544
17587
17799
17872
17993
18278
18548
18557
18934
19011
19011
19011
19011
19011
19011
19011
19011
19011
19011
19011
19011
19011
19011
19011
19011
19011
19011
19011
19011
19011
19011
19011
19011
19011
19015
19122
19122
19666
19687
19878
19926
20010
20212
20777
21018
21420
22230
22409
22567
22568
22612
22612
22907
22907
22908
22956
23042
23407
23515
23515
23557
23934
23937
24072
24072
24612
24612
24612
24615
24915
25785
25956
27002
27013
27019
27224
27224
27541
27587
27734
27768
27931
27932
28369
28569
28570
28570
28596
29250
29250
29307
29318
29847
30094
30414
30432
30432
30482
30482
30495
31091
31142
31145
31220
31238
31241
31805
31805
32017
32017
32017
32299
32432
32434
32765
33197
33224
33503
33503
33548
33964
34050
34050
34050
34050
34050
34456
34489
34519
34702
34859
35040
35040
35310
35433
35632
35738
36003
36003
36079
36434
36642
36991
37064
37084
37418
37575
37577
37581
37858
37960
38218
38218
38218
38218
38218
38218
38249
38291
38593
38649
38653
38653
38653
38653
38653
38654
38655
39080
39085
39085
39363
39363
39400
39495
39579
39687
40638
41047
41361
41662
42418
42478
42478
42486
42691
42696
42714
43277
43376
43382
43579
43631
43631
43827
43827
43838
43838
43846
43979
43996
44228
44694
44708
45272
45312
45467
45472
46392
47771
47801
47801
47818
47922
47927
48269
48393
48603
48771
49236
49283
