245
245
245
417
884
1146
1306
1306
1571
2103
2103
2103
2103
2246
2303
2409
2424
2549
2829
2865
2912
3128
3128
3128
3128
3128
3197
3426
3445
3483
3724
3806
3810
3855
4202
4291
4291
4291
4291
4601
4601
4601
4601
4789
4835
5026
5469
5594
5633
5964
5980
5980
5980
5984
6231
6586
6586
6816
6958
6972
7023
7442
7853
7859
7859
7859
7859
7859
7888
7896
7896
7976
7999
8414
8806
8806
8806
8806
8814
8821
8837
8954
8954
8954
8956
9290
9324
9324
9358
9636
9776
10208
10332
10694
10694
10694
10882
11026
11335
11341
11359
11397
11725
11964
12348
12363
12363
12414
12575
12575
12627
12627
12724
12971
13087
13121
13256
13296
13480
13506
13590
13629
13633
13833
13836
14009
14016
14018
14018
14418
15051
15051
15336
15408
15467
15467
15523
15584
15677
15683
15683
15943
16447
16472
16524
16524
16524
16524
16844
16910
16923
16923
16923
16923
16941
17094
17223
17444
17826
18083
18381
18381
18381
18398
18398
18668
18893
18905
19011
19011
19011
19011
19014
19014
19015
19087
19130
19214
19276
19482
19482
19490
19523
19523
19762
19824
20025
20212
20403
20775
20780
20789
20877
21115
21158
21225
22567
22907
22907
22907
22907
23414
23472
23482
23508
23513
23515
23706
23706
23706
23707
23935
23935
23935
24024
24038
24048
24162
24253
24253
24253
24535
24584
24612
24656
24656
24656
24656
24656
24858
25112
25135
25550
25552
25552
25739
25739
25757
25918
26103
26417
26585
26700
26769
26799
26967
26967
26979
27541
27545
27627
27641
27775
27932
28077
28262
28269
28312
28509
28509
28509
28509
28509
28509
28509
28509
28509
28623
28623
28764
28862
28911
28931
28964
28998
29113
29295
29295
29370
29407
29407
29407
29409
29409
29439
29713
29802
30413
30422
30432
30472
30596
30596
30596
30613
30618
30619
30619
30886
30892
30917
30917
31043
31062
31064
31141
31141
31352
31537
31626
31758
31870
31976
31988
31993
31993
31994
32180
32465
32465
32518
32518
32763
32763
32763
32788
32788
32845
32845
33041
33116
33382
33509
33531
33637
33706
33902
33910
33910
33982
33983
33983
33983
33983
34184
34209
34260
34282
34424
34424
34424
34488
34488
34488
34488
34581
34582
34626
34626
34626
34922
35157
35307
35307
35307
35307
35307
35315
35315
35318
35318
35450
35450
35620
35642
36184
36297
36297
36297
36298
36434
36602
36610
36697
36890
36893
37004
37017
37173
37321
37418
37609
37618
37980
37984
38249
38309
38466
38520
38647
38677
38812
38841
39085
39085
39085
39318
39716
39836
41381
41703
41703
41703
41703
42582
42677
42691
42818
42882
42882
42882
42887
42887
42887
42887
42887
43194
43279
43579
43838
43909
44433
44433
44433
44433
44433
44433
44433
44433
44701
44773
44773
44773
44774
44993
45004
45004
45025
45269
45269
45269
45269
45269
45374
45471
45548
45548
45548
45564
45696
45748
45832
46134
46134
46136
46221
46221
46781
46887
47055
47092
47092
47097
47097
47100
47265
47266
47339
47382
47382
47804
48142
48294
48300
48393
48393
48428
48433
48466
48466
48580
48898
48959
49044
49082
49288
49288
49348
49348
49348
