284
504
982
1159
1159
2322
3206
3804
3824
3940
3940
4395
4852
5071
5369
5369
5481
6234
6234
7179
7536
7536
7610
7828
8196
8412
8918
8918
8954
9076
9076
9312
9351
9414
9724
10128
10570
10738
10805
10887
10902
10902
11115
11173
12434
12445
13049
13939
14016
14018
14018
14018
14018
14725
15060
15104
15496
15584
15584
15790
15840
15866
15866
15866
15866
15866
16056
16374
16923
16923
16956
17121
17149
17164
17164
17265
17587
18291
19017
19056
19552
19604
19651
19658
20239
20323
20596
20596
21688
22568
23042
24330
24612
24612
24612
25306
25306
25306
25408
25785
26049
26049
26266
26528
27232
27729
28263
28263
28569
28569
28570
29260
29469
30414
30892
31039
31044
31261
32046
32046
32178
33054
33653
33654
34438
34488
34488
35040
35450
35450
35450
35450
35450
35450
35450
35450
35450
35450
35894
35984
35984
35984
36052
36099
36181
36365
37062
37062
37296
37368
37618
37618
37914
37914
37915
38218
38218
38218
38249
38252
38273
38285
38651
39080
39472
39495
39761
39893
39917
39917
40703
41118
41214
41305
42478
42713
42818
43591
43658
43837
43838
43838
43838
43846
43977
44541
45723
45879
46033
46135
46135
46335
46384
47325
47956
48217
48217
48294
48732
48926
48949
