109
109
109
311
933
1050
1554
2242
2544
2601
2773
3346
4487
4628
4852
5566
6795
6796
7006
7234
7610
7724
7756
7859
7859
7859
7978
8354
8430
8551
8680
8956
9480
9731
10294
10659
11049
11725
11758
11844
11908
11961
13025
13065
13313
13313
13660
13663
13837
14247
14519
14584
14767
14767
15071
15088
15546
15840
16120
16243
16243
16243
16278
16962
17149
17165
17286
17302
17302
17369
18291
18291
19011
19011
19017
19160
19661
19945
19945
19945
19963
20278
20338
20385
20385
20778
21402
21402
21402
21889
22147
22615
22750
22861
22956
23414
23515
24038
24059
24253
24257
24456
25482
27068
27309
27331
27331
27390
27410
27575
27696
27741
28364
28396
28623
28806
28852
28987
29196
29307
29327
29753
29760
29986
29992
29992
30097
30298
30304
30471
30471
30882
31083
31334
31369
31490
32176
32526
32739
32856
33099
33425
33427
33629
33749
33910
33910
33910
34322
34424
34488
34488
34488
34488
34488
34488
34488
34829
35611
35620
36297
36297
36297
36297
37064
37298
37321
37717
38096
38096
38096
38096
38097
38158
38256
38539
38845
38845
38873
39327
41099
41194
41766
42198
42504
42514
42523
42523
42818
43838
44148
45141
45576
45576
45879
46157
46293
46504
46898
47325
47344
47356
47359
47801
47869
48143
48144
48144
48147
48357
48358
48394
48395
48534
48894
48944
48949
48949
48954
48954
48954
48954
48954
