1351
1572
1572
1749
1913
2303
2885
2888
3051
3051
4763
7150
7449
8954
8954
8954
10128
10129
10358
10570
10570
10738
11429
11908
11908
11908
11908
11908
11909
11910
11910
12328
12328
12329
12365
12365
12365
12830
13401
13445
15367
15787
15789
15790
15790
15790
17149
17153
17153
17164
17172
17172
17302
18962
19017
22568
22907
25892
26647
27441
27464
27685
27695
29307
29320
29320
29320
29986
29986
29986
30087
30308
30482
30482
30890
31893
32856
34424
34517
35835
37618
38094
38094
38096
38218
38218
38218
38218
38218
38218
38218
38832
39318
39403
39413
39413
40708
41099
42818
42818
42928
42930
42932
42932
42932
42932
42940
43179
43837
43838
43838
46400
46413
46413
47500
47819
47819
47819
48393
48393
