728
917
917
1913
2132
2132
4634
5263
5506
6617
7197
7197
7197
7234
7446
7446
7446
7449
7449
7449
7497
7761
7867
8354
8432
9149
9957
10206
10657
11337
12949
13051
15834
17427
20919
22567
22567
22907
22907
24169
24169
25892
26509
26818
26824
28230
28230
28623
28803
29301
30042
30712
31883
31994
32768
33910
34488
34496
34531
34566
34781
34859
34859
35711
36991
36991
36991
36991
36995
37053
37064
37321
38218
38218
38218
38218
38218
38249
38249
39329
41012
42418
42508
42508
42508
42508
42510
42696
42696
42818
43837
43838
43838
46898
48355
48355
49392
49411
