109
109
109
109
109
109
109
774
816
1848
3765
3842
4105
4136
4406
4589
4593
4833
4833
5133
5696
5730
6181
6231
6790
7061
7750
7750
7971
9416
9496
9545
11337
12396
12575
12961
13087
13140
13256
14874
15462
15462
15759
15787
15790
16048
16669
17068
17190
17799
17814
17922
17933
18331
18729
18973
19005
19160
19160
19574
19817
19884
21643
21643
21974
22071
22130
22130
22907
23089
23240
23285
23510
23754
23754
23803
23803
23803
24352
24418
24606
24923
25777
26222
26471
26971
27427
27541
27541
27541
27768
29339
29339
29339
29339
30297
30297
30297
30297
30297
30886
31044
31141
31146
31146
31283
32017
32017
32788
33076
33749
33749
34050
34050
34050
34050
34050
34488
34800
34859
35059
35450
35522
35642
35782
36078
36105
36178
37021
37064
37298
37352
37352
37418
37550
38171
38218
38327
38739
38986
39080
39085
39706
40360
41074
41154
41784
41787
41882
41986
42103
42146
42148
42418
42418
42512
42514
42514
42514
42709
42797
42821
43032
43129
44070
45748
45827
45827
46064
46134
46329
47265
47265
48150
48654
48728
48868
48954
48954
48954
48954
48954
48954
48954
48958
48958
49356
49356
49356
