109
183
183
183
183
204
598
1043
1567
1572
1740
2207
2305
2323
3138
3150
3190
3646
3895
3919
3943
4467
4571
4571
4781
5128
5133
5197
5197
5197
5485
6560
6560
6560
6560
6560
6560
6560
6560
6560
6560
6560
7287
7341
7341
7341
7516
7516
7661
7722
7722
7722
7896
8059
8975
8975
8975
9964
10180
10298
10396
10433
10438
10438
10438
10438
11006
11081
11538
11994
12497
12497
12583
12583
12583
12602
12654
12654
12654
12678
12819
12949
13244
13296
13480
13698
13936
13973
13973
13973
13973
13982
14016
15104
15367
15510
15754
15754
15754
15754
15804
16222
16466
16467
16467
16467
16467
16467
16470
16476
16477
16524
17188
18016
18298
18298
18298
18454
19651
19651
19670
19670
19670
19670
19670
19670
19670
19670
19670
19670
19670
19670
20198
20605
20720
20720
20720
20726
20878
21295
21420
21639
21643
21643
21834
21834
23414
23524
23632
23706
23838
23934
23934
23934
24089
25068
25539
25539
25539
25581
26054
26303
26436
27557
27557
27557
27627
27628
27628
27751
27780
27780
27780
27780
27780
28450
28450
29407
29536
29828
30432
30586
30603
30603
30603
31331
31351
31351
31626
31626
31789
31789
31816
31816
32692
32788
32821
33486
33509
33509
33686
34009
34009
34009
34009
34034
34034
34472
34728
34952
34952
34957
34958
35446
35450
35522
35522
35887
36107
36492
36492
36695
37051
37101
37101
37243
37295
37356
37356
37356
37356
37471
37913
37925
38653
38653
38986
39239
39239
39305
39472
39531
39624
39680
39686
40292
41099
41099
41099
41133
41136
41136
41154
41154
42431
42514
42818
42818
42818
42818
42882
42940
42940
43036
43053
43129
43193
43196
43579
44789
44874
44910
45094
45113
45113
45113
45113
45394
45974
46117
46335
46335
46599
46599
46607
46812
46854
46854
46854
46854
46854
46854
47310
48377
48864
48954
48954
48954
48954
