265
1421
1572
1810
1818
2130
2130
2229
2350
2350
2352
2871
3150
3150
3150
3528
3943
4123
4123
4123
4528
4528
4528
4529
4536
4536
4536
4536
4536
4537
4539
4540
4738
5289
5441
5469
5469
5506
5506
5690
5714
6040
6040
6040
6042
6351
6351
6351
7222
7222
7222
7222
7222
7222
7222
7222
7446
7756
7896
7896
8209
8354
8354
8922
8952
8956
8975
8975
10180
10219
10271
10433
10433
10443
10904
10908
11041
11069
11077
11267
11777
11777
11947
12394
12394
12627
12627
12627
12663
12693
13370
13468
13647
13647
13651
13894
14154
15051
15408
15467
15624
15642
15954
15968
16524
16524
16524
16585
16895
16955
17220
17541
17730
17851
18014
18446
19011
19011
19110
19604
20134
20778
21974
21974
22065
22086
22573
22573
22573
22612
22612
22612
22907
22907
22907
22907
22907
23279
23287
23294
23294
23510
23791
23933
24070
24070
24070
24070
24162
24162
24169
24169
24207
24207
24253
24612
25308
25606
26417
26592
26830
26972
27007
27013
27575
27695
27696
27971
28959
28959
29064
29066
29295
29304
29321
29337
29370
29370
29370
29370
29370
29370
29370
29407
29424
29424
29640
29640
29733
29733
29813
30012
30087
30362
30422
30431
30596
30717
30882
31078
31078
31078
31141
31141
31141
31352
31395
31594
31594
31804
31804
31804
31804
31804
31804
31805
31883
31994
31997
32105
32492
32564
32788
32788
33045
33116
33116
33183
33316
33316
33390
33441
33591
34050
34083
34327
34327
34347
34347
34347
34347
34348
34424
34519
34535
34859
35503
35510
35872
36034
36181
37053
37079
37159
37241
37299
37547
38138
38291
38335
38335
38393
38619
38654
39531
39690
39840
40024
40234
40804
40804
40804
41363
41443
41685
42232
42418
42418
42818
42818
42818
42818
42818
43053
43055
43144
43431
43431
43431
43827
43827
43846
43977
44468
44770
44775
45012
45654
45822
45954
46134
46256
46732
46757
46757
47184
47253
47265
47265
47348
47466
47466
47698
47701
47819
47861
48355
48374
48374
48374
48374
48374
48377
48603
48603
48603
48603
48603
48603
48790
48790
48793
