55
77
284
518
933
1155
1633
1719
1719
1719
2164
2322
2348
2350
2424
2424
2424
2424
2459
2472
2615
2636
2825
2945
3251
3251
3896
3932
3938
3940
3942
3965
4395
4414
4423
4459
4529
4531
4535
4571
4571
4816
4835
5133
5442
5512
5761
5775
5797
6233
6586
6983
7027
7172
7197
7197
7234
7234
7237
7323
7366
7561
7661
7761
7761
7761
7761
7778
7871
7896
7996
8023
8044
8184
8258
8292
8354
8380
8800
8821
8951
8975
8975
9090
9202
9422
9637
9674
9781
9781
9781
9781
10296
10296
10438
11024
11115
11454
11470
11697
11697
11698
11698
11698
11698
11698
11725
11758
11758
11908
11947
12081
12372
12435
12627
12627
12627
12640
12676
12702
12879
12949
13002
13141
13381
13480
13480
13597
14126
14177
14181
14185
14254
14690
15051
15408
15408
15462
15462
15467
15493
15514
15561
15561
15566
15675
15683
15817
16012
16072
16072
16245
16278
16524
16797
16812
16813
16957
17053
17054
17081
17369
17541
17541
17541
17845
17851
17873
17938
18173
18331
18833
18859
19011
19011
19014
19015
19056
19298
19330
19426
19638
19733
20199
20408
20409
20425
20771
20852
20853
21056
21056
22130
22130
22130
22205
22206
22207
22234
22239
22483
22567
22647
22787
22830
22830
22880
22907
22907
22932
23089
23245
23259
23317
23317
23510
23535
23706
23803
23818
24015
24015
24015
24016
24016
24038
24077
24253
24581
24581
24581
24581
24581
24582
24584
24716
24817
25109
25204
25213
25216
25516
25611
25693
25701
25828
26592
27462
27462
27464
27464
27541
27545
27557
27661
27734
27734
28266
28410
28486
28569
28720
28854
28916
28931
29066
29242
29307
29309
29321
29339
29339
29409
29409
29409
29409
29418
29424
29596
29778
29899
29986
30104
30104
30273
30544
30881
30882
30882
30882
30882
30890
30942
30942
30942
30943
31043
31043
31090
31141
31141
31145
31145
31327
31409
31489
31563
31630
31784
31789
31805
31805
31870
31883
32465
32465
32518
32518
32739
32763
32768
32843
32858
32859
32901
33134
33509
33591
33593
33616
33633
33662
33679
33726
33789
34023
34050
34197
34197
34258
34345
34413
34512
34577
34667
34859
34859
35059
35073
35075
35285
35385
35450
35660
35736
35787
35965
36056
36090
36146
37064
37064
37295
37299
37482
37544
37547
37595
37828
37842
38094
38100
38165
38256
38321
38321
38322
38322
38580
38586
38586
38586
38873
38908
38986
38986
39103
39127
39349
39527
39648
39820
39951
40001
40001
40001
40324
40324
40327
40463
40729
40729
40784
40786
40789
40789
40790
41078
41154
41154
41557
41908
41909
41909
41978
41978
42103
42110
42164
42164
42284
42284
42410
42410
42418
42418
42418
42500
42702
42818
42818
42818
42819
42822
42828
42929
42984
43129
43129
43157
43179
43265
43376
43418
43495
43579
43827
43837
43838
43996
43996
44058
44212
44730
44736
45310
45329
45362
45374
45397
45776
45827
45833
45833
45860
45966
46033
46066
46135
46732
46732
46734
46880
46880
46880
47092
47177
47177
47184
47413
47697
47750
48093
48119
48142
48355
48377
48393
48393
48420
48532
48580
48580
48590
48590
48603
48603
48653
48782
49356
