506
515
515
876
877
882
882
933
1584
1881
1931
2211
2881
2892
3128
3679
3724
3932
4105
4106
4488
4499
4561
4833
5068
5068
5068
5133
5133
5706
5706
5706
5736
6388
6388
6667
7176
7287
7289
7366
7451
7722
8485
8975
8975
9351
9416
9659
9659
10180
10198
10396
10428
10894
11077
11253
11725
12110
12519
12627
12792
12968
12971
13049
14796
15262
15262
15262
15262
15580
15596
15847
16641
16669
16709
16919
16919
17068
17068
17068
17068
17068
17081
17369
17369
17824
17879
18281
18291
18291
18291
18447
18447
18447
18873
18921
19574
19574
19574
19574
19574
19651
20198
20459
20536
20678
20728
20919
20919
21056
21420
21420
21420
21420
21876
22188
22188
22188
22567
22907
22907
22907
22907
22907
22907
22907
22907
22907
23087
23087
23140
23294
23294
23414
23514
23520
23562
23646
23706
23706
23706
23706
23706
24420
24957
24979
26303
26436
26436
26536
26571
27025
27427
27427
27427
27541
27602
27602
27618
27618
27618
27628
27628
27678
27678
28959
29196
29308
29817
30056
30056
30056
30297
30717
31043
31044
31141
31141
31351
31994
31994
31994
31994
32265
32265
32270
32270
32273
32273
32278
32495
32821
33438
33477
33494
33591
33616
33653
33653
34298
34519
34730
35434
36094
36157
36157
36161
36161
36298
36595
37101
37471
37471
37471
37471
37513
37519
37536
38327
38464
38530
38998
39110
39402
39413
39472
39690
40708
40756
41406
41407
41803
41984
42111
42269
42818
42821
42993
43658
43996
45823
45823
45824
45824
46732
48377
49348
49348
49348
