58
685
933
1040
1146
1159
1238
1238
1913
1913
2207
2311
2311
2311
2311
2688
2980
3346
4155
4155
4155
4155
4155
4480
5271
5506
5709
5709
6556
6556
6556
6827
7373
7896
10174
10358
10916
10918
10918
12154
12154
12370
12447
13015
13015
13340
14537
14876
15126
15126
15467
15467
15808
15817
15855
16474
17369
18207
19016
20635
21591
21644
21974
21974
22130
22245
22907
22964
22964
23414
24896
24896
24957
26120
26120
26122
26122
26122
27280
27541
27685
28038
28365
28967
28967
29307
29640
30219
30972
31043
31352
32119
33164
33213
33219
33219
33222
33396
33396
33430
33430
33430
33430
33430
33509
33773
33964
34488
34829
34859
34859
36090
36178
36178
36178
36178
36297
36437
36811
37064
37064
37315
37398
38273
38326
38326
38336
38336
38336
38336
38336
38608
39294
39328
39370
41118
41118
41118
41154
42418
42418
42418
42809
43878
44014
45787
45787
45809
46135
46701
46732
47092
47200
47818
47819
48077
48308
48363
