149
180
183
183
329
412
412
412
484
573
573
578
578
812
888
904
954
991
1296
1548
1570
1575
1913
2303
2347
2424
2512
2512
2512
2688
2711
2736
3001
3150
3150
3590
3700
3723
3821
3943
4090
4105
4119
4138
4395
5113
5133
5266
5273
5277
5338
5469
5469
5627
5929
5933
6048
6094
6231
6231
6231
6234
6259
6259
6962
7023
7446
7446
7708
7899
7978
7999
7999
7999
8087
8213
8219
8457
8689
8689
8956
8956
8956
8956
8975
8976
8976
9179
9179
9179
9474
9731
9780
10206
10206
10208
10208
10332
10344
10458
10570
10618
10656
10738
10870
10902
10959
10973
11115
11116
11120
11121
11121
11542
11621
11710
12337
12337
12464
12465
12724
12786
13140
13142
13156
13270
13462
13480
14009
14347
14873
15051
15051
15051
15068
15131
15408
15730
15807
16519
16519
16520
16524
16524
16524
16526
16671
16671
16672
16913
16913
17068
17068
17149
17164
17164
17873
18618
18822
18829
18873
18873
18935
19017
19057
19482
19551
19574
19579
19665
19750
19774
19999
20016
20027
20515
20775
20988
21056
21158
21200
21245
21245
21299
21610
21644
21885
22130
22130
22130
22230
22378
22567
22568
22573
22703
22781
22888
22903
22907
22907
22907
22907
22907
22907
22907
22907
22907
22907
22907
22907
22907
22907
22907
22908
22908
22932
23049
23088
23294
23301
23309
23309
23317
23414
23414
23414
23414
23510
23706
23781
24027
24083
24083
24253
24478
24582
24582
24850
25071
25071
25333
25456
25552
25619
25638
25777
26049
26509
26666
26818
27007
27145
27331
27410
27423
27427
27427
27655
27669
27746
27769
27792
28011
28321
28509
28509
28516
28516
28526
28548
28551
28551
28551
28623
28852
28914
28931
28958
29066
29408
29409
29409
29682
29729
29827
29883
29934
29986
29986
30366
30414
30667
30712
30717
30881
30987
31037
31037
31043
31044
31489
31529
31653
31664
31994
32003
32129
32129
32129
32129
32247
32265
32266
32266
32425
32425
32429
32465
32495
32518
32518
32520
32739
32763
33134
33170
33373
33477
33509
33683
33820
33910
33946
33950
33964
33966
34050
34250
34348
34384
34389
34389
34488
34488
34489
34489
34859
34859
35049
35141
35315
35551
35631
35646
36069
36069
36069
36069
36069
36069
36105
36157
36160
36160
36181
36181
36186
36186
36186
36365
36434
36806
36832
36891
37053
37062
37064
37064
37064
37064
37100
37173
37220
37222
37296
37419
37455
37658
37831
37861
37913
37915
38142
38167
38178
38218
38218
38218
38218
38327
38349
38418
38441
38667
38718
38718
38718
38718
38718
38718
38799
39304
39305
39374
40007
40293
40293
40293
40517
40606
41118
41406
41703
41803
41819
42117
42124
42284
42418
42418
42418
42418
42418
42418
42418
42696
42818
42818
42819
42837
42865
42928
42983
42983
43036
43129
43228
43279
43368
43368
43368
43444
43480
43837
43837
43837
43838
43838
43858
43968
43996
43996
44148
44698
44698
44698
44698
44698
44698
44698
44698
44789
44961
45263
45654
45823
46291
46291
46569
46732
46826
46917
47105
47352
47352
47500
47588
47834
47882
47882
48142
48294
48294
48352
48379
48603
48804
48975
49211
