904
904
1503
1505
3298
3384
3384
3384
4480
4480
5256
5256
5259
5261
5261
5328
5775
7059
8292
8292
8292
8362
8383
9100
9229
9230
9781
9781
9781
10002
10002
10002
10180
10180
10518
10869
11284
12163
12618
12678
13056
13395
13735
14200
14943
15596
16998
17176
17177
17575
17575
17587
17622
17622
18092
18621
18621
18621
18730
19049
19513
19513
19700
19774
20142
20149
20559
20561
20569
20570
21391
22071
22847
23245
23245
23245
23245
23414
23632
25696
25696
25696
25696
26053
26115
28386
30087
30298
31351
31480
31480
31480
31870
31870
32289
32867
33653
34060
34424
35099
35872
35872
35872
35872
35916
35916
35916
36034
36105
36434
36488
37215
37504
37504
37504
37504
37504
37528
37528
37528
38653
39103
39289
39579
39579
39743
39761
39761
40089
40634
40706
41193
42940
43552
44270
46394
46394
46394
46653
46732
46762
46780
48107
48728
48772
48864
48864
48864
48866
