284
329
329
329
782
1753
1803
2320
2344
2508
2614
2840
3201
3273
3273
3370
3511
3571
3650
3723
3723
3806
3940
3968
4442
4442
4442
4442
4499
4581
4667
5000
5084
5128
5128
5440
5440
5473
5876
6401
6401
6401
6401
6414
6889
7023
7023
7341
7446
7449
7449
7533
7561
7724
7762
7832
8206
8734
8894
9149
9351
9358
9651
9776
9839
9856
9985
10126
10258
10402
10995
11776
11922
11939
11939
12168
12414
13124
13256
13270
13597
13633
13827
14598
14991
15051
15408
15408
15583
15583
15583
15596
15650
15650
15816
15840
15954
16017
16374
16476
16850
16896
17094
17149
17149
17149
17404
17404
17878
18007
18112
18292
18446
18612
18660
18660
18660
18660
18660
18660
19011
19011
19216
19216
19380
19734
19774
19906
19920
20204
20321
21006
21018
21295
21643
21643
21922
22230
22236
22567
22568
22568
22724
22956
23042
23087
23218
23317
23473
23514
23515
23520
23632
23682
23706
24169
24253
24253
24920
24954
25901
25902
26058
26058
26690
26719
27534
27768
27927
27932
28021
28070
28260
28569
28569
28569
28590
28911
28943
29113
29409
29409
29409
29409
29409
29409
29409
29437
29778
29848
29848
30309
30432
30596
30715
30957
30957
31351
31621
31753
31805
31974
32178
32178
32178
32187
32187
32564
32564
32564
32739
32768
32795
32795
33016
33249
33320
33749
33901
34050
34050
34050
34050
34211
34424
34488
34488
34829
35125
35276
35450
35942
35942
35953
36069
36078
36100
36274
36365
36623
36662
36975
36987
37064
37249
37471
37627
37644
37644
37644
37651
37831
38158
38218
38274
38274
38291
38323
38327
38328
38525
38608
38647
38652
38652
38954
39738
40756
40971
41012
41099
41099
41110
41159
41193
41204
41685
41817
41875
42752
42803
42809
43115
43115
43129
43129
43129
43129
43375
43407
43410
43493
43631
43858
43987
43996
44014
44543
45141
45310
45477
45815
45954
45954
45954
46135
46394
46413
46690
46732
46854
46964
47234
47310
47344
47581
47704
47724
47748
47818
47901
48098
48150
48154
48664
48767
48769
48926
48926
