883
1049
1159
1237
1582
1913
1913
2540
2885
2885
3197
3370
3600
3617
3618
3650
3723
3723
3837
4395
4477
4480
4480
4487
4571
4581
4667
5128
5440
5440
6401
7023
7023
7170
7208
7859
7859
7859
7859
7859
7859
7859
7859
7859
7859
7859
7899
7975
7999
7999
8489
8900
8975
9149
9161
9253
9253
9253
9253
9351
9358
9814
9816
9902
9902
9985
10368
10439
10439
10439
10439
10439
10439
10738
10805
10995
11652
11849
11939
11939
12002
12168
12414
12575
12838
12838
12841
12841
12841
13124
13140
13150
13597
13698
13732
13732
13827
14016
14055
14121
14850
14991
15051
15408
15493
15596
15640
15650
15650
15790
15816
15834
15923
16017
16075
16476
16850
17068
17074
17404
17404
17799
17910
17910
18112
18292
18381
19011
19011
19216
19216
19734
19774
20063
20204
21295
21329
21420
21594
21639
22567
22569
22724
22907
22907
22907
22907
22907
22907
22907
22907
22907
22932
23049
23140
23143
23294
23473
23510
23514
23515
23515
23515
23520
23532
23682
23706
23706
24015
24253
24253
24253
24253
24490
24632
24920
24954
25047
25547
25692
25692
25693
25901
25902
26050
26054
26106
26298
26524
26690
26897
27534
27541
27603
27655
27655
27656
27780
27927
27932
27971
28260
28509
28509
28509
28509
28509
28509
28509
28569
28569
28569
28623
28623
28623
28623
28854
28856
28904
28932
29113
29321
29847
29934
29934
30202
30298
30319
30414
30414
30431
30432
30714
30715
31079
31145
31269
31618
31994
32173
32176
32187
32187
32476
32768
32795
32795
32856
33012
33016
33054
33054
33108
33591
33591
33901
33910
33910
33994
34389
34488
34488
34488
34489
34489
34519
34829
34832
34833
34859
34859
34957
34957
34957
34957
34958
34976
35001
35001
35001
35001
35125
36069
36078
36090
36100
36157
36178
36181
36186
36186
36236
36242
36250
36250
36297
36297
36297
36297
36297
36298
36436
36662
37036
37064
37249
37296
37316
37451
37471
37471
37476
37546
37627
37914
37914
37914
38274
38274
38286
38286
38291
38324
38327
38328
38525
38601
38652
38652
39186
39186
39186
39186
39186
39328
39340
39531
39535
39535
39650
39650
39650
39650
39738
39829
39893
40621
41024
41033
41092
41118
41159
41204
41784
41803
42418
42418
42418
42755
42755
42755
42803
42809
42818
42828
43036
43036
43036
43036
43036
43036
43036
43103
43129
43129
43157
43493
43579
43658
43837
43858
44633
44993
44993
44995
45141
45312
45477
45723
45954
45954
46028
46037
46113
46394
46413
47344
47555
47581
47724
47791
48098
48294
48464
48588
48603
48603
48612
48664
48728
48891
48977
48978
49348
