183
1159
2322
3723
3951
4107
4571
4571
4833
4835
5469
5469
5627
5627
5896
6259
6433
6529
7023
7610
7896
8956
8956
10206
10665
11866
11866
12627
13001
13049
13049
13077
13121
13121
14245
14619
15016
15490
15970
16809
16913
16913
18893
20941
21688
22907
23245
23245
23537
24698
27627
27768
28018
28248
28916
28958
29196
29196
30413
31219
32129
33123
33156
33678
34324
34489
34699
34699
34699
35149
35434
36178
37295
38218
38326
38339
38653
39686
39687
40708
40709
42283
42418
42696
42818
42837
43837
43996
45374
45686
45809
45954
46134
47583
47818
47882
48119
48978
49369
