426
522
688
885
893
921
962
962
968
995
1131
1159
1309
1668
1668
1671
1773
1896
2103
2327
2398
2540
3129
3150
3363
3363
3447
3590
3723
3723
3723
4363
4395
4563
4571
4571
5127
5133
5272
5272
5296
5440
5469
5633
5775
5775
5775
5833
6878
7110
7197
7208
7228
7236
7259
7341
7341
7341
7533
7561
7576
7661
7748
7859
7859
7859
7859
7896
7896
7896
7999
7999
7999
7999
7999
7999
7999
7999
7999
8142
8315
8317
8317
8354
8380
8459
8918
8918
8951
8955
8956
8956
8975
9076
9839
9845
10019
10180
10180
10205
10206
10396
10433
10438
10443
10869
10966
11358
11763
11763
11763
11763
11763
11816
11836
11840
12072
12088
12575
12627
12684
12693
12693
12694
12831
12877
12971
13056
13256
13296
13592
13732
14010
14283
14876
14876
14987
15150
15273
15273
15293
15408
15408
15596
15596
15624
15833
15834
15834
15848
16174
16245
16341
16524
17068
17068
17068
17068
17068
17068
17302
17369
17369
17851
18278
18441
18762
18995
18995
18995
19225
19331
19760
19886
20379
20498
20500
20500
20535
20905
21412
21412
21414
21417
21417
21417
21841
22065
22076
22108
22130
22130
22194
22388
22409
22411
22907
22907
22907
22907
22907
22907
23148
23247
23294
23510
23706
23794
23794
24038
24047
24169
24169
24169
24169
24253
24557
24582
24582
24904
24923
25241
25550
25552
25908
26298
26437
27427
27427
28070
28076
28090
28112
28230
28426
28509
28509
28623
28623
28623
28645
28738
28937
29321
29640
29640
29640
29802
29802
29802
29934
29992
30087
30202
30298
30298
30413
30414
30414
30596
30600
30882
30892
31052
31145
31282
31374
31374
31374
31374
31374
31374
31477
31527
31618
31618
31618
31735
31735
31994
31994
31996
31996
32043
32173
32174
32518
32555
32766
32768
32866
33012
33041
33051
33093
33097
33356
33509
33509
33509
33591
33591
33591
33910
33910
33930
33943
33960
34424
34489
34859
34859
34859
34976
35611
35622
35622
36069
36069
36157
36161
36161
36178
36264
36298
36434
36434
36697
37061
37064
37064
37064
37064
37064
37161
37295
37295
37298
37299
37316
37316
37419
37455
37455
37461
37609
37791
37880
37880
37880
37887
38094
38100
38113
38123
38218
38286
38286
38286
38307
38326
38326
38342
38382
38516
38620
38653
38653
38667
38845
38994
39382
39495
39624
40200
40200
40385
40825
40992
41118
41118
41118
41154
41193
41409
41615
41615
41703
41703
41703
41703
41865
41865
41933
42418
42418
42418
42418
42418
42418
42418
42418
42418
42420
42681
42818
42818
42828
42828
42828
42828
42828
42828
42828
42828
42887
42887
42887
43036
43036
43053
43129
43160
43413
43579
43606
43658
43837
43837
43996
43996
43996
45209
45374
45397
45495
45519
45682
45822
46134
46188
46188
46291
46696
46732
46854
46898
47261
47261
47265
47349
47349
47349
47352
47352
47399
47598
47980
48090
48090
48121
48121
48603
48603
48603
48603
