287
329
329
352
1009
1065
1120
1146
1431
2128
2128
2508
3026
3211
3803
3805
3810
3821
3824
4689
4790
5124
5133
5133
5133
5506
5506
5506
6245
6245
6245
6245
6790
6983
7287
7321
7581
7639
7647
8793
8793
8951
8952
8954
8956
8956
9179
9731
10259
10294
10570
10616
10758
10823
10998
10998
11041
11041
11288
12032
12333
12464
12583
12593
12683
12683
12683
12683
12683
12743
12804
13049
13121
13124
14135
15392
15408
15408
15446
15817
15817
16020
16129
16365
16524
16524
16898
17052
17094
17094
17094
17118
17118
17258
17314
17873
17899
18100
18107
18107
18107
18107
18112
18572
18572
18572
18572
18572
18572
18585
18668
18668
18754
19466
19670
19774
19850
20877
21357
21391
21639
22113
22500
22500
22500
22502
22567
22847
22847
22907
22907
22907
22907
22907
22964
22964
23042
23245
23245
23245
23247
23247
23247
23247
23396
23535
24038
24253
24981
25289
25293
25456
26401
26836
26991
26991
26991
27685
28030
28030
28112
28230
28716
28889
28968
29205
29756
29951
29971
30304
30304
30717
30890
30987
30987
31146
31535
31632
31643
31883
31883
31883
31884
31893
31925
31925
32901
33509
33509
33509
33559
33559
33591
33591
33678
33803
34073
34424
34438
34438
34449
34479
34488
34859
35433
35433
35833
35916
35916
35916
35965
35965
35965
35968
35991
36069
36069
36263
36362
36365
36365
36365
36365
36365
36365
36365
36682
36993
37004
37027
37172
37172
37173
37173
37173
37173
37173
37224
37224
37369
37547
37551
37913
37913
37914
37914
37933
38079
38158
38218
38327
38335
38342
38418
38419
38873
38873
38988
39222
39497
39552
39562
39864
40011
40289
40655
40757
40757
41023
41023
41099
41099
41112
41112
41112
41154
41154
41619
41619
41861
42071
42278
42408
42947
42956
42966
43053
43053
43228
43228
43228
43659
43834
43968
43997
44015
44608
44961
44961
45005
45142
45459
45466
45466
45634
45776
46135
46180
46732
46732
46898
46970
47155
47310
47544
47544
47777
47804
47804
47933
48082
48119
48786
48866
48937
48949
48951
