284
284
361
598
1492
1493
1766
1766
1913
1913
1913
2132
2267
2303
2320
2322
2404
2494
2711
3132
3150
3555
3590
3618
3723
3942
3943
4023
4664
4790
4852
5132
5133
5263
5266
5266
5270
5272
5273
6231
6321
6492
6795
6976
6977
7082
7245
7245
7268
7289
7405
7405
7405
7407
7407
7407
7448
7449
7534
7581
7722
7859
7896
7936
7999
7999
8059
8059
8354
8359
8359
8359
8359
8423
8785
8956
8956
8956
8956
9032
9180
9351
9704
9780
9821
10087
10208
10208
10208
10571
10821
10822
10870
10916
11115
11288
11337
11396
11485
11504
11621
11695
11793
11813
11839
12110
12261
12330
12340
12414
12414
12414
12502
12502
12627
12627
12678
12678
12678
12678
12686
12702
12971
13065
13240
13242
13297
13297
13389
13470
13506
13750
13900
13936
14345
14467
15051
15053
15462
15467
15493
15603
15683
15754
15804
16075
16292
16295
16297
16333
16524
16786
16844
16848
17009
17081
17081
17149
17149
17164
17302
17626
17668
18727
18729
18833
18920
18995
19011
19011
19011
19011
19011
19011
19011
19011
19011
19011
19017
19017
19017
19056
19208
19330
19751
19884
19891
20055
20204
20212
20286
20755
20923
21299
21299
21329
21329
21391
21420
21705
22071
22107
22130
22156
22230
22277
22429
22552
22567
22727
22747
22904
22907
22907
22907
22907
22907
22907
22907
22907
22908
22908
23074
23089
23247
23416
23476
23510
23514
23515
23531
23531
23706
23817
24169
24224
24253
24341
24478
24582
24781
24957
25747
26102
26452
26568
26572
26576
26700
27145
27261
27331
27695
27696
28107
28396
28509
28624
28626
28911
28958
28967
28998
29094
29094
29295
29295
29544
29713
29730
29983
29986
29992
30063
30063
30202
30202
30304
30304
30304
30386
30586
30586
30618
30714
30717
30890
31039
31078
31145
31145
31351
31489
31504
31618
31749
31883
32017
32017
32252
32266
32465
32466
32615
32739
32795
33024
33054
33200
33213
33477
33477
33501
33501
33653
33654
33910
33950
33964
34036
34040
34050
34107
34358
34463
34479
34486
34488
34488
34488
34488
34488
34488
34488
34488
34488
34488
34496
34511
34511
34859
34859
34859
34922
35204
35253
35667
35893
35991
36055
36069
36078
36090
36160
36250
36297
36297
36297
36420
36458
36488
36995
37064
37064
37064
37264
37296
37298
37627
37913
38049
38113
38154
38165
38321
38326
38326
38327
38327
38334
38342
38520
38520
38643
38654
38718
38841
38845
38845
38986
38998
39034
39080
39110
39580
39820
39867
39897
39917
40234
40234
40615
40631
40695
40980
41078
41118
41119
41154
41703
41703
42132
42138
42275
42418
42418
42418
42418
42418
42418
42418
42418
42713
42825
42828
42828
42828
42887
42928
42928
42928
42928
42928
42929
42929
42932
43053
43093
43102
43129
43229
43355
43649
43658
43834
43837
43837
43837
43837
43837
43837
43858
43858
43996
44734
44789
44789
45310
45564
45655
45809
45954
45954
46136
46188
46291
46898
47349
47362
47382
47561
47861
47884
47918
48008
48009
48103
48142
48173
48355
48363
48420
48423
48424
48448
48728
48755
48881
48925
48925
48926
48949
48949
48949
48949
48949
48954
48958
48959
48976
