382
1159
1670
1671
1671
1791
1841
2126
2508
2512
2523
2540
2540
2540
2540
2785
2785
2785
3128
4012
4316
4853
4941
5387
5621
5714
6609
6666
6967
7023
7116
7197
7208
7208
7561
7561
7663
7709
7721
7721
7721
7721
7832
7978
7999
7999
8292
8292
8293
8354
8874
8927
9293
10275
10439
10439
10657
11783
11793
12073
12079
12079
12085
12085
13089
13647
14158
15051
15051
15051
15051
15150
15272
15272
15561
16147
16447
16955
16955
17385
17405
17405
18001
18002
18002
19011
19042
19355
19774
21310
21838
21838
22076
22192
22907
22932
23007
23074
23074
23074
23074
23140
23140
23141
23472
23510
23531
23532
23537
23793
23794
23794
23794
24070
24162
24162
24806
25246
25551
25892
25892
26031
26031
26571
27335
27559
27559
28112
28369
28731
29404
29409
29409
29409
29409
29418
29729
29729
29730
29738
29738
29738
29738
29934
29934
29934
30414
30549
30586
30890
30890
31195
31195
31351
31352
31757
31884
31994
31994
31994
31994
31994
33655
33661
34050
34424
34671
34829
35450
35450
35522
35646
35965
35965
35965
36094
36157
36157
36157
36157
36157
36159
36160
36160
36160
36161
36161
36186
36186
36186
36186
36186
36365
36434
36492
36529
36529
36919
37100
37100
37100
37100
37100
37395
37455
37455
37512
37513
37513
37514
38041
38113
38120
38334
39103
39364
39562
39562
39630
39825
40787
41207
41513
42088
42088
42088
42244
42409
42522
42818
42818
42818
42818
42828
42828
42940
43036
43129
43129
43194
43407
43441
43906
43996
44684
45374
45682
45727
45793
45794
45954
46045
46279
46479
46732
46757
46757
46757
46818
46880
46880
46883
46898
46898
46898
47470
47869
47958
48294
48298
48298
48298
48298
