109
284
371
409
426
610
933
1204
1501
1913
1913
1913
2409
2508
2713
2980
2980
2980
3128
3211
3212
3646
3723
3943
3943
4529
4571
4664
4780
4790
5382
5480
5485
5507
5713
6231
6231
6231
6231
6967
7023
7023
7197
7197
7259
7287
7287
7287
7449
7534
7610
7610
7999
7999
7999
8142
8656
8656
8806
8807
8956
8956
8956
9032
9032
9209
9489
9761
9761
10163
10174
10570
10738
10738
10805
10869
10972
10997
11115
11626
12059
12059
12110
12414
12582
12604
12604
12605
12605
12805
12838
12949
13049
13142
13284
13444
13444
13444
13444
13470
13505
13506
13610
13825
13825
13975
14311
14566
15320
15408
15408
15408
15488
15488
15489
15489
15489
15550
15584
15787
15790
16333
16524
17149
17622
17872
18206
18407
18729
18872
19011
19011
19011
19011
19011
19011
19014
19017
19017
19017
19017
19017
19017
19122
19205
19513
19579
19601
19601
19601
19602
19604
19670
19670
20005
20005
20293
20424
20596
20755
20755
20755
20755
21267
21303
21555
21890
21890
21974
21974
21974
21974
22104
22230
22363
22500
22612
22612
22631
22631
22631
22647
22647
22647
22723
22888
22907
22908
22948
23042
23245
23414
23477
23482
23510
23510
23515
23515
23557
23835
23937
24124
24135
24135
24135
24344
24482
24490
24672
24699
24699
24699
24699
24720
24957
25089
25377
25916
25918
26078
26090
26090
26120
26409
26640
26641
26647
26872
27557
27559
27685
27745
27958
27972
28035
28074
28117
28230
28321
28509
28509
28509
28516
28803
28859
28859
28900
28911
28911
28911
28967
28968
29356
29370
29409
29533
29536
29536
29536
29536
29538
29541
29541
29541
29541
29541
29614
29756
29828
30304
30414
30414
30432
30471
30471
30493
30611
30672
30672
30877
30890
30890
30890
30890
30936
30987
30987
31091
31103
31219
31351
31351
31735
31749
31749
31787
31787
31804
31804
31805
31805
31900
31994
32174
32174
32176
32221
32266
32466
32768
33054
33197
33197
33477
33964
34324
34324
34327
34424
34488
34488
34489
34511
34511
34511
34519
34558
34612
34730
34838
34838
34952
35023
35040
35070
35143
35146
35204
35408
35450
35450
35450
35450
35450
35450
35450
36069
36178
36181
36184
36242
36260
36262
36437
36437
36509
36515
36832
37022
37027
37298
37299
37320
37367
37455
37618
37828
37834
37903
38016
38031
38094
38218
38218
38218
38286
38323
38326
38326
38418
38539
38608
38608
38653
38746
38785
38986
39085
39127
40089
40091
40199
40695
40704
40706
40786
41047
41047
41157
41190
41194
42514
42809
42809
42809
42809
43036
43053
43053
43060
43103
43129
43129
43129
43355
43359
43362
43362
43362
43444
43631
43658
43827
43846
44701
44935
45567
45776
46012
46089
46134
46135
46135
46135
46184
46231
46343
46392
46399
46399
46413
46413
46627
46732
46732
46835
46943
46972
47274
47274
47274
47274
47339
47349
47599
47818
47818
47819
48092
48119
48119
48142
48294
48374
48423
48424
48603
48603
48603
48763
48767
48774
48774
48913
48914
48937
48954
48954
48954
48954
48954
48954
48954
48954
48954
48954
48954
48954
48954
48954
48954
48954
48954
48954
48954
48959
49199
49200
49200
49200
