389
782
1047
1431
1571
1571
2711
2711
2779
2888
3046
3128
3150
3477
3477
3481
3481
3481
3492
3675
4105
4107
4108
4115
4557
4557
4557
4701
4702
5068
5068
5068
5068
5068
5128
5188
5197
5197
5197
5677
5781
5781
5781
5781
6231
7075
7075
7075
7075
7517
7517
7896
7899
8232
8280
8918
9018
9351
10114
10358
10368
10368
10376
10398
10438
10447
10477
10477
10830
10830
10959
10959
10959
11030
11088
11116
11271
11429
11454
11965
11965
11965
12016
12059
12363
12440
12724
12724
12724
13140
13142
13142
13169
13188
13319
13424
13663
13869
14446
14545
15160
15169
15676
15759
16359
16405
16467
16995
17082
17214
17237
17302
17627
18079
18079
18079
18305
18333
18530
19236
19506
19506
19508
19513
19513
20019
20019
20062
20075
20236
20236
20735
21306
21329
21329
21354
21711
21889
22166
22393
22467
22502
22907
22907
23245
23327
23327
23327
23327
23327
23327
23414
23414
23510
23534
23707
23707
23707
24049
24390
24390
24780
24780
24780
24780
24780
24780
25071
25293
25297
25408
25898
26002
26401
26422
26849
26886
26894
26897
27010
27182
27182
27541
27603
27603
27628
27655
27655
27655
27716
27734
27734
27778
27779
27785
27786
28626
28852
28909
28952
29301
29301
29307
29463
29463
29463
29463
29463
29463
29463
29463
29713
29857
30219
30219
30471
30586
30881
30882
31039
31202
31374
31994
31994
31994
31994
31994
32171
32173
32174
32795
32795
32853
32858
32858
32858
32858
33024
33183
34209
34209
34260
34260
34265
34298
34409
34472
34484
34488
34488
34488
34488
34526
34859
34957
34957
34957
34957
34957
34957
35450
35991
35991
35991
36181
36297
36442
36442
36488
36515
36515
36614
36614
36614
36614
36614
36614
36614
36701
37295
37295
37295
37296
37363
37363
37410
37451
37471
38128
38339
38520
38526
38552
38845
39102
39125
39283
39472
39624
39688
39820
39849
40234
40314
40314
40314
40971
40985
41023
41023
41408
41587
42232
42232
42232
42232
42232
42418
42818
43019
43036
43036
43036
43036
43129
43413
43496
43631
43744
44541
45009
45502
45843
46135
46136
46136
46136
46175
46189
46525
46917
46917
46917
46917
47266
47310
47341
47593
47783
47783
47783
47861
47869
48949
