87
329
607
954
1159
2309
2370
2392
3119
3187
3633
3689
3719
3803
3804
3804
3805
4330
4571
5133
5369
5469
5506
5759
5759
5775
5775
5775
5775
5920
5972
6259
6259
6887
7023
7896
7975
7975
7978
7999
7999
7999
7999
7999
8142
8170
8421
8839
8951
8951
8952
8954
8975
9032
9032
9032
9334
9362
9372
9648
9684
9731
10168
10427
10427
10738
10815
11063
11463
11644
11715
11733
11742
11891
11947
12095
12693
12693
12694
12716
12805
13142
13480
13597
13613
13619
13619
13699
13744
13893
13894
13940
13940
14016
14210
15053
15053
15790
15954
16025
16370
16370
16524
16797
16894
16961
17555
17577
18207
18275
18291
18502
18524
18618
18618
18618
18618
18873
18995
18995
19056
19328
19574
19891
20016
20029
20241
20536
21299
21610
21643
21644
21909
21910
21910
21916
21974
22055
22065
22076
22076
22130
22392
22904
22907
22949
22949
23245
23294
23510
23510
23706
24345
25109
25552
25733
26049
26049
26050
26401
26576
26591
26666
26903
27007
27425
27425
27425
27486
27678
27695
27734
27995
28027
28375
28509
28987
29748
29753
29951
30202
30233
30309
30413
30413
30542
30542
30890
30914
31027
31036
31145
31202
31618
31618
31652
31664
31784
31883
31883
31994
31996
32129
32129
32171
32465
32856
33115
33368
33501
33591
34009
34023
34324
34389
34389
34389
34424
34516
34535
34556
34730
34774
34859
34939
34939
35307
35310
35327
35550
35550
35833
35968
36146
36146
36157
36157
36157
36157
36157
36157
36159
36160
36160
36161
36178
36515
36602
36609
36662
36697
36774
36993
37002
37090
37196
37264
37506
37553
37570
37718
37791
37902
37902
37913
38051
38113
38171
38171
38171
38171
38218
38218
38286
38326
39046
39372
39495
39513
39535
39642
40540
40606
40729
40729
40790
40971
40971
40971
41047
42269
42418
42468
42680
42752
42752
42818
42828
42828
42828
42882
42882
42882
42887
42887
42940
43036
43129
43129
43552
43838
43838
43838
43838
44794
44803
44854
44860
44860
44860
44910
44910
45361
45384
45823
46135
46135
46135
46326
46413
46732
46732
46780
46780
46780
47253
47261
47365
47481
47588
47882
48142
48294
48298
48298
48377
48603
48728
48866
48915
48951
