268
546
568
583
933
1159
1413
1824
1848
1855
1891
2323
2642
2787
2951
3113
3150
3590
3602
3723
3723
3900
4214
4419
4419
4474
4571
4571
4760
4780
4790
4978
5368
5742
5882
5882
5890
5983
6255
6433
6459
6609
6782
6782
6795
7197
7197
7217
7506
7661
7722
7913
7976
7976
7979
7979
7979
7999
7999
8206
8237
8414
9836
9856
9856
10196
10206
10221
10368
10900
10900
10900
10900
10959
10959
10974
11077
11115
11621
11691
11709
11779
11784
11784
11784
11793
11836
11842
12079
12110
12110
12330
12337
12362
12804
12805
12871
12971
12971
13049
13141
13244
13246
13296
13296
13296
13297
13312
13312
13312
13312
13312
13312
13312
13312
13312
13312
13312
13318
13708
14071
14232
14827
14913
15467
15600
15754
15818
16253
16268
16410
16796
16839
16863
16960
17082
17149
17149
17149
17149
17149
17149
17149
17149
17149
17149
17149
17149
17149
17149
17149
17149
17149
17149
17149
17149
17149
17164
17743
17826
18023
18173
18278
18295
18618
18618
18618
18618
18639
18761
18761
18762
19011
19015
20043
20047
20204
20336
20424
20755
20755
20877
20877
21279
21323
21857
22327
22352
22392
22392
22393
22401
22558
22567
22573
22573
22589
22647
22647
22647
22647
22647
22647
22647
22647
22647
22907
22907
23003
23003
23003
23003
23003
23014
23074
23206
23317
23476
23510
23510
23514
23514
23515
23515
23535
23560
23560
23706
24038
24048
24136
24169
24169
24169
24169
24478
24672
24890
25015
25313
25341
25346
25349
25395
25547
25547
25547
25547
25547
25547
25547
25547
25547
25883
26401
26409
26409
26584
26785
26799
26818
26832
27530
27530
27530
27545
27684
27684
27971
28105
28598
28632
28632
28845
28854
28896
28905
28922
28972
29044
29044
29409
29640
29682
29713
29714
29869
29992
30084
30084
30122
30298
30298
30362
30494
30586
30586
30586
30596
30596
30596
30697
30890
31006
31083
31141
31238
31618
31735
31735
31787
31891
31891
32017
32174
32174
32343
32465
32465
32518
32768
33054
33054
33054
33368
33425
33458
33653
33734
33734
33734
33945
34072
34083
34204
34298
34359
34383
34558
34568
34750
35059
35246
35334
35425
35550
35610
35621
35621
35621
36069
36069
36069
36178
36184
36365
36365
36434
36437
36489
36811
36829
36839
36891
36923
36923
36923
37061
37061
37061
37061
37061
37061
37061
37061
37061
37061
37061
37064
37064
37064
37064
37296
37356
37356
37455
37506
37828
38121
38143
38326
38326
38342
38349
38352
38352
38352
38352
38352
38352
38352
38418
38418
38418
38419
38419
38530
38545
38656
38656
38829
38986
39495
39820
40064
40082
40234
40289
40291
40291
40448
40448
40729
40784
40784
40786
40954
40954
41032
41074
41118
41396
41406
41406
41411
41583
41583
41860
41948
41948
41948
41948
41948
42034
42232
42250
42284
42329
42392
42419
42496
42691
42691
42691
42819
42828
43181
43359
43362
43362
43464
43543
43658
43834
43846
43934
43996
44226
44961
45263
45654
45814
46033
46134
46188
46188
46413
46465
46690
46854
46865
47349
47372
47385
47791
48061
48061
48118
48118
48354
48354
48423
48479
48603
48691
48949
48980
49194
49194
49194
