155
287
570
775
933
1009
1009
1010
1040
1079
1146
1159
1471
1567
1627
1633
1680
1723
1723
1913
2070
2160
2409
2544
2544
2546
2663
2691
2691
2691
2691
2713
2980
2997
3046
3850
3962
4412
4713
4717
4787
5133
5227
5237
5268
5269
5650
5775
5775
5935
6408
6410
6414
6417
6878
6878
6889
7061
7208
7245
7268
7285
7405
7546
7637
7806
7828
7853
7859
7916
7916
7916
7975
7975
7975
7975
7976
7976
7978
7978
7978
7999
7999
7999
7999
7999
7999
7999
8000
8206
8219
8380
8663
8951
9760
9880
9934
10128
10206
10206
10570
10655
10738
10738
10738
10865
10865
10902
11115
11120
11159
11284
11288
11710
11784
11790
11857
11857
12452
12514
12514
12559
12579
12582
12702
13049
13049
13049
13140
13141
13150
13150
13281
13281
13296
13297
13512
13512
13936
13936
13967
14009
14009
14010
14018
15443
15446
15489
15489
15603
15683
15731
15790
15971
16307
16786
17149
17149
17149
17149
17265
17265
17474
17675
18572
18618
18618
18618
18618
18618
18761
18799
19005
19011
19011
19011
19011
19011
19011
19011
19015
19015
19017
19167
19205
19225
19225
19349
19349
19472
19482
19576
19576
19952
20142
20367
20755
20755
20773
21974
21974
22075
22116
22219
22283
22337
22338
22339
22905
22907
22907
22907
22907
22907
23089
23487
23497
23506
23510
23510
23510
23515
23515
23557
23557
23706
23874
23968
24025
24038
24048
24070
24101
24162
24456
24957
25243
25550
25551
25976
25976
26117
26352
26401
26568
26584
26700
27007
27007
27093
27464
27541
27541
27971
27972
28378
28665
28771
28916
28986
29301
29409
29532
29533
29713
29847
29847
30298
30301
30471
30471
30472
30764
31036
31044
31083
31108
31145
31145
31163
31352
31427
31501
31638
31808
31924
31993
31993
31993
31993
31993
31993
31993
31997
31998
32011
32011
32011
32011
32017
32017
32129
32129
32288
32457
32466
32477
32478
32763
32763
32766
32766
32768
33058
33183
33200
33501
34073
34204
34424
34427
34427
34488
34488
34488
34488
34511
34581
34859
34922
35144
35513
35523
35523
35523
35523
35610
35610
35610
35621
35632
35660
36004
36011
36090
36141
36141
36178
36178
36184
36437
36448
36457
36622
36638
36783
36991
37053
37064
37064
37064
37064
37064
37064
37078
37084
37084
37084
37086
37177
37179
37295
37298
37298
37418
37418
37913
38051
38158
38158
38158
38158
38163
38171
38171
38171
38171
38171
38218
38315
38326
38326
38326
38334
38418
38576
38608
38608
38614
38653
38654
38654
38656
38800
39080
39089
39495
39624
39644
39829
39878
39883
39883
39885
40124
40234
40234
40449
40510
40699
40952
41099
41099
41110
41154
41305
41363
41865
42050
42068
42284
42329
42410
42418
42418
42500
42696
42714
42794
42809
42818
42818
42821
42928
43058
43129
43208
43362
43421
43488
43579
43582
43606
43827
43838
43846
43927
43996
43996
43997
44014
44014
44014
44020
44453
44797
44797
44819
44878
44899
45310
45654
45654
45725
45798
45815
45954
46055
46135
46291
46291
46291
46437
46438
46653
46722
46732
47305
47310
47349
47803
47818
47882
48045
48118
48634
48774
48866
48954
48981
