155
706
807
930
954
954
1009
1009
1009
1196
1196
1196
1238
1349
1584
1668
2154
2517
2560
2688
2924
3919
3919
3919
4105
4505
5367
5380
5380
5380
5396
7023
7023
7023
7899
8035
8961
9760
9899
9935
10328
10530
10830
10902
11677
12104
12104
12104
12104
12106
12459
12627
12682
12830
13051
13121
13296
13477
13628
13651
13930
13936
14009
14684
15078
15232
15408
15408
15683
15683
15683
15683
15683
15683
15683
16147
16524
16919
17053
17057
17302
18314
18675
19011
19120
19121
19130
19791
19879
20063
20156
20424
20763
20765
20854
20854
20854
20923
21069
21073
21083
21083
21086
21295
21295
21300
21348
21396
21591
21591
21970
22018
22283
22283
22283
22297
22409
22555
22907
22907
22964
23074
23515
23537
23706
24162
24162
24177
25482
26106
26302
26352
26360
26361
26362
26695
26991
26991
27232
27331
27410
27854
27855
27855
28760
28760
28760
28760
28760
28806
28931
28958
28958
28974
29213
29213
29409
29409
29827
29910
29934
29934
30282
30471
30493
30712
30712
30717
30987
31044
31245
31476
31843
32174
32175
32466
32495
32683
32763
32769
32795
32893
32893
32901
32901
33858
33858
33858
33858
33910
34322
34322
34424
34424
34424
34424
34424
34424
34853
34853
34853
34981
34981
34982
34982
35812
35969
35969
36078
36078
36147
36250
37062
37062
37172
37264
37287
37471
37471
38136
38167
38167
38167
38167
38167
38336
38336
38336
38339
38340
38419
38525
38532
38717
38845
38986
39103
39562
39769
39857
39857
40234
41110
41687
41687
41687
42818
42828
43053
43382
43414
43631
43996
43996
45263
45263
45263
45374
45466
45611
45642
45750
45751
45754
45761
45770
45954
45955
45955
46136
46136
46250
46415
46415
46545
46549
46549
46550
46732
46860
46890
46890
46894
47207
47253
47325
47904
48003
48003
48120
48120
48120
48120
48120
48120
48294
48298
48298
48303
48330
48330
48330
48423
48423
49228
49228
49333
