421
907
907
919
919
921
923
1159
1159
1454
1455
1463
1467
1669
2128
2135
2267
2267
2517
2523
2703
2703
4098
4411
4634
4634
4634
4898
4936
5124
5133
5259
5259
5260
5260
5260
5358
5413
5424
5786
5786
5786
5786
5786
5786
5786
5786
5786
6556
6951
7023
7245
7287
7532
7534
7704
7811
7896
8081
8081
8776
8837
8956
9095
9101
9101
9101
9229
9229
9229
9229
9230
9307
9308
9782
9875
9899
9983
10101
10128
10297
10396
10507
10684
10867
10869
10935
10963
10963
10969
11106
11231
11231
11329
11329
11442
11443
11612
11621
12303
12442
12452
12500
12514
12514
12514
12514
12514
12518
12564
12575
12678
12697
12706
12814
12814
12841
12968
12971
13002
13009
13012
13121
13533
14224
14224
14303
14945
14965
14966
14966
14972
14972
15235
15235
15297
15462
15496
15596
15717
15754
15954
15954
15954
15955
16267
16392
16472
16524
16524
16954
17177
17227
17404
17435
17435
17453
17793
17842
18292
18738
18962
19015
19015
19064
19392
19419
19434
19589
19651
19670
19733
20755
20877
21096
21519
21622
21953
22315
22468
22479
22479
22479
22552
22552
22555
22555
23074
23089
23402
23514
23902
24066
25555
25674
25696
25857
25875
26218
26401
26765
26990
27013
27103
27410
27410
27410
27410
27410
27410
27465
27467
27541
27971
27971
28699
28750
28750
28827
28931
29249
29307
29312
29312
29409
29409
29713
29778
29827
29934
29934
30098
30202
30260
30298
30362
30422
30422
30643
30643
30643
30805
30872
30890
30890
31351
31672
31697
31789
31845
31870
31870
31870
31870
32765
33427
33905
34181
34324
34347
34488
34519
34525
34571
34784
34988
34988
34988
34988
35331
35436
35436
35436
35502
35628
35659
35680
36078
36078
36099
36675
37064
37299
37367
37369
37370
37508
37785
37846
37871
38249
38327
38418
39716
41652
41938
42269
42713
42804
43355
43355
43631
43631
43631
43834
43834
43834
43846
43846
44226
44228
44229
44386
44961
45181
45272
45281
45281
45310
45567
45654
46135
46142
46184
46220
46413
46479
46479
46732
46747
46752
46854
47055
47356
47693
48035
48393
48675
48684
48804
48823
48836
48974
