506
506
518
865
904
904
1120
2601
2601
3150
3684
7687
8118
8956
9814
9814
10091
10477
10738
10738
10805
10959
10998
11617
11621
12032
12497
12497
12497
12575
12683
12683
12683
12683
13049
13748
14224
15223
15379
15494
15754
15807
16200
16976
17095
17149
17158
17158
18275
20010
20241
20309
21329
21329
21329
21329
21329
21427
21427
21643
21644
22065
22141
22378
22568
22750
23245
23260
23510
23877
23953
24253
24502
24512
24557
24612
25313
25318
25638
25997
26049
26049
26049
26049
26502
26720
26886
26895
27033
27575
27927
28318
29301
30377
30854
30854
30855
31211
31525
31666
32765
33422
33509
33653
33654
34386
34442
34449
34489
34489
34859
34859
34859
34859
35203
35253
35316
35550
35550
35616
35798
35985
36069
36069
36107
36181
36181
36186
36186
36297
36298
36365
36995
37064
37064
37241
37280
37280
37296
37296
37471
37472
37472
37545
37914
38218
38343
38998
39082
39082
39400
39436
39850
40019
40024
40089
40101
40234
40289
41023
41099
41550
42269
42418
42418
42418
42418
42928
43837
46134
46157
46157
46701
46854
46917
46917
46917
46917
47352
47592
48075
48298
48545
