235
518
522
522
1135
1428
1428
1492
1492
1498
2546
3210
3384
3666
4439
4789
4833
6270
7023
7150
7150
7341
7685
7781
7896
8692
9179
9587
10176
10358
10531
10531
10671
10738
11450
12088
12089
12602
13296
13296
13836
13900
14828
14994
14994
14994
15408
15467
15789
15789
15790
15790
15833
16524
17046
17164
17938
18014
18947
19011
19056
19351
20030
20204
20207
20610
20881
20882
20883
21087
21087
21233
22016
22018
22155
22907
22907
22907
22907
23463
24253
24621
25248
25587
26088
26647
26666
26666
27695
27729
28021
28972
29067
29295
29295
29536
29536
29536
29541
29541
30022
30301
30376
30413
30413
30413
30414
30414
30700
31282
31494
31494
31494
31494
31718
31890
31890
31994
32265
32768
32976
33200
33910
34072
34488
34488
34488
34829
35075
35141
35253
35278
36034
36297
36297
36297
36297
36730
36735
36832
37317
38094
38094
38218
38218
38218
38322
38324
39612
40023
40024
40209
40857
40913
41469
42054
42418
42946
42983
43053
43193
43194
43355
43658
43838
44014
44543
44797
44964
45654
46033
46812
46890
46890
47265
47488
47777
47790
47819
47927
47927
48319
48393
