55
121
121
705
775
917
987
996
1449
2750
2885
3908
4107
4621
4634
4640
4640
4640
4710
5128
5133
5705
5724
5886
5886
5886
7233
7233
7233
7756
7832
8595
8798
8918
9163
9163
9708
9708
9874
10174
10353
10902
11198
11218
11219
11255
11336
11337
11578
11777
11785
11986
12325
13097
13275
13499
13586
15067
15496
15954
16628
16641
16839
16839
16844
16844
16844
16850
16883
17068
17068
17068
17533
17587
17625
17628
17628
17629
17873
17878
17878
17879
18066
19011
19015
19130
19551
19733
20515
21299
21329
21357
21420
21594
21725
21889
22065
22567
22567
22751
22821
22907
22907
22907
22907
23089
23472
23706
23706
23953
24236
24253
25892
26502
26536
26700
26818
26818
26990
26995
26995
26995
26995
27041
27541
27655
27903
27931
27931
27931
28105
28321
28321
28803
28917
29246
29301
29301
29301
29409
29640
29640
29811
29951
29986
29992
30011
30011
30275
30586
30643
30643
30717
30882
31044
31044
31870
32016
32112
32176
32179
32768
33012
33478
33657
33661
34073
34859
35291
35436
35662
35919
36069
36078
36094
36894
36975
36975
37064
37295
37295
37298
37316
37368
37600
38143
38226
38525
38578
38578
38845
38986
39743
39840
39893
39893
39893
39893
40199
41099
41110
41110
41407
42410
42410
42410
42418
42696
42696
42818
43996
44270
45263
45613
45845
45845
46055
46089
46403
46413
46438
46732
46732
47791
48119
48355
48355
48355
48355
48358
48620
