70
154
410
519
960
996
1159
1159
1159
1252
1501
1951
1951
2320
2322
2323
2621
2621
2871
3373
3373
3625
3843
4310
4789
4790
5043
5319
5621
6113
6433
6967
6983
7026
7565
7888
8280
8280
8280
8280
8280
8283
8288
8956
8956
8956
8956
8975
9035
9735
10174
10174
10655
10822
10858
10869
11116
11122
11560
11621
11628
11628
11634
11738
11745
11968
12575
12805
12819
12819
12949
13140
13141
13150
13150
13152
13297
13397
13398
13659
13681
13698
13698
13753
13769
13773
14016
14016
14016
14016
14016
14018
14018
14018
14018
14200
14596
15494
15570
16042
16218
16667
16669
16839
16863
17083
17085
17085
17085
17094
17094
17534
17622
17622
17622
17629
17629
18207
18890
19011
19011
19014
19014
19017
19056
19057
19057
19581
19760
19919
20022
20053
20059
20341
20355
20362
20370
20374
20425
20579
20579
20579
20579
21250
21323
21462
21549
21639
22075
22103
22103
22103
22103
22113
22156
22404
22675
22854
23074
23074
23089
23140
23245
23414
23414
23987
24024
24133
24253
24418
24533
24621
24621
24701
24709
24963
25688
25888
25888
25888
25888
25889
25912
25917
26350
26350
26374
26647
26647
26755
26818
26863
26867
27331
27331
27331
27618
27622
27628
27717
27717
27717
27734
27734
27785
28289
28329
28337
28569
28569
28570
28570
28570
28590
28590
28664
28664
28706
28706
28739
28779
28916
28916
28916
28916
28917
28958
28972
29454
29713
29971
30345
30422
30432
30432
30596
30596
30628
30643
30651
30707
31019
31112
31145
31551
31672
31837
31870
31870
31870
31870
31994
32017
32017
32110
32377
32397
32397
32466
32564
32679
32765
33134
33477
33477
33477
33584
33761
34033
34324
34389
34424
34424
34438
34488
34488
34603
34636
34957
35020
35024
35024
35095
35244
35245
35246
35246
35246
35247
35450
36018
36090
36090
36092
36157
36157
36157
36178
36178
36184
36184
36184
36230
36365
36590
36890
37177
37243
37296
37367
37367
37367
37368
37368
37368
37369
37375
37378
37404
37504
37618
37671
37828
37842
37842
37847
37852
37853
38181
38256
38256
38258
38273
38286
38286
38291
38323
38326
38326
38326
38326
38326
38326
38326
38327
38647
38647
38647
38697
38746
39690
39690
39690
39690
39690
39690
39690
39690
39716
39716
39716
40095
40101
40101
40287
40631
40741
40741
41099
42713
42818
42828
43129
43129
43129
43129
43129
43129
43129
43165
43279
43355
43355
43579
43579
43579
43579
43631
43631
43631
43631
43723
43827
43827
43827
43827
43827
43834
43834
43837
43848
43848
43996
43996
43996
43996
43996
44061
44063
45009
45011
45012
45012
45263
45291
45341
45383
45472
45709
45724
45776
45954
46008
46134
46134
46135
46135
46139
46139
46164
46164
46335
46344
46479
46479
46665
46827
46917
46918
46918
46918
47168
47184
47184
47184
47184
47184
47184
47184
47184
47184
47184
47310
47344
47407
47568
47586
47647
48142
48142
48294
48649
48687
48954
48959
48959
49056
