616
1009
1009
1159
1187
1364
1364
1501
1505
1913
3150
3150
3667
3824
4247
4490
4790
5108
5113
5124
5368
5614
7316
8821
9179
9661
10129
10618
11002
11450
12560
12584
12841
12841
13398
13893
13893
15051
15162
15408
15408
15446
15603
15789
15807
16341
16923
16963
17223
17575
17587
17629
17938
19011
19011
19130
19138
19581
19661
21639
21639
22351
22907
22907
22907
23074
23395
23517
23531
23534
24177
24612
26218
26770
27122
27559
27734
28321
29907
29951
29951
30414
30492
30603
30890
30917
30917
30917
30987
31028
32265
32569
33917
33964
34050
34424
34982
35040
35040
35042
35140
35310
35551
35589
35640
36078
36078
36078
36428
36491
37251
37264
37295
38094
38094
38143
38273
38291
38845
39865
41343
41363
42237
42239
42779
42779
42780
42809
42809
42809
42809
42813
42837
42966
42966
42966
43221
43382
43553
43827
43827
44229
44488
44488
44488
44490
44548
44732
44957
44961
45567
45954
45955
46113
46157
46395
46395
46397
46898
47266
47965
48125
48728
