268
1148
1159
1159
1414
1913
1913
1913
2604
2825
2840
2845
2857
2917
3139
3262
3385
3403
3639
3643
3643
3643
3725
5297
5677
5713
6099
6483
6483
6483
6484
6509
6656
7341
7346
7346
7366
7561
7756
7896
8423
8616
8924
9320
9320
9351
10881
10887
11211
11211
11217
11676
11725
12006
12518
12583
12683
12683
12683
12877
13089
13089
13256
13313
13325
13894
13894
13894
13894
13900
15128
15467
15467
15496
15754
15754
15754
15754
15840
17149
17164
17165
17227
17302
17302
17821
18381
18660
19011
19513
19577
19670
19670
19670
19792
19792
19792
19792
19797
20047
20323
20494
20598
21299
21329
21329
21329
21332
21342
21423
21423
21423
21423
21423
21423
21585
21705
21705
21974
22055
22145
22147
22467
22567
22567
22568
22907
23042
23042
24582
24582
24582
24582
24632
24890
24891
25316
25317
25606
26058
27013
27013
27013
27034
27541
27575
27678
27734
27971
28289
28645
28916
29128
29129
29149
29149
29149
29307
29431
29690
30298
30345
30422
30422
30586
30586
30854
30854
30854
30854
30854
30854
30982
30982
30987
30987
31036
31043
31163
31382
31527
31527
31535
31535
31535
31535
31870
32171
32373
32373
32419
32769
33041
33041
33254
33254
33254
33602
33655
33910
33910
33910
33964
34036
34036
34036
34036
34050
34050
34427
34488
34488
34488
34488
34488
34922
35522
35522
35550
35948
35984
36069
36069
36069
36069
36069
36069
36069
36069
36069
36094
36094
36149
36186
36452
36642
36697
36995
37435
37435
37436
37645
37828
37852
38160
38253
38286
38326
38653
38654
38907
39102
39103
39127
39238
39238
39244
39244
39319
39472
39525
39535
39535
39624
39716
40089
40269
41618
41803
42804
42818
42934
42934
42935
43492
43579
43834
43997
43997
44213
44993
44993
45263
45312
46033
46064
46134
46135
46837
46854
46917
46917
46917
46917
47253
47514
47586
47596
48003
48073
48073
48298
48433
48545
48954
48954
48954
48954
48954
48954
49348
49393
