79
181
417
500
617
904
906
929
933
1159
1356
1552
1558
1913
2103
2103
2419
2561
2703
2712
3128
3150
3434
3434
4101
4291
4571
5091
5133
5706
6354
6427
6790
6791
7406
7724
7724
8352
8354
8354
8956
8956
8956
8956
8956
8956
9076
9101
9149
9414
9497
10258
10458
10616
10738
10738
10805
10805
10806
10824
10944
11198
11541
11554
11669
11709
11758
11953
12644
13113
13124
13150
13297
13480
13489
13578
14010
14016
14185
14545
14803
15051
15126
15408
15462
15467
15467
15787
15790
15804
15834
15847
16171
16204
16204
16524
16524
17149
17164
17164
17202
17534
17730
18291
18332
18572
18727
18995
19046
19249
19465
20156
20576
21015
21020
21056
21160
21643
21647
21701
21701
21828
21974
22065
22521
22612
22647
22710
22710
22713
22750
22907
23453
23933
24253
24324
24371
24521
24533
24889
24958
25320
25341
25739
26401
26402
26510
26576
26585
26639
26699
27201
27541
28015
28322
28368
28526
28526
28603
28803
28852
28905
28925
28958
29301
29407
29409
29409
29409
29418
29795
29847
29907
29934
30298
30422
30714
30714
30881
30882
31351
31482
31666
31735
31749
31804
32043
32187
32266
32465
32465
32564
32768
33191
33194
33595
33653
33683
33706
34174
34204
34288
34424
34424
34488
34488
34488
34488
34488
34658
34658
34952
34957
35153
35243
35243
35253
35425
35642
36094
36178
36178
36181
36181
36181
36184
36297
37280
37320
37852
38218
38529
39080
39080
39385
40239
40915
41099
41549
41549
41549
41549
41549
41549
41703
41703
41920
41970
42040
42114
42283
42418
42461
42692
42818
42818
43355
43611
43827
43834
44081
44183
44552
44552
44684
45312
45374
45675
45814
46134
46136
46136
46217
46392
46392
46399
46653
46701
46720
46732
46732
46732
46740
46781
46781
46898
47155
47266
47266
47325
47460
47869
47869
48090
48119
48287
48377
48528
48580
48603
48925
