1668
1893
2871
3384
4790
5935
6022
6609
6878
7234
7410
7651
7660
7761
9731
9731
9731
9731
9731
9731
9735
9735
9735
9735
9735
9814
9814
10738
10738
10916
11116
11116
11129
11129
11130
11135
12088
12804
12952
13769
13961
14018
14712
15067
15446
15467
15790
15790
15790
15866
16923
16923
19348
19348
19604
20425
20797
20923
21643
21643
22103
23245
23245
23407
23407
24253
24253
24612
26503
26666
27236
27339
27410
27486
27541
27734
27877
27971
28227
28318
28318
29196
29196
29309
29309
29640
29984
30540
30697
30892
31039
31714
32080
32986
34386
34386
34699
34699
34700
35551
35551
35660
36178
36181
36362
37053
37053
37062
37064
37069
37070
37080
37296
37569
37569
38142
38143
38249
38523
40058
40058
40253
41018
41154
41881
42026
43129
43148
43148
43834
43837
43837
43838
43838
43838
43838
45809
46400
46716
47458
48355
48355
48866
49330
