121
121
121
180
180
180
180
180
284
286
492
506
506
506
506
518
925
929
956
961
1009
1009
1159
1159
1237
1237
1237
1237
1237
1238
1252
1255
1255
1455
1485
1501
1719
1913
1994
2017
2201
2201
2201
2267
2323
3587
4107
4395
4395
4591
4978
5068
5150
5407
5621
5900
6790
6790
6790
6790
6790
6983
7023
7341
7341
7695
7896
8071
8091
8314
8315
8837
8956
9230
9362
9715
9760
9760
10067
10163
10251
10368
10458
10805
10868
10902
10902
10902
10902
10902
10902
10902
10902
11077
11088
11115
11115
11115
11116
11116
11381
11418
11418
11427
11500
11651
11836
11870
12439
12441
12535
12535
12535
12535
12535
12535
12576
12702
12816
12838
12951
13049
13050
13144
13144
13297
13727
13727
13727
13732
13769
13795
13894
13903
13930
14016
14016
14016
14364
14854
14965
14965
15018
15051
15462
15467
15467
15493
15496
15496
15510
15526
15526
15526
15561
15672
15754
15876
16333
16365
16365
16962
16963
16994
16994
17068
17068
17094
17164
17667
17938
18330
18339
18572
18890
19015
19062
19237
19413
20012
20014
20070
20149
20149
20316
20316
20323
20344
20695
20755
20755
20923
20923
21220
21295
21594
21639
22344
22392
22567
22567
22567
22567
22567
22567
22567
22568
22907
22907
22907
22907
22907
22907
22907
22907
22907
22907
22907
22907
22907
22907
23074
23140
23487
23515
23515
23515
23706
23706
23706
23707
23736
23876
24130
24267
24267
24330
25313
25482
25588
25888
25888
25888
25888
25888
25888
25888
25888
25888
25925
26028
26053
26054
26290
26298
26371
26409
26419
26632
26632
26647
27427
27444
27669
27678
27761
27780
27781
28229
28289
28289
28291
28509
28509
28509
28516
28699
28972
29301
29301
29561
29702
30204
30297
30297
30432
30432
30432
30432
30432
30432
30712
30890
31374
31664
31789
31994
31994
32176
32616
32764
32788
32855
32858
32858
32865
32865
32865
32867
33054
33054
33054
33066
33076
33184
33184
33184
33184
33421
33484
33500
33626
33648
33706
33725
34424
34438
34472
34519
34519
34519
34859
35253
35254
35278
35550
35968
35968
35968
35968
35968
35968
35982
35991
36079
36079
36103
36250
36434
36749
36991
36999
37024
37027
37027
37027
37053
37053
37053
37053
37053
37064
37064
37064
37064
37262
37289
37320
37320
37321
37370
37451
37451
37452
37471
37513
37513
37828
38218
38249
38249
38249
38249
38273
38286
38286
38291
38291
38291
38291
38291
38309
38327
38339
38418
38986
38998
39101
39103
39105
39125
39363
39366
39495
39531
39624
39624
39686
39686
39686
39860
40195
40290
40396
40746
40750
40826
40844
40893
40971
40971
40971
40971
40971
40971
40971
40971
40972
40980
41078
41099
41112
41112
41118
41118
41118
41118
41118
41185
42418
42418
42418
42692
42692
42692
42818
42828
43129
43129
43579
43579
43611
43621
43846
43942
43943
43969
43969
43969
43969
43969
43970
43996
43997
43997
44048
44069
44236
44715
45113
45814
46184
46701
46701
46701
46701
46701
46701
46701
46701
46701
46701
46701
46701
46715
46715
46715
46732
47349
47524
47529
47529
47596
47601
47861
47918
48294
48320
48320
48975
