58
58
58
58
58
58
58
58
58
418
506
518
727
995
1065
1275
1471
1471
1471
1671
1896
3113
3128
3194
3418
3498
3528
3528
3863
3863
3863
3863
3895
3981
4487
4500
4505
4541
4541
4789
4789
4790
4790
4901
4920
5155
5423
5423
5423
5423
5423
5423
5621
5730
5744
5744
5744
5744
5933
6270
6681
6681
6764
6878
7287
7561
7615
7615
7896
8059
8803
8956
8956
9032
9229
9821
10098
10382
10493
10618
10655
10655
10738
10738
10805
10833
10882
11198
11279
11282
11463
11648
11784
11784
12333
12575
12627
12823
12841
12934
12935
12971
13050
13156
13264
13264
13578
13643
13643
13643
13643
13647
13940
14313
14907
14955
15051
15051
15126
15126
15126
15126
15192
15408
15446
15467
15467
15467
15779
15779
15834
16388
16388
16524
16524
16639
16742
17066
17066
17066
17068
17149
17149
17149
17369
17626
17635
17732
17744
17819
17878
17878
17878
17938
18298
18398
18524
18691
18805
18936
19011
19011
19011
19011
19011
19014
19017
19130
19304
19304
19461
19461
19661
19661
19817
19891
20204
20338
20425
20425
20425
20425
20425
20425
20425
20425
20425
20993
21295
21299
21323
21707
22065
22065
22065
22065
22065
22065
22234
22429
22734
22907
22907
22907
22907
22964
22964
23056
23260
23260
23260
23301
23310
23510
23515
23531
23531
24038
24038
24162
24162
24162
24162
24169
24253
24418
24418
24804
24979
25235
25343
25921
26647
26700
27541
27541
27695
27695
27695
27891
27891
28209
28596
28722
28909
28909
28909
28916
28931
29295
29307
29307
29308
29321
29409
29409
29410
29424
29431
29431
29431
29678
29819
29827
30087
30586
30892
31036
31036
31036
31036
31039
31043
31043
31043
31043
31043
31043
31043
31043
31079
31079
31079
31141
31145
31351
31374
31374
31374
31374
32258
32419
32465
32616
32653
32657
32768
32788
32856
32856
33509
33509
33559
34003
34050
34050
34233
34424
34424
34496
34519
34525
34859
34859
34859
35023
35253
35295
35295
35295
35331
35433
35513
35779
35793
35921
35921
35968
36056
36159
36159
36159
36159
36159
36161
36178
36213
36298
36434
36434
36437
36437
36488
36489
36492
36492
36492
36492
36525
36832
36832
37057
37064
37064
37084
37298
37320
37435
37785
37837
37852
38136
38326
38342
38490
38552
39324
39327
39400
39494
39495
39495
40001
40234
40253
40709
41154
41191
41401
41406
41406
41415
41803
41803
41803
41803
41803
41803
41803
41803
41803
41803
41803
42110
42232
42232
42283
42343
42418
42418
42418
42418
42434
42446
42446
42636
42696
42809
42818
42818
42818
42818
42818
42818
42828
42828
42828
42828
42887
42928
42934
43129
43194
43355
43355
43355
43407
43407
43407
43418
43929
44488
44686
44686
44686
45383
45394
45395
45463
45654
45723
45755
45755
45755
45755
45755
45814
45814
46089
46134
46217
46716
46716
46716
46812
46860
46980
47142
47265
47266
47310
47310
47869
47911
47947
48071
48071
48071
48073
48074
48075
48075
48075
48082
48217
48305
48305
48310
48355
48355
48355
48355
48355
48355
48355
48620
48620
48624
48691
48728
48837
48837
48879
48954
48973
48973
48975
49348
49392
49392
