109
186
245
313
513
844
1010
1120
1159
1159
1255
2135
2245
2301
2322
2402
2523
2778
3150
3523
3533
3583
3723
3951
3951
3951
4663
4663
4790
5128
5184
5266
5268
5269
5353
5364
5364
5365
5435
5473
5485
5485
5494
5775
5920
5999
6041
6231
6791
6791
6792
7023
7023
7076
7427
7537
7537
7724
7888
7987
7999
8198
8786
8806
9032
9035
9228
9271
9271
9271
9625
9636
9731
9731
9735
9760
9760
9899
9993
9993
10030
10929
11116
11253
11543
11621
11650
11668
11842
11939
11939
12108
12110
12187
12279
12337
12362
12362
12389
12503
12561
12602
12627
12697
12702
12741
12741
12741
12779
12918
13049
13089
13089
13121
13174
13265
13284
13284
13312
13312
13506
13936
15060
15176
15493
15514
15842
16151
16349
16349
16430
16430
16524
16524
16841
16850
16956
16998
17081
17369
17369
17419
17504
17543
17799
17955
17968
17968
17968
17968
17970
17971
17977
18291
18291
18572
18718
18932
18935
19011
19011
19011
19011
19011
19011
19014
19015
19017
19017
19049
19140
19174
19205
19239
19535
19553
19565
19593
19651
19665
19683
19683
19683
19683
19774
19841
19841
19881
20403
20418
20484
20720
20753
20823
20823
21021
21236
21275
21639
21643
21668
21875
21916
22073
22156
22327
22457
22907
22907
23245
23476
23510
23513
23557
23562
23632
23706
23706
23746
23746
23929
24038
24112
24112
24112
24204
24209
24253
24490
24606
24747
24957
25232
25248
25618
26077
26103
26421
26533
26562
26576
26720
27048
27053
27144
27182
27331
27541
27731
28149
28205
28290
28458
28509
28509
28509
28870
28909
28916
28922
29227
29295
29295
29307
29440
29443
29781
30121
30180
30202
30260
30390
30411
30411
30411
30412
30414
30471
30471
30523
30586
30717
30880
31084
31084
31084
31084
31141
31145
31352
31352
31626
31785
31805
31805
31870
31870
31994
31994
32017
32618
32624
32653
32653
32768
32938
33012
33050
33192
33425
33552
33922
33922
33923
33923
33923
33923
33923
34009
34050
34102
34256
34386
34386
34387
34519
34531
34905
34908
35613
35640
36069
36078
36086
36178
36237
36244
36250
36260
36434
36434
36448
36532
36806
36897
36898
37053
37073
37159
37297
37297
37299
37310
37364
37418
37419
37419
37569
37752
37859
37914
38083
38218
38218
38218
38218
38249
38313
38324
38326
38567
38608
38608
38615
38654
38654
38726
38873
38916
38986
39127
39686
39687
40217
40570
40923
41047
41194
41526
41867
42096
42103
42143
42329
42478
42478
42478
42478
42478
42478
42478
42478
42478
42478
42478
42478
42478
42478
42487
42825
42828
42837
42882
42887
42934
43053
43053
43129
43129
43129
43129
43129
43129
43355
43355
43355
43406
43553
43611
43631
43846
43909
43996
44014
44020
44363
44737
44769
44769
44849
44967
44968
45654
45723
45954
46098
46113
46134
46136
46188
46599
46612
46826
47079
47266
47339
47349
47351
47355
47355
47356
47356
47356
47377
47399
47410
47561
47562
47562
47562
47562
47562
47650
47705
47777
47818
47818
47818
47918
48077
48093
48097
48119
48143
48294
48393
48393
48423
48423
48423
48423
48462
48728
48728
48866
48954
48954
48954
48958
48959
