506
518
523
524
524
1159
1237
1237
1351
1558
2517
2833
3150
3804
3875
4334
4621
4779
5506
5979
5980
6490
6654
6795
6983
7197
7561
7561
7639
7722
7722
7722
7724
8280
8663
8880
8897
9163
9338
9731
9731
9781
9781
9899
10258
10530
10570
10896
10902
10902
10902
11622
11632
11947
11981
11981
11981
11981
11981
11981
12264
12268
12678
13140
13196
14016
14261
14580
14702
15408
15720
15720
15720
15787
15818
16825
17066
17149
17173
17173
17173
17173
17173
17173
17202
17622
17622
17622
17625
17650
17930
17938
17938
17938
18273
18300
19011
19011
19399
19670
20097
20099
21323
21391
21593
21639
21643
21701
21936
21974
22138
22567
22611
22749
22907
22907
22907
23010
23245
23557
24038
24582
25409
26591
27530
27530
27530
27541
27685
27927
28167
28603
28803
28916
29307
29409
29409
29992
30087
30304
30422
30645
30982
31039
31039
31039
31059
31145
31202
31374
31666
31804
31883
31994
32555
32555
32555
32556
32995
33085
33910
34060
34219
34424
34517
34519
34519
34706
34859
35040
35308
35434
35965
36697
37027
37027
37027
37050
37062
37062
37062
37062
37062
37062
37064
37315
37317
37842
37854
37913
38041
38113
38136
38142
38218
38218
38249
38327
38812
38845
38952
39085
39310
39328
39579
39690
39690
39690
39690
39690
39690
39751
39786
40026
40558
41012
41154
41342
41342
41343
41579
41579
41579
41803
42283
42418
42546
42577
42691
42713
42809
42819
42821
43111
43112
43116
43129
43129
43157
43265
43265
43265
43265
43631
44686
44686
44910
45150
45150
45157
45263
45654
45682
45733
46547
46653
46715
46732
46732
46855
47266
48121
48355
48355
48728
48790
48790
48790
49348
49348
