285
1040
1159
1437
1572
2885
2967
2967
2980
4107
5783
5783
5783
5896
5896
6720
7031
7366
7366
7366
7366
7366
7408
7408
7408
7408
7408
7978
7999
8428
8956
9511
9786
11633
12110
12145
12145
13265
13619
15640
16839
16962
17878
18295
18530
19011
19011
19011
19011
19011
19011
19017
19041
19294
19638
19638
19638
19665
19773
19773
20853
21420
21420
21890
22018
22046
22046
22104
22552
22590
22591
22766
22766
22766
22766
22766
22766
22766
22766
22766
22766
22766
22766
22766
22907
22907
22907
22907
22907
23140
23537
24490
24632
24957
25203
25203
25883
25888
26574
27451
27530
27530
27932
28900
29064
29733
29733
29733
30714
31890
31994
32265
32278
32495
32610
32653
32764
32861
33171
33382
33501
33503
33503
34072
34256
34260
34389
34511
34511
34511
34704
35006
35132
35247
35322
35637
35751
35751
35751
36178
36186
37418
37418
37418
37418
38256
38334
40165
40492
43053
43129
43129
43193
43321
43579
43579
43658
43851
43996
44022
45564
45564
45654
45654
45654
46479
47253
47355
