791
1009
1159
1238
1500
1864
2070
2129
2508
2560
2699
2699
2699
3128
3341
3483
4505
4571
5089
5272
6840
6840
6840
6840
6967
6983
7321
9731
9731
9760
10239
10833
11283
11364
12104
12145
12437
12678
12683
12951
13225
13284
13312
13893
13997
14880
15111
15467
15759
15818
16127
16374
16825
16825
16839
16844
17534
17938
18119
19011
19042
19121
19639
19651
19658
19658
19658
19670
19670
19670
20755
20934
21200
21396
21594
22283
22283
22283
22568
22907
22907
23407
23510
23510
23535
23905
24766
25888
25921
26039
26990
26991
27002
28958
28976
28987
29250
29301
29302
29781
30987
30987
30987
31036
31036
31043
31060
31145
31506
31890
33271
34424
34479
34484
34519
35254
35307
35522
36015
36069
36090
37172
37173
37262
37618
37619
38158
38158
38158
38218
38326
38418
38419
38552
39400
39625
39625
39729
40411
41250
41406
41565
41565
41565
41565
41565
41572
41668
41671
41803
42257
42459
42459
42514
42757
42757
42818
43116
43579
43827
43954
43996
45733
46136
46413
46653
46653
46835
47382
47869
47869
48466
48705
48728
48959
49228
49228
