158
873
953
2407
2407
2407
2407
2431
2514
2514
2789
2789
2789
2940
2940
2970
2970
2970
2970
2970
2970
2970
2970
2970
2970
2970
2970
2970
2970
2970
2970
2970
2970
2970
2970
2970
3728
4060
4060
4060
4060
4060
4060
4168
4168
4168
4730
5170
5190
5193
5397
6015
6017
6025
6120
6121
6121
6197
6669
6909
6923
6923
6923
6923
7382
7382
8702
8988
9138
9463
9615
9743
9789
10506
11600
12218
12218
12218
12218
12218
12218
12218
12219
12220
12220
12467
12980
13082
13082
13082
13082
13082
13097
13201
15351
15353
15353
16379
16379
16487
16753
16842
16842
16855
16939
16983
18534
18534
18534
18535
18535
18535
18535
18535
18535
18535
18535
18535
18535
18535
18535
18535
18535
18535
18536
19657
19730
19730
19749
19749
19851
21124
21211
21365
21365
21560
21607
21607
21607
21607
21607
21607
21607
21607
21607
21607
21810
21810
21942
22013
22013
22013
22013
22013
22155
22202
22252
22530
22547
22547
22547
22547
22547
22547
22547
22547
22547
22547
22547
22547
22547
22547
22547
22547
22547
22547
22586
22838
22875
22875
23004
23004
23004
23004
23005
23165
23165
23229
23229
23233
23631
23631
23671
23671
23671
23671
23671
23671
23690
23730
24249
24249
24249
24531
24536
24756
24956
24956
25276
25287
25287
25427
25430
25568
25568
25568
25598
25697
25728
25854
27295
27382
27493
27728
27733
28109
28219
28281
28434
28434
28496
28497
28497
28497
28661
28661
28661
28661
28661
28661
28661
28661
28661
28679
28679
28679
28679
28679
28680
28832
29174
29399
29399
30331
30339
30339
30339
30545
30545
30545
30595
31221
31557
31557
31557
31557
31557
31557
31619
32250
32391
32652
32652
32678
32780
33173
33174
33228
33391
33391
33394
33394
33394
33515
33515
33822
33853
33853
33853
33853
33853
33853
33853
33853
33865
33882
34213
34595
34722
35057
35238
35457
36162
36164
36179
36179
36179
36188
36451
36451
36455
36473
36473
36557
37253
37285
37324
37374
37653
38006
38496
39126
39759
40880
40880
40880
40880
40880
40880
40924
40924
40924
40924
40924
41189
41213
41213
41629
41630
41630
41630
41826
42587
42587
42587
42587
42587
42587
42627
42684
42762
43322
43327
43328
43389
43479
43854
43854
43855
43855
43855
44043
44043
44351
44353
44355
44374
44379
44421
44584
44584
44619
44756
44757
44979
44982
45053
45053
45053
45631
45847
45847
45887
45890
45890
45890
45890
45890
45890
45890
45890
45890
45890
45890
45893
45893
45893
45893
45893
45893
45893
45893
45893
45893
45893
45893
45893
45893
45893
45893
45893
45893
45893
45893
45893
45893
45893
45893
45893
45893
45893
45893
45893
45893
45893
45893
45893
45893
45893
45893
45893
45893
45893
45893
45893
45893
45893
45893
45894
45894
45900
45901
45905
45905
45905
45906
45917
45917
45917
45917
45936
45983
45983
46233
46238
46368
46368
46368
46443
46891
47151
47327
47403
47403
47552
47554
47812
47847
48237
48250
48941
49047
49072
49073
49096
49097
49099
49105
49135
49135
49135
49135
49135
49135
49135
49145
49145
49145
49145
49145
49145
49145
49145
49145
49145
49146
49146
49146
49163
49373
