152
417
1159
1454
1454
1454
1572
1913
1913
2424
2424
2424
2751
2885
3384
3943
3981
4080
4080
4571
4571
4573
4790
4858
4975
5128
5133
5353
5423
5423
5423
5424
5485
5485
5494
5496
7023
7853
7896
7899
8521
8794
8800
8800
8800
8800
8814
8956
8956
8956
8956
9382
10398
10477
10605
10882
11193
11195
11282
11388
11621
11622
11634
11866
11939
11939
11939
12414
12414
12414
12627
13222
14334
14334
14343
15408
15462
15467
15596
15840
16127
16278
16871
16871
16871
17349
17349
17967
18298
18381
18393
18963
18995
18995
18995
19011
19011
19011
19011
19011
19011
19011
19011
19011
19014
19014
19017
19017
19017
19017
19017
19017
19017
19017
19105
20207
20207
20207
20239
20425
20425
20425
20494
20494
20612
20612
20612
21135
21957
22018
22019
22964
22964
22964
23074
23167
23167
23167
23167
23191
23481
23508
23515
23531
23531
23531
23537
23706
24120
24121
24121
24169
24169
24169
24957
25012
25069
26033
26239
27627
28112
28160
28209
28209
28209
28209
28209
28715
28760
28853
28856
28972
29301
29302
29593
29640
29640
29640
29809
30080
30304
30648
30892
31036
31039
31039
31039
31039
31039
31145
31145
31282
31870
31870
31870
32788
33108
34050
34060
34060
34424
34519
34833
35331
35450
35489
35489
35513
35984
36069
36209
36250
36436
36810
36810
36890
36926
37296
38138
38286
38323
38324
38324
38327
38539
38539
38649
38654
38654
38654
38654
38654
38654
38654
38654
39318
39531
39840
40070
40070
40561
40585
41099
41112
41159
42006
42250
42257
42257
42272
42278
42486
42487
42809
42828
43194
43194
43407
45522
45522
45803
46089
46335
46468
46468
46732
46898
47146
47261
47561
47595
47629
47861
47869
47869
48188
48298
48308
48320
48320
48433
48879
48879
48879
48879
48879
48879
48879
48973
48974
48975
48975
48975
48975
48977
48977
