933
1118
1237
1495
1740
1913
2106
2711
3150
3150
3384
3399
3884
4487
4571
4571
4663
4663
4852
5105
5270
6853
7257
8237
8362
8800
9571
10026
10180
10867
10870
11542
11595
12110
12238
12340
12414
12576
13049
13140
13253
13273
13313
13480
13480
13491
13491
13916
14032
14794
14796
15051
15051
16848
16850
17404
17625
17972
18761
18905
18962
19651
19670
20010
20042
20128
20128
20207
20919
20962
20962
20962
20962
21303
21974
22230
22271
22273
22283
22283
22283
22292
22409
22552
22591
22907
23074
23515
23515
23515
23706
23706
23706
24204
24209
25233
25902
27026
27533
27768
28274
28716
28856
29729
29781
29817
29889
29980
30385
30411
30414
30607
30917
30936
30936
30987
31664
31791
31837
32175
32289
32495
32797
32797
33373
33923
34098
34152
34152
34424
34519
35433
35433
35433
35450
35513
35863
35942
35966
36034
36078
36078
36178
36250
36279
36697
36712
36909
36909
37018
37064
37101
37172
37172
37279
37570
38016
38109
38249
38249
38249
38249
38249
38249
38249
38249
38324
38327
39027
39080
39373
39531
39533
39571
39576
39576
39603
39608
39687
39687
39687
39687
39687
39944
40374
40594
41118
41190
42016
42329
42329
42478
42478
42478
42478
42478
42478
42479
42479
42482
42482
42486
42486
42486
42486
42487
42514
42610
43145
43145
43193
43194
43215
43431
43659
43996
44197
44994
45223
45682
45954
46089
47266
48433
48664
49228
49228
49228
