565
573
575
577
602
1188
1321
1770
1896
1913
1970
2323
2404
2424
2713
2935
3112
3211
3384
3597
3600
3600
3943
4123
4214
4315
4399
4571
4571
4571
4772
5128
5621
6116
6231
6246
6735
6735
6790
6967
7026
7197
7899
8029
8179
8179
8458
8458
8458
8802
8803
8806
8806
8821
9359
9643
9760
9760
9760
9760
9792
9854
9894
10382
10396
10803
10805
10877
11216
11529
11763
11916
11939
11939
11972
12110
12238
12559
12559
12561
12575
12879
12928
12971
13082
13089
13089
13089
13089
13089
13089
13089
13089
13140
13150
13161
13235
13240
13297
13297
13623
13870
13936
14483
15467
15650
15652
15808
15954
15957
16128
16486
16592
16954
17081
17214
17523
17798
17799
17873
18038
18330
18761
18761
19120
19674
20721
20721
21556
21639
22107
22145
22224
22348
22591
22907
22907
23034
23049
23387
23479
24253
24253
24253
24253
24253
24253
24316
24898
24938
25033
25069
25070
25313
25462
25754
25801
25804
25837
25851
25888
25888
25918
26299
26490
26531
27384
27508
27746
28236
28569
28569
28569
28569
28570
28570
28570
28570
28905
28911
28966
28966
29110
29295
29367
29668
29713
29713
29778
29951
29951
29951
29953
30194
30194
30198
30230
30298
30298
30413
30414
30432
30586
30586
30586
30611
30718
30779
31220
31652
31664
31664
31784
31821
31870
31870
31870
31994
32495
32495
32603
32683
32893
33024
33215
33284
33327
34556
34646
35024
35024
35088
35146
35314
35602
35602
35602
35642
35642
36034
36034
36069
36078
36078
36085
36105
36184
36657
36891
36928
37472
37536
37609
37806
37842
37852
37918
37999
38339
38520
38520
38545
38648
38654
38656
38988
39080
39085
39085
39085
39574
39574
39820
39820
41099
41190
41193
42101
42123
42180
42269
42269
42486
42837
42887
43053
43129
43129
43129
43355
43407
43413
43495
43579
43579
43658
43658
43658
43658
43858
43907
43919
44026
44396
44708
45867
45867
45954
45954
46486
46486
46562
46695
46701
46890
47649
47737
47818
47819
48082
48119
48119
48119
48119
48142
48294
48400
48653
48653
48720
48879
48975
48995
