677
915
1086
1146
1237
1285
1285
1285
1350
1351
1418
1431
1499
1499
1584
1970
2278
2313
2713
2745
2915
3016
3177
3373
3403
3808
3951
3951
4571
5124
5150
5294
5297
5469
5469
5472
5594
5932
5939
6285
6316
6351
6351
6351
6351
6351
6754
6790
7150
7853
7853
7853
7853
7853
7888
7899
8237
8354
8354
8670
8670
8670
8670
8814
8814
8814
8821
9326
9336
9587
9587
9760
10030
10030
10030
10035
10038
10180
10640
10640
10882
10900
11307
11310
11310
11461
11621
11725
11836
11939
11939
11939
11939
12023
12079
12414
12414
12414
12414
12414
12414
12639
12682
12868
12868
12928
13121
13142
13439
13480
13753
14212
14282
15051
15235
15367
15388
15408
15408
15408
15424
15428
15428
15459
15464
15467
15561
15683
15683
15683
15817
15817
16177
16241
16472
16472
16641
16954
16954
16954
16954
17081
17302
17348
17369
17369
17369
17405
17523
17546
17629
17732
17799
17968
17999
18330
18357
18471
18472
18472
18501
18505
18505
18505
18668
18670
18750
18752
18899
18963
19011
19011
19011
19011
19011
19011
19011
19011
19011
19014
19014
19227
19234
19284
19284
19405
19658
19774
20181
20568
20599
20727
20727
20733
20733
20988
21056
21145
21329
21639
21884
21884
22115
22337
22567
22884
22907
22907
22907
22907
22907
22908
23074
23074
23074
23140
23143
23508
23508
23513
23513
23515
23531
23537
24112
24169
24209
24209
24213
24418
24957
25017
25458
25804
25883
26002
26053
26053
26186
26353
26682
26701
27009
27280
27280
27410
27508
27696
27936
27937
28139
28509
28602
28911
29115
29223
29258
29533
29668
29713
29713
30121
30121
30121
30121
30143
30203
30203
30203
30203
30298
30377
30412
30414
30643
30792
30849
30892
30917
30987
31145
31145
31351
31351
31753
31785
31785
31785
31791
31866
31870
31994
32178
32182
32627
32681
32763
32763
32763
32763
32769
32788
33116
33183
33184
33369
33369
33477
33653
34050
34060
34152
34152
34152
34152
34152
34424
34424
34424
34456
34519
34556
34793
34829
34829
35047
35318
35331
35335
35513
36034
36811
36811
37064
37064
37064
37064
37246
37332
37369
37418
37541
37541
37790
37852
37852
37852
38069
38143
38165
38167
38167
38326
38418
38647
38907
39103
39525
39623
39690
40255
41058
41097
41110
41490
41546
42103
42138
42329
42478
42485
42485
42485
42486
42796
42818
42818
42818
42831
42837
42956
43129
43310
43414
43486
43649
43654
43658
44627
44636
44843
45523
45619
45634
45798
45847
45847
45847
45867
45867
45867
45867
45867
45954
46136
46136
46335
46335
46400
46627
46732
46841
47055
47055
47055
47055
47055
47055
47055
47055
47212
47530
47612
48096
48294
48377
48402
48691
48880
49288
49288
49288
49288
