58
58
58
58
58
58
518
925
995
1237
1237
1471
1501
1559
1668
2065
2166
3214
3304
3723
3824
3855
3938
4125
4476
4541
4588
4775
4790
4790
5068
5133
5621
5744
5744
5781
6231
6897
7403
7534
7722
7801
7839
7896
8000
8163
8163
8163
8354
8354
8489
8618
8701
8975
8975
9076
9076
9497
9728
9728
10627
10805
10831
10833
10902
11634
11725
11836
11836
11836
11939
11942
12238
12414
12414
12414
12694
13264
13264
13296
13304
13381
13480
13643
13644
13644
13698
13869
13930
13930
13951
14009
14210
14485
14927
14987
15051
15053
15192
15408
15461
15462
15467
15817
15833
15833
15838
16388
16524
16524
17081
17136
17137
17137
17137
17137
17137
17137
17137
17137
17137
17405
17405
17744
17858
17938
18678
18718
18820
19043
19165
19576
19887
20128
20156
20210
20753
20919
20919
21056
21156
21368
21610
21639
21725
21725
21725
21957
22065
22065
22076
22076
22409
22429
22723
22723
22907
23088
23088
23088
23294
23294
23414
23510
23531
23537
23706
24584
24957
25120
25120
25857
25888
25921
25933
26055
26328
26328
26328
26666
26666
26666
26666
26666
26720
26720
27013
27324
27331
27541
27650
27734
27872
27891
27891
27927
28105
28640
28647
28852
28931
29065
29301
29301
29307
29321
29420
29424
29690
29692
29692
29778
29929
30087
30087
30087
30121
30288
30414
30422
30648
30712
30717
30892
30892
31036
31036
31036
31036
31036
31043
31142
31618
31664
31714
31994
31994
31994
32129
32419
32518
32788
33076
33085
33160
33237
33438
33438
33447
33462
33585
33679
33679
34204
34253
34424
34438
34444
34469
34469
34519
34519
34519
34519
34581
35073
35191
35522
35651
35965
35991
35991
36069
36148
36157
36157
36157
36157
36157
36157
36157
36159
36161
36161
36250
37021
37021
37069
37251
37296
37316
37320
37451
38218
38218
38331
38342
38342
38647
38829
39260
39328
39349
39681
40001
40467
40708
41099
41110
41110
41396
41406
41407
41803
41986
41986
42040
42266
42696
42713
42810
42819
42828
42828
42828
42828
42882
42887
43019
43019
43194
43414
43415
43579
43658
43663
43837
43907
43996
44684
44922
45310
45374
45374
45638
45654
45814
46135
46135
46716
46716
46716
46716
46716
46812
46826
46898
47266
47344
47349
47349
47349
47349
47458
48075
48314
48355
48402
48433
48518
48899
48973
