114
121
284
311
478
671
1040
1047
1118
1159
1159
1159
1431
1740
1839
1849
1913
1913
2267
2267
2305
2319
2319
2320
2601
2962
2963
3150
3346
3909
4476
4571
4663
4789
4865
4877
5082
5124
5133
5133
5150
5297
5341
5469
5469
5506
5775
6231
6231
6231
6795
6796
6993
6993
7023
7023
7023
7023
7025
7039
7150
7259
7265
7366
7516
7534
7756
7859
7896
7899
7899
7899
7944
7945
8059
8059
8059
8081
8327
8463
8468
8470
8471
8793
8793
8814
8814
8837
8975
8976
9076
9382
9387
9387
9387
9735
10609
10625
10738
10801
10830
10899
11200
11256
11263
11265
11337
11725
11840
11866
11939
11939
11939
11939
12002
12238
12238
12238
12238
12238
12238
12238
12238
12238
12414
12459
12575
12578
12602
12627
12627
12651
12694
12971
12971
13002
13015
13015
13087
13087
13087
13089
13089
13089
13140
13140
13240
13284
13556
13556
13727
13769
13893
13900
14121
14267
14280
14646
14646
15124
15235
15408
15467
15467
15493
15759
15759
15823
15824
16374
16433
16433
16524
16524
16524
16878
17628
17743
17826
17967
17967
18265
18518
18670
18962
19011
19011
19011
19011
19115
19239
19461
19658
19869
19900
20198
20198
20198
20720
20721
20721
20721
20721
20721
20721
20725
20755
20775
20829
20923
21200
21200
21394
21624
21624
21624
21624
21625
21828
21974
22047
22065
22065
22065
22125
22125
22155
22155
22184
22185
22185
22186
22847
22907
23472
23487
23514
23520
24015
24169
24169
24478
24557
24584
24654
24766
24979
25055
25313
25456
25686
26102
26106
26238
26238
26250
26346
26420
27026
27064
27097
27528
27534
27575
27711
27734
27734
27734
27734
27734
27734
27781
28396
28600
28606
28803
28803
28803
28804
29409
29409
29643
29643
29690
29753
30121
30121
30121
30121
30301
30301
30362
30411
30411
30411
30411
30411
30411
30411
30412
30586
30586
30586
30717
30787
30792
31028
31036
31043
31142
31145
31513
31571
31579
31596
31778
31779
31784
31784
31784
31785
31785
31785
31785
31787
31787
31787
31787
31787
31975
31993
32367
32600
32763
32788
32905
32913
33116
33183
33184
33184
33498
33653
34050
34263
34488
34488
34519
34519
34581
34730
35243
35433
35433
35433
35450
35450
35543
35610
35610
35833
35969
36078
36298
36434
36595
36662
36793
36981
37295
37298
37451
37471
37515
37661
37999
38098
38098
38107
38112
38167
38258
38326
38329
38330
38342
38525
38678
38678
38986
39080
39080
39080
39081
39103
39310
39415
39622
39622
39746
40024
40046
40046
40048
40048
40048
40048
40627
40695
40852
40915
40920
41063
41324
41406
42088
42088
42101
42110
42131
42252
42354
42478
42478
42478
42478
42478
42482
42485
42677
42696
42696
42713
42713
42713
42714
42818
42818
42818
42818
42819
42821
42828
42882
42887
43194
43194
43194
43407
43552
43579
43605
43658
43996
43996
43996
44203
44208
44214
44214
44214
44214
44239
44708
44910
44911
45132
45263
45328
45530
45544
45654
45654
45805
45847
45847
45847
45847
45955
46136
46157
46189
46328
46399
46752
46812
46917
46918
47265
47310
47382
47819
48198
48357
48603
48664
48728
48805
48864
48864
