121
287
453
496
593
946
1159
2592
2594
2595
2907
2910
3943
4571
4571
4852
5500
5883
6000
6673
7023
7023
7137
7896
8196
8342
8900
8900
8900
8956
8956
9036
9036
9036
9036
9351
9587
9760
10208
10392
10393
10738
11077
11196
11369
11836
12238
12238
12238
12414
12414
12439
12439
12602
12678
12724
12924
13073
13140
13144
13146
15225
15650
15651
16180
16346
16346
16766
16848
16854
16923
16923
16923
16941
16941
16942
16943
17118
17189
17737
19042
19056
19535
19577
19700
19700
19700
19700
19700
20777
21643
21974
22230
22409
22561
22907
23245
23515
23524
23836
24162
24612
24766
24766
24795
24795
25921
26346
26417
27232
27931
28509
28509
28509
29169
29301
29713
29951
30219
30414
30414
30432
30712
31039
31145
31351
31666
31994
31994
32957
32970
33503
33550
33702
33964
34152
34386
34829
35253
35434
35611
35611
35968
36094
36094
36993
37241
37419
37472
37579
37864
37902
38111
38158
38158
38262
38324
39687
40289
40492
40971
41194
41269
42806
42809
42934
43480
43631
43658
44457
44910
45723
45879
45879
46135
46854
46854
46960
47296
47486
