311
313
515
791
791
884
929
1142
1148
1500
1500
1500
1500
1588
1665
2135
2555
2688
2892
2916
3249
3304
3403
3803
3805
3812
3951
3951
4023
4505
4571
4617
4840
5128
5133
5266
5266
5266
5277
5277
5341
5364
5469
5473
5473
5485
5500
5500
5500
6093
6099
6100
6231
6234
7023
7617
7888
7896
8380
8380
8821
8891
9032
9210
9814
9819
9874
9902
9902
9945
10206
10208
10208
10208
10634
10655
10738
10738
10756
10768
11509
11939
11939
11939
11939
12156
12156
12238
12279
12414
12414
12414
12414
12521
12605
12627
12627
12627
12640
12678
12678
12736
13049
13240
13305
13312
13370
13415
13477
13506
13526
13533
13930
14016
14018
14567
14567
14567
14927
14975
14976
15230
15233
15234
15459
15584
15683
15683
15683
15790
15993
15999
16524
16524
16839
16839
16963
17068
17081
17538
17561
17569
17587
17587
17587
17587
17951
17967
18292
18381
18381
18673
18673
18673
18673
18882
18882
18882
18882
18882
18882
18882
18882
18882
18882
18882
18882
19076
19239
19330
19513
19516
19516
19516
19774
19797
20057
20057
20150
20150
20223
20309
20412
20498
20501
20515
20780
21323
22065
22065
22065
22723
22907
22907
22907
22907
22907
22907
23074
23332
23425
23435
23487
23514
24043
24044
24044
24044
24162
24582
24582
24582
24582
24582
24582
24582
25196
25232
25306
25657
25723
25888
26000
26000
26000
26000
26033
26050
26298
26436
26539
27293
27541
27541
27627
27627
27627
28321
28803
28854
29307
29307
29934
30087
30087
30202
30297
30297
30297
30297
30304
30345
30413
30413
30413
30413
30413
30413
30414
30414
30414
30414
30495
30611
30643
30712
30890
30892
30892
30987
30987
30987
30987
30987
30987
30987
30987
30987
31018
31018
31018
31018
31018
31028
31028
31028
31036
31036
31043
31043
31043
31043
31043
31043
31043
31043
31043
31142
31168
31351
31434
32174
32393
32465
32763
32763
32763
32768
32768
33193
33222
33427
33910
33910
33910
34050
34050
34152
34152
34152
34217
34387
34400
34400
34424
34519
34610
34859
35115
35115
35141
35144
35298
35450
35450
35450
35701
35849
35895
36034
36052
36056
36069
36099
36181
36181
36236
36250
36516
36662
36701
36711
36711
36832
36999
37001
37008
37021
37064
37064
37109
37109
37109
37109
37109
37109
37264
37321
37332
37513
37785
37913
37915
37999
37999
38016
38113
38138
38142
38142
38254
38273
38286
38326
38330
38330
38539
38613
38613
38841
39311
39330
39762
39820
39860
40045
40356
40492
40492
40492
40492
40492
40492
40492
40492
40492
40492
40498
40498
40498
40498
40578
41110
41119
42384
42418
42418
42809
42818
42818
42818
42819
42821
42828
42828
42828
42828
42828
42837
42882
42887
42887
42887
43129
43129
43193
43407
43480
43579
43601
43658
43827
43827
43827
43827
43827
43827
43834
44549
44574
44732
44734
44737
45078
45291
45374
45524
45611
45612
45612
45654
45686
45748
45955
46040
46134
46135
46190
46335
46335
46344
46385
46394
46394
46394
46394
46399
46403
46413
46413
46413
46812
46812
46929
47253
47261
47310
47352
47882
48352
48352
48357
48357
48423
48742
48742
48742
48992
48992
48992
