121
284
578
933
996
1009
1148
1260
1315
1320
1633
1633
1633
1992
2065
2065
2065
2065
2065
2065
2065
2065
2065
2152
2598
2793
2859
2883
3112
3112
3150
3373
3384
3391
3598
3598
3714
3723
3723
3991
4101
4101
4295
4571
4780
5011
5430
5594
5798
5935
5935
6817
7245
7245
7262
7289
7661
7896
8133
8222
8280
8430
8837
8874
8874
8880
8907
8952
8956
8956
9101
9101
9332
9595
9596
9731
9731
9731
9731
9731
9760
9814
9814
9815
9815
9816
10174
10174
10396
10477
10609
10609
10738
10903
10916
10973
11115
11115
11116
11621
11621
11621
11621
11621
11634
11663
11715
11793
11939
12238
12279
12319
12414
12414
12439
12459
12561
12581
12627
12627
12627
12838
12963
13049
13049
13089
13142
13222
13312
13373
13383
13384
13597
13646
13652
13894
14018
14018
14018
14018
14018
14018
14018
14048
14224
14351
14850
14944
15018
15051
15051
15051
15467
15467
15808
15830
16133
16144
16524
16652
16652
16652
16956
17068
17068
17068
17149
17369
17404
17622
17622
17993
18114
18300
18452
18452
18873
19011
19015
19661
19666
19725
19774
19884
19884
19884
19886
20010
20076
20097
20181
20204
20204
20204
20878
20878
21289
21423
21423
21427
21639
21705
21719
21974
22113
22156
22559
22723
22723
22734
22907
22907
22907
22907
22907
22907
22907
22907
22907
22907
22907
22907
23074
23247
23247
23309
23389
23510
23515
23515
24073
24253
24253
24582
24810
25082
25293
25313
25329
25344
25551
25752
25888
25888
25902
25902
25921
26075
26290
26536
26666
26897
27129
27210
27627
27627
27724
27724
28509
28509
28509
28509
28559
28569
28569
28570
28570
28570
28570
28590
28695
28699
28706
28916
28931
28964
28998
29729
29729
29756
29802
30087
30298
30298
30298
30298
30308
30311
30414
30414
30414
30414
30432
30432
30471
30586
30602
30700
30712
30778
30784
30917
31036
31044
31044
31141
31142
31145
31219
31278
31351
31351
31374
31551
31753
31753
31753
32107
32175
32176
32176
32258
32382
32795
32865
32869
33066
33077
33477
33509
33509
33509
33509
33509
33829
34152
34387
34389
34389
34389
34424
34469
34859
34958
34958
34976
34982
35207
35243
35247
35247
35315
35315
35322
35513
35551
35991
36029
36069
36078
36078
36079
36079
36352
36352
36420
36420
36819
36819
36819
36819
36832
36832
36832
36832
36832
36890
36890
36890
36890
36890
36959
36994
37027
37027
37062
37064
37064
37084
37173
37215
37265
37296
37297
37452
37570
37661
37733
37831
37837
37842
38218
38218
38218
38218
38218
38286
38291
38562
38601
38677
38979
39248
39327
39579
39675
39716
40396
40688
40891
40954
41078
41099
41101
41101
41118
41154
41215
41406
41406
41535
42007
42168
42168
42418
42418
42418
42418
42418
42418
42418
42440
42478
42738
42806
42828
42882
42887
42887
42887
42928
42928
42947
43228
43377
43430
43648
43834
43838
43846
43846
43996
43997
43997
44169
44910
44917
44961
44961
44963
44994
45064
45113
45113
45113
45312
45530
45814
45884
46135
46351
46732
46818
46818
46841
46898
46898
47164
47265
47310
47348
47352
47595
47601
47601
47918
47956
47965
48664
48954
