440
688
722
1146
1159
1159
1913
2267
2508
2517
3388
3390
3528
3810
3875
3940
4467
4571
5266
5268
5271
5473
5473
5487
5500
5500
5508
5508
5508
5508
5508
5508
5508
5508
5594
5594
5896
6094
6673
7745
7999
8521
8805
8953
8954
8956
8956
9211
9945
10163
10206
10206
10206
10206
10206
10208
10208
10433
10477
10694
10694
10694
10959
11146
11709
12238
12261
12584
12682
12818
13939
13948
14726
15051
15408
15462
15471
15471
15471
15580
15584
15584
16711
16844
17587
17587
17587
17590
18207
19003
19011
19017
19119
19121
19147
19147
19330
19584
19585
19670
19670
19687
19687
19687
19917
19917
20536
20780
20780
21561
22392
22401
22567
22614
22907
22907
22907
22907
22907
23089
23392
23531
23606
23835
23835
24026
24044
24253
24478
24587
24598
24611
24611
24958
24972
25921
26000
26000
26000
26000
26000
26000
26000
26000
26000
26002
26266
26266
26266
26266
26266
26266
26266
26266
26349
27232
27232
27736
28596
28848
29148
29196
29196
29409
29409
29409
29409
29409
29409
29409
29409
29409
29409
29418
29713
29778
30297
30298
30413
30413
30413
30586
30602
30712
30982
30982
31018
31018
31018
31018
31018
31018
31018
31020
31028
31028
31028
31028
31028
31028
31028
31028
31028
31028
31145
31352
31352
31753
32098
32176
32495
32721
32739
32768
32788
33199
34050
34050
34080
34081
34152
34424
34424
34424
34535
35038
35040
35368
35450
35450
35450
35450
35450
35450
35450
35513
36034
36034
36051
36051
36099
36181
36181
36650
37006
37051
37062
37062
37062
37109
37177
37913
38256
38286
38326
38327
38611
38653
38654
39283
39305
39475
39687
39973
40492
40492
40492
40492
40492
40492
40492
40492
40492
40492
40498
40853
41110
41390
41597
41618
42284
42482
42691
42713
42818
42940
43129
43486
43486
43658
43827
43827
43827
43834
43834
44132
44603
45954
45956
46037
46135
46135
46135
46135
46486
47234
47234
47265
47882
47882
48393
48742
48742
48742
48742
48742
48742
48742
48742
48793
48799
48989
48992
