660
1572
1966
1970
2065
4651
5133
5297
6231
6231
7853
7853
8354
10174
10523
10624
10902
10903
11300
11939
12608
13015
13140
13313
13374
14968
15309
15759
16174
16432
16524
17302
17872
17872
19506
19651
20207
20239
21639
21639
22409
23515
23706
24038
24612
25313
26531
27145
27627
28499
28499
28764
28958
28958
29581
29827
30121
30377
30712
30712
31036
31039
31039
31039
31044
31044
31374
31489
31489
31664
31994
32662
32788
32961
34449
34519
35285
36069
36078
36434
36457
36457
37101
37296
38167
39412
42485
42752
42818
42828
42828
43371
43407
43601
43601
43601
44701
44701
45510
45530
45530
45532
46136
46136
46399
46399
46562
46732
48184
48294
48330
48403
48664
