284
512
515
515
515
515
884
888
888
917
987
1159
1670
1670
1671
2714
3346
3346
4126
4126
4852
4855
5328
5440
5882
6033
6912
7321
7805
7805
8123
8354
8354
8872
8951
8975
8975
10431
10627
11841
12079
12928
12971
14009
14312
14677
15067
15467
16961
17405
20612
20720
20720
20720
20720
20721
21323
21884
22065
22065
22429
22429
22561
23294
23294
23735
23735
23735
23792
23792
23793
23793
24081
24169
24360
25377
25581
25586
26417
26417
26594
27339
27541
27541
27557
27854
28909
29067
29301
29301
29321
29499
29971
30395
31079
31142
31723
32681
33116
34438
34730
35433
35522
36094
36094
36568
37279
38526
39110
39660
39660
40024
40613
41801
42190
42271
42329
42372
42485
42486
42486
42487
42487
42514
42818
42818
42818
43053
43193
43577
44142
44646
44731
45374
45861
46479
46479
46479
46479
46665
46882
47484
47872
47872
47948
48298
48393
48742
