92
957
1047
1159
1668
2885
3276
3523
3689
4480
4571
4571
4852
5133
5133
5186
6807
6807
6967
7023
7871
7888
8362
8362
8362
9992
10358
10439
10738
11115
11115
11429
11538
12065
12065
12110
12238
12371
12469
13172
13507
13520
13592
13628
14018
14018
14467
15320
15320
15320
15493
15493
15493
15493
15493
15493
15493
15493
15493
15497
15644
15665
15665
15754
15787
15787
15787
15787
15790
15790
15804
15923
15954
16015
16878
17626
17628
17779
17799
17979
18830
18884
19011
19011
19011
19014
19651
19683
19683
19683
20289
20727
20780
20796
20853
20877
20877
21015
21015
21594
21594
21643
21889
22567
22907
22907
22907
23089
23247
23327
23389
23483
23483
23515
23515
23968
24022
24022
24193
24582
24582
24582
24582
24582
24582
24894
25581
25888
26147
26420
26632
26647
26647
26726
27023
27748
27748
28021
28712
28848
28854
29986
30301
30301
30301
30301
30301
30301
30301
30413
30540
30540
30678
30678
30936
31043
31043
31127
31128
31129
31219
31361
31364
31533
31784
31784
31784
31787
31909
31909
32466
32795
32795
33134
33321
33477
33910
34072
34197
34307
34307
34384
34488
34488
34652
35450
35522
35991
36054
36056
36178
36178
36437
37101
37369
37369
37370
37513
37671
38262
38342
38728
39085
39413
39490
39687
39840
40327
40695
40706
40706
40710
40750
40750
40919
40920
40920
40920
40920
40920
40920
40920
41092
42026
42026
42487
42821
42831
43129
43495
43579
43611
43658
43666
43834
43834
43907
43920
43920
43999
44734
45011
46098
46525
46762
46823
46918
47212
47562
47562
47562
47562
47601
47601
47615
47801
48173
48294
48357
48357
48954
48954
48954
48954
48954
48954
48954
