155
578
596
627
807
933
999
1098
1138
1146
2065
2065
2065
2065
2065
2065
2065
2065
2065
2065
2320
2343
2343
2409
2424
2424
2453
2546
2739
2739
2871
2871
3166
3600
3723
3951
4571
4571
4571
4571
4668
4772
4790
4855
4878
5128
5133
5277
5277
5296
5368
5507
5507
5507
5601
5621
5621
5868
5876
5882
6231
6234
6772
6774
6795
6973
7023
7197
7215
7546
7660
7859
7896
8118
8133
8414
8458
8806
8806
8806
8813
8956
8975
8976
9012
9012
9032
9223
9323
9326
9326
9337
9339
9731
9731
9731
9760
9815
10168
10271
10606
10678
10738
10738
10756
10758
10832
10919
10920
10993
11282
11282
11282
11310
11396
11621
11939
12110
12330
12339
12362
12414
12575
12575
12608
12627
12627
12678
12724
12724
12869
12869
13049
13049
13073
13121
13136
13150
13151
13301
13381
13381
13499
13619
13647
13727
13750
13825
13827
13893
13893
13893
13894
14232
14658
15298
15408
15408
15408
15467
15489
15661
15696
15825
15944
15969
16183
16486
16555
16770
16783
16839
16839
16839
16848
16959
17009
17263
17302
17629
17743
18029
18292
18295
18761
18962
19011
19011
19011
19011
19015
19017
19017
19017
19042
19088
19122
19130
19470
19651
19774
19774
19952
20024
20030
20053
20081
20204
20721
20926
21145
21299
21299
21299
21555
22076
22107
22230
22230
22433
22647
22647
22647
22746
22903
22907
22907
22907
22907
22907
22907
22907
22907
23087
23414
23414
23510
23510
23510
23514
23515
23515
23515
23515
23643
23706
23706
23706
24253
24582
25012
25071
25313
25883
25888
25921
26373
27034
27035
27541
27603
27627
27685
27696
28321
28473
28475
28623
28633
28666
28724
28760
28862
28984
29532
29778
29778
30056
30203
30380
30411
30414
30414
30414
30471
30586
30712
30714
30882
30892
30892
31220
31351
31351
31351
31735
31753
32187
32188
32188
32299
32299
32465
32600
32603
32603
32603
32681
32724
32789
32795
33033
33088
33427
33679
33910
33910
33966
33966
33982
33994
34009
34060
34324
34324
34324
34384
34384
34384
34389
34489
34496
34535
34563
34563
34603
34603
34603
34705
34832
35254
35324
35425
35450
35833
35833
35833
35833
35968
35992
36090
36094
36105
36159
36161
36178
36250
36250
36264
36434
36598
36832
36890
36964
37251
37296
37296
37298
37471
37618
37627
37797
37914
37915
37936
38142
38218
38326
38326
38326
38327
38339
38339
38339
38339
38653
38713
38807
38845
38845
39080
39127
39340
39507
39507
39507
39507
39510
39510
39686
41047
41078
41078
41112
41193
41407
42101
42103
42103
42103
42148
42270
42284
42284
42311
42354
42372
42372
42372
42418
42418
42418
42418
42418
42418
42418
42418
42418
42478
42713
42819
42983
43053
43129
43129
43129
43194
43196
43355
43355
43355
43407
43414
43579
43858
43997
44178
44640
44682
44955
45012
45094
45094
45312
45471
45473
45638
45641
45654
45700
45761
45779
45847
45847
45847
45954
46033
46135
46157
46394
46547
46569
47253
47265
47265
47344
47818
47818
47818
47818
47819
47819
47901
47901
48090
48119
48294
48304
48357
48423
48879
48926
48932
48954
48954
48954
48954
48975
48980
49393
