1872
1896
1913
1913
1913
1913
2320
2320
2320
2322
2322
2517
2523
2533
2699
2703
2703
2790
2824
2855
2857
3093
3094
3150
3201
3600
3763
3768
3768
3951
3951
3951
4571
4793
5417
5473
5473
5480
5513
5564
6231
6231
6231
6302
6453
6495
6599
6769
6790
6790
6791
6791
6795
7042
7287
7704
7704
7704
7778
7801
8787
8788
8790
8794
9018
9032
9032
9107
9269
9448
9615
9619
9662
9762
9982
10008
10174
10831
10865
10949
11244
11305
11328
11337
11397
11761
11771
11916
12108
12108
12110
12110
12238
12238
12238
12238
12268
12362
12414
12414
12559
12678
12750
12779
12789
12808
13049
13066
13141
13281
13287
13482
13561
13561
13592
13633
13633
13633
13893
14212
14471
14947
15412
15467
15488
15490
15490
15497
15626
15648
15674
16270
16270
16270
16486
16839
16863
16863
17109
17188
17462
17462
17462
17799
17956
17967
18207
18398
18511
18761
18864
18996
19003
19015
19057
19058
19058
19058
19502
19774
19774
19774
19774
20258
20283
20284
20332
20640
20755
20807
20883
21056
21152
21152
21152
21232
21627
21639
22064
22064
22076
22104
22104
22116
22128
22302
22332
22567
22622
22622
22647
22647
22647
22647
22647
22737
22854
22855
22932
23062
23202
23294
23294
23414
23476
23482
23510
23510
23514
23514
23515
23515
23515
23515
23537
23642
23643
23706
23799
23833
24015
24070
24070
24162
24169
24318
24329
24329
24606
24698
24718
24833
24957
24979
25273
25794
25803
25838
26848
26971
27927
27936
28263
28584
28808
28905
28905
28913
28916
28917
28938
28958
28966
28967
29301
29532
29533
29587
29640
29713
29713
29713
29802
29934
30185
30195
30412
30422
30436
30586
30596
30596
30645
30692
30692
30890
31145
31145
31145
31219
31753
31757
31775
31775
31775
31778
31779
31870
31870
31905
31905
31905
31905
31905
31906
31906
32059
32105
32106
32106
32106
32106
32106
32106
32106
32768
32784
32788
33108
33116
33123
33317
33412
33547
33548
33706
33706
34080
34152
34154
34154
34154
34154
34154
34170
34324
34325
34535
34643
34643
34643
34644
34644
34644
34644
35024
35059
35203
35243
35331
35383
35425
35450
35450
35628
35637
35717
35851
36069
36069
36069
36069
36069
36069
36078
36090
36103
36250
36421
36434
36434
36726
36904
37298
37403
37403
37418
37418
37418
37418
37661
37665
37665
37785
37785
37828
37852
38013
38059
38119
38326
38326
38327
38328
38608
38608
38608
38656
38669
38907
39020
39309
39525
39833
39890
40093
40234
40980
41546
41618
42040
42101
42107
42110
42118
42143
42252
42255
42257
42257
42260
42271
42271
42271
42284
42308
42308
42322
42364
42365
42486
42487
42541
42541
42845
42845
43053
43129
43355
43480
43631
43648
43848
43996
44014
44014
44627
44701
44789
45035
45039
45167
45231
45312
45312
45328
45659
45779
45807
45954
45954
46113
46136
46344
46437
46465
46509
47055
47310
47481
47649
47818
47819
47819
47845
47861
47869
47869
47878
47918
48003
48078
48090
48093
48093
48093
48104
48118
48142
48161
48393
48396
48400
48420
48423
48641
48641
48641
48664
48664
48664
48664
48664
48767
48793
48915
48992
48992
49182
49398
