287
652
934
1009
1030
1098
1319
1400
1492
1497
1954
1954
1954
1954
1954
2267
2508
2517
2517
2560
2561
2561
2713
2735
2992
3121
3128
3150
3171
3863
4064
4571
4571
4621
4936
5105
5124
5124
5128
5133
5879
6628
6628
6889
7139
7287
7287
7289
7516
7534
7534
7534
7534
7536
7899
8059
8407
8422
8790
9107
9107
9192
9297
9298
9298
9299
9299
9300
9529
9613
9935
9935
10271
10271
10271
10272
10272
10272
10272
10272
10369
10377
11396
11434
11505
11748
12188
12952
13034
13162
13297
13297
13297
13297
13751
13825
14029
14569
14878
15287
15488
15705
15804
15816
15816
15816
16058
16457
16518
16818
16895
16895
16962
16962
17220
17227
17302
17435
17435
17435
17830
18291
18291
18934
18996
18996
18996
19056
19056
19058
19120
19248
19285
19462
19466
19551
19553
19750
19774
20065
20198
20210
20359
20425
20523
20660
20970
20970
21300
21300
21300
21780
21982
22103
22468
22468
22468
22587
22604
22647
23414
23510
23510
23596
23706
24606
24766
24766
24768
25957
26659
26667
26667
26667
26983
26983
27013
27013
27014
27022
27022
27022
28115
28590
28819
28859
28905
28935
29532
29713
30362
30414
30471
30890
30977
30987
31145
31167
31284
31476
31749
31870
32179
32478
32495
32495
32495
32497
32497
32497
32497
32497
32497
32497
32497
32518
33037
33039
33075
33896
34163
34324
34371
34581
35005
35020
35024
35059
35059
35075
35149
35253
35256
35275
35313
35450
35450
35662
35851
35856
36107
36107
36488
36581
36581
36581
36581
36581
37295
37418
37578
38125
38326
38326
38327
38327
38745
38994
39101
39400
39755
39761
39761
39761
40695
41059
41193
41194
41194
41510
42468
42818
43129
43355
43376
43376
43399
43579
43611
43619
43658
43659
43996
44501
44708
44911
44915
45063
45312
45465
45954
46175
46175
46188
46188
46413
46898
47415
47459
47918
48104
48104
48108
48366
48366
48393
