354
893
933
1009
1090
1148
1159
1159
1418
1665
2065
2065
2548
3150
3384
3533
3590
4571
4635
5277
5614
5953
6521
6865
7076
7150
7150
7197
7530
7859
7859
7859
7859
8424
8975
9253
9310
9415
9731
10396
10609
10624
10738
11116
11116
11415
11585
12095
12279
12337
12337
12610
12627
13121
13135
13150
13893
14018
14612
14612
15496
15650
15652
16177
16524
16848
16850
17264
17629
17968
18279
18673
18996
19011
19011
19014
19239
19423
19513
19589
19670
19773
19774
19885
19886
19887
19887
19952
20022
20110
20163
20392
20415
20415
21295
21329
21421
21486
21639
22409
22502
22752
22907
23247
23472
23515
24077
24165
24169
24169
24281
25011
25071
25071
25696
25796
25888
26772
27711
27713
27931
27932
28112
28509
28509
28509
28516
28516
28570
28623
28706
29250
29301
29690
29713
29802
29934
30132
30145
30147
30301
30414
30414
30422
30643
31714
31870
31994
31994
32174
32511
32763
32765
32887
33637
33910
33964
33964
34034
34486
35247
35833
35833
35834
35884
35968
36034
36105
36105
36298
36298
36434
36532
36532
36832
36872
36890
37295
37697
37857
37915
37915
37915
37927
37999
38016
38249
38249
38249
38326
38326
38340
39244
39433
39507
40058
40154
40873
41618
41618
42006
42284
42329
42329
42329
42329
42329
42418
42478
42485
42818
42828
42837
43129
43409
43631
43631
43658
44489
44708
44908
45391
45544
45798
45847
46134
46400
47265
47344
47555
48009
48928
