1244
2713
2713
3835
4488
7853
9645
11621
11621
11622
12678
12678
12693
12693
13124
13240
13462
14264
15462
15497
15787
15807
15816
16524
16641
17068
18001
18001
18203
18314
18381
19014
19160
19160
19160
19765
21323
21749
21749
22907
22907
23484
23510
24038
24253
24418
24539
24606
25547
25547
27309
29096
29301
29356
29713
29840
29986
30200
30432
30432
30890
31490
31490
31490
32768
33313
34050
34386
34424
34488
35513
36272
36365
36492
36811
36996
36999
37993
37993
38286
38611
40754
41622
41901
41978
41978
42887
43129
43226
45828
45831
46398
47177
47177
47339
47861
48954
48977
49187
