316
410
412
412
445
664
753
1913
1913
1913
1913
1913
2323
2465
2524
2635
2772
3150
3150
3636
4411
4476
5133
5289
5369
5507
5620
5643
5713
5786
5801
5801
5801
5801
5802
5802
5933
6187
6231
6231
6231
6231
6231
6354
6479
6900
6967
6967
7009
7009
7010
7011
7011
7140
7188
7189
7341
7341
7341
7366
7375
7375
7384
7434
7434
7506
7853
7853
7944
8123
8640
9225
9225
9565
9760
9780
9855
10206
10213
10271
10781
10797
11115
11429
11561
11572
11572
11572
11576
11583
11691
12108
12110
12346
12459
12559
12606
12678
12688
12778
12779
12804
12961
12963
13049
13049
13150
13150
13256
13284
13284
13285
13289
13470
13840
14009
14009
14022
15051
15133
15320
15320
15467
15488
15488
15488
15488
15488
15489
15489
15497
15674
15675
15675
15681
15681
15683
15683
15723
15752
15893
16524
17164
17255
18226
18291
18592
18668
18776
19014
19017
19139
19392
20204
20588
20588
20756
20852
20854
21105
21180
21187
21188
21232
21639
21785
21889
21974
21974
22091
22258
22370
22370
22567
22647
22647
22647
22647
22647
22647
22651
22806
22907
22907
22907
22907
23036
23038
23245
23245
23375
23414
23481
23487
23487
23503
23510
23510
23515
23537
23562
23700
23700
23706
23706
24190
24253
24466
24557
24557
24557
24606
24716
24957
26461
26633
26858
27331
27331
27331
27335
27335
27335
27335
27502
27502
27541
27622
27655
27781
28368
28368
28452
28511
28803
28848
28852
28859
28967
28972
29295
29307
29409
29587
29590
29690
29938
30068
30073
30124
30298
30301
30304
30547
30600
30742
30742
30778
30780
30877
31145
31145
31145
31171
31171
31351
31360
31643
31749
31749
31869
31869
31869
31870
31976
31994
31994
32017
32234
32293
32615
32681
32683
32788
33040
33382
34096
34369
34488
34488
34511
34535
34581
34581
34736
34859
34875
34875
35012
35023
35059
35125
35144
35157
35157
35271
35513
35609
35609
35611
35618
35631
35794
35965
36069
36078
36078
36078
36078
36078
36078
36078
36178
36178
36181
36258
36269
36271
36437
36516
36731
36795
37064
37064
37308
37419
37852
38058
38218
38218
38218
38307
38323
38326
38326
38339
38339
38339
38339
38454
38464
38520
38525
38536
38585
38601
38614
38653
38654
38656
38698
38726
38979
38979
39183
40912
40966
41024
41256
41510
41675
41759
41767
41767
41819
41819
41819
41819
41912
42016
42102
42103
42146
42159
42168
42277
42410
42418
42580
42802
43048
43081
43129
43129
43242
43242
43311
43311
43311
43311
43311
43311
43311
43355
43355
43355
43407
43414
43495
43579
43658
44014
44203
44529
45149
45163
45312
45350
45362
45523
45954
45966
46120
46134
46134
46398
46732
46988
47092
47184
47212
47348
47466
47519
47818
47818
47819
47819
47819
47878
47901
47915
47956
48041
48142
48269
48294
48294
48393
48393
48400
48400
48400
48573
48580
48793
48804
48919
48958
48958
48958
48977
49309
