492
954
954
1159
1426
1426
1454
1492
1616
1947
2699
2700
2735
2838
2924
3093
3150
3358
3659
3719
3723
3723
3803
3940
4064
4136
4476
4476
4554
4571
4701
4702
5133
5133
5356
5500
5564
5621
6233
6284
6284
6284
6284
6284
6284
6284
6284
6284
6299
6570
6600
7023
7023
7023
7023
7101
7287
7377
7704
8206
8209
8414
8788
8805
9107
9613
9676
9676
9676
9731
10332
10368
10458
10477
10477
10530
10530
10763
10798
10798
10803
10805
10865
10887
10935
10935
11336
11591
11612
11621
11682
11682
11857
12337
12602
12627
12678
12801
13150
13197
13284
13284
13634
13698
13699
13736
13893
13936
14185
14414
14472
15107
15126
15296
15314
15320
15408
15408
15408
15597
15754
15954
15956
16029
16270
16270
16613
16825
16844
16844
16864
16864
16865
16982
17369
17533
17799
18381
19011
19011
19058
19058
19058
19058
19058
19058
19058
19058
19058
19058
19058
19058
19058
19058
19058
19058
19058
19058
19058
19058
19138
19505
19601
19651
19658
19665
19666
20259
20444
20444
20444
20444
20444
20596
20755
20873
21200
21299
21299
21299
21329
21329
21329
21594
21873
21884
22065
22071
22073
22230
22539
22567
22647
22723
22723
22845
22847
22907
22908
23074
23074
23087
23089
23089
23335
23476
23482
23510
23510
23515
23515
23531
23706
24253
24316
24632
24632
24890
24954
24957
24957
24957
25241
25313
25313
25401
25869
25921
25921
26035
26251
26565
26565
26571
26596
26643
26700
26700
26991
26996
26996
27121
27121
27619
28019
28289
28289
28289
29133
29225
29623
29921
29960
29962
30012
30297
30406
30414
30482
30550
30554
30734
30863
30863
30890
30936
30982
30982
30987
30987
31008
31039
31103
31268
31749
31749
31749
31753
31753
31753
31783
31799
31866
31866
31870
32011
32103
32103
32103
32106
32174
32176
32291
32495
32495
32495
32622
32763
32764
32765
32768
32769
32856
32857
32857
32961
33024
33108
33294
33653
33653
33653
34152
34152
34152
34154
34170
34204
34204
34278
34327
34424
35070
35141
35141
35141
35141
35143
35144
35331
35407
35544
35610
35827
35851
35851
35851
35851
35872
35882
35884
35894
35942
35942
36037
36056
36059
36181
36181
36186
36186
36186
36250
36316
36316
36598
36987
37084
37258
37283
37348
37419
37421
37828
37861
37913
37999
37999
37999
37999
37999
37999
38016
38027
38028
38028
38143
38273
38286
38291
38326
38326
38326
38327
39080
39220
39400
39400
39513
39513
39640
39640
39640
39640
39690
39690
39690
39690
39761
39962
39962
40216
40234
40234
40313
40419
41110
41110
41110
41154
41277
41319
41579
41803
41803
41803
41803
41803
42329
42329
42365
42714
42806
42818
42818
42818
42818
42818
42933
43144
43157
43194
43194
43208
43355
43371
43414
43453
43579
43658
43846
43996
43996
43996
43996
43996
44229
44236
44236
44606
44633
44667
44686
44686
44708
44737
44905
44905
45401
45564
45567
45733
45803
45809
45966
45967
46479
46479
46479
46479
46479
46653
46653
46653
46854
47261
47265
47352
47355
47555
47861
47918
47918
48119
48150
48150
48150
48294
48624
48719
48734
48771
49183
49183
49183
49393
49393
49393
49393
49398
