1671
1913
1954
2988
3932
5133
5289
5292
5292
5307
5643
5714
5841
5896
7009
7208
7561
7561
7562
7562
7896
7896
7899
8293
8314
8814
8821
9230
9230
9230
9230
9414
10081
10206
10261
11454
11775
11775
11793
11793
11793
12414
13089
14110
16108
16108
16108
16524
16524
16524
18844
19011
20081
21643
21643
22700
22723
22907
22907
23286
23706
23707
24758
24758
24957
27009
27024
27356
27356
29077
29418
29713
29729
29729
29729
30107
30304
30936
31282
31632
31753
32466
32790
33213
34327
34435
34438
34447
34859
35450
35450
36157
36178
36355
36598
37513
38049
38051
38094
42271
42284
42418
42482
42739
42818
42818
43129
43947
44468
44468
44794
46135
46335
46823
47310
47310
47869
47948
47948
47948
48424
48728
48954
