85
91
930
930
957
960
991
991
1019
1121
1122
1159
1497
1671
1671
1913
2241
2519
2519
2699
2699
2703
2703
2713
2766
2766
2766
2766
2766
2766
2766
2766
2766
2766
2766
2766
2879
3196
3214
3483
3895
5128
5150
5281
5281
5305
5431
5506
5506
5872
6491
6506
6983
7164
8029
8029
8029
9253
10174
10174
10249
10271
10477
10680
10802
10824
10830
10869
10898
10902
10945
11155
11155
11155
11391
11435
12016
12694
12702
13089
13089
13256
13296
13597
13894
13894
13894
13894
13907
13940
13982
14084
14084
14323
14343
14425
14449
14735
14963
15023
15026
15026
15026
15026
15027
15060
15242
15408
15408
15408
15408
15408
15493
15584
15771
15808
15858
16200
16365
16374
16524
16524
16957
16957
16957
17031
17158
17228
17275
17302
17622
17622
17968
18298
18637
18677
18678
18678
18678
19077
19658
19658
20059
20059
20063
20064
20344
20360
20361
20919
20919
20919
21154
21224
21556
21647
21974
22055
22190
22472
22472
22750
22907
22907
22907
22907
22907
22907
22907
23140
23414
23483
23583
23588
23706
23706
23707
24169
24169
24169
24169
24169
24169
24253
25245
25316
25316
25480
25574
25574
25574
25584
25888
25895
26053
26124
26324
26324
27939
27969
28107
28274
28963
29066
29301
29301
29301
29301
29301
29748
30203
30203
30203
30203
30204
30204
30204
30204
30204
30204
30402
30414
30422
30422
30432
30936
31145
31282
31351
31351
31482
32173
32173
32176
32237
32254
32465
32756
32769
33123
33184
33254
33254
33254
33653
33706
34286
34424
34695
34922
34922
34930
34930
34930
34930
34930
35274
35285
35307
35315
35470
35991
36029
36099
36160
36436
36529
36993
36995
37295
37569
37569
37828
37999
38059
38142
38167
38285
38285
38286
38326
38342
38418
38526
38841
39108
39110
39400
39400
39535
39624
39645
39689
39849
40052
40089
40385
40708
40873
40933
40933
40933
40933
40933
40933
40933
41157
41618
41896
41896
42109
42329
42329
42696
42828
43122
43129
43414
43552
43552
43552
43552
43942
44541
45263
45263
45312
45374
45654
45879
45954
46033
46033
46033
46220
46376
46376
46394
46394
46413
46413
46588
46732
46820
47155
47156
47204
47351
47356
47471
47595
47599
47882
47882
47882
47882
47882
47882
47882
47948
47948
48214
48234
48234
48234
48234
48234
48234
48234
48234
48235
48235
48236
48424
49328
49328
49328
49328
49328
49392
49392
49392
49392
