55
58
268
417
473
904
904
933
1237
1633
1719
1913
1913
1954
2065
2409
2525
2879
2980
2986
3128
3128
3128
3150
3150
4517
4571
4571
5031
5045
5595
5621
6259
6712
7023
7061
7516
7899
8059
8280
8280
8280
8457
8506
8955
8956
9179
9199
9596
9862
9910
10213
10477
10738
10738
10869
10902
11116
11159
11763
12110
12238
12414
12414
12414
12414
12416
12575
12606
12683
12702
12827
12840
13087
13089
13347
13445
13499
13592
13643
13717
13760
13773
14210
14673
14861
14918
14950
15162
15193
15329
15329
15462
15583
15584
15584
15754
15954
16107
16351
16524
16524
16524
16844
16850
16850
17139
17165
17167
17193
17302
17826
18003
18042
18700
18995
19011
19011
19014
19015
19122
19351
19517
19576
19651
19666
19670
20327
20748
21299
21356
21381
21421
21639
22130
22130
22403
22500
22723
22898
22907
22907
22907
22907
22907
22907
22907
22907
22908
23042
23042
23245
23309
23510
23514
23515
23754
24026
24143
24143
24253
24606
24927
25141
25235
25552
25711
25747
25752
26053
26176
26255
27145
27711
28262
28319
28379
28569
28803
28913
28931
28954
28958
29065
29295
29532
29827
29951
29951
30056
30297
30304
30380
30414
30414
30414
30414
30471
30586
30586
30717
30717
30881
31030
31040
31044
31199
31202
31202
31204
31664
31753
31870
31991
31994
32017
32339
32465
32603
32763
32795
32856
33074
33170
33573
33573
33626
33683
33687
33897
33966
34033
34050
34050
34060
34152
34152
34174
34217
34250
34384
34386
34400
34400
34479
34488
34519
34519
34859
34859
34859
34859
35191
35203
35244
35298
35315
35316
35363
35371
35535
35589
35984
36004
36069
36078
36094
36184
36437
36648
36697
37084
37172
37173
37295
37296
37472
37513
37513
37852
37933
37969
38165
38286
38324
38335
38339
38520
38912
39318
39914
40006
40008
40031
40060
40608
41025
41047
41062
41112
41154
41193
41194
41960
42016
42118
42418
42418
42418
42418
42418
42418
42455
42482
42482
42805
42810
42824
42998
43066
43355
43407
43631
43631
43658
43658
43827
43827
43834
43997
44136
44625
44830
45231
45312
45328
45654
45654
45805
46399
46413
46451
46467
46497
46666
46668
46732
46732
46854
46916
46916
47106
47148
47266
47339
47355
47595
47647
48148
48294
48433
48574
48767
48788
48823
48917
48925
