426
426
542
1412
1633
1929
1954
2065
2553
2612
2879
3128
3128
3128
3128
3128
3128
3128
3128
3150
3150
3150
3150
3151
3151
3358
3390
3528
3590
3740
3895
3895
3908
3942
4855
5124
5133
5277
5353
5353
5594
5614
5621
5622
5633
5695
5695
5695
5695
5695
5695
5700
5701
5704
5704
5705
5705
5705
5724
5872
5969
6113
6115
6115
6115
6231
6872
6873
6912
7023
7074
7074
7077
7569
7853
7888
7888
7888
7896
8081
8159
8314
8314
8489
8530
8800
8814
8814
9070
9076
9095
9100
9100
9196
9648
9715
9735
9760
10609
10609
10609
10758
10916
10959
10976
11052
11271
11542
11562
11564
11762
11939
11939
12002
12074
12156
12171
12200
12238
12325
12325
12326
12333
12362
12414
12414
12414
12575
12610
12627
12763
12929
12929
12929
12951
13016
13089
13089
13089
13196
13196
13196
13196
13578
13597
13633
14239
14338
14343
14415
14467
14899
14927
14944
14944
14991
15051
15103
15242
15287
15356
15388
15561
15588
15650
15650
15650
15736
15799
16524
16534
16603
16641
16839
16844
16957
16960
16963
16963
16963
17227
17242
17575
17587
17587
17587
17587
17629
17629
17629
18275
18275
18275
18275
18275
18300
18581
18621
18621
18673
18704
19011
19011
19011
19011
19011
19014
19015
19403
19422
19670
19670
19670
19670
19670
19670
19670
19737
19797
19884
20141
20150
20198
20437
20640
20641
20648
20648
20648
20780
20937
21299
21300
21354
21356
21356
21357
21358
21421
21435
21639
21734
22075
22216
22216
22337
22346
22559
22647
23245
23414
23414
23534
23706
24187
24557
25070
25071
25071
25236
25293
25456
25583
25586
25606
25857
26002
26033
26053
26053
26124
26124
26132
26632
26647
26990
27045
27541
27575
28112
28788
28790
28793
28914
28914
28921
28973
29713
29822
29971
30298
30368
30422
30544
30586
30586
30712
30717
30717
30717
30717
30882
30890
30970
30987
30987
30987
30987
30987
30987
30987
30987
30987
31141
31145
31146
31589
31589
31736
31749
32253
32289
32289
32360
32360
32768
32789
32854
33193
33193
33268
33447
33839
34098
34152
34152
34204
34265
34324
34324
34326
34345
34345
34345
34424
34424
34479
34496
34519
34519
34519
34582
34685
35040
35143
35253
35433
35433
35433
35522
35849
35849
35849
35916
35916
35916
35916
35917
35917
35917
35917
36846
36846
36846
36915
36928
37295
37295
37315
37316
37316
37471
37502
37502
37774
38111
38128
38143
38248
38326
38326
38569
39513
39579
39580
39580
39743
39752
39753
39757
39777
39867
40040
40089
40493
40528
40809
40835
40873
41110
41193
41195
41618
41618
41618
41730
41819
42269
42270
42508
42508
42713
42713
42713
42713
42713
42713
42713
42713
42745
42752
42809
42818
42818
42818
42818
42832
42837
42934
43157
43407
43523
43567
43611
43685
43848
43996
43997
44229
44660
44791
44798
44798
44802
44889
44910
44915
44993
45395
45634
45708
45731
45731
45954
46335
46394
46451
46732
46732
46732
46732
46732
46820
46884
46898
46898
46898
46898
46929
46960
47234
47234
47253
47266
47266
47340
47555
47869
47901
48299
48301
48420
48423
48424
48435
48719
48864
48868
48879
49139
