126
154
921
1159
1159
1286
1492
2688
2809
3587
3590
3684
3951
3959
3959
4098
4105
4395
4395
4395
4571
4571
4789
5128
5133
7023
7150
7245
7249
7534
7888
7896
7896
8081
9349
9637
9648
9665
9665
9731
9731
9735
9735
10541
10738
10738
10738
10756
10805
10973
10973
11115
11115
12575
13124
13170
13296
15051
15233
15780
15780
16657
16854
17214
17302
17302
17302
17413
18279
18314
18618
18779
18873
18968
19011
19011
19011
19120
19425
20494
21200
21423
21639
22065
22409
22604
22907
23245
23247
23706
25888
25921
26602
26632
26647
26746
27013
27013
27013
27013
27013
27026
27050
27051
27604
27711
27712
27792
28451
28451
29301
29301
29305
29640
29934
30550
30586
30667
30714
30714
31361
31529
32559
32670
32683
33116
34204
34387
35613
36029
36069
36069
36069
36079
36099
36186
36264
36420
36437
36995
37295
37367
37370
37828
37914
38608
38998
39612
39612
39625
40058
40234
40253
40253
41546
41546
41546
41651
42103
42611
42611
42928
42934
43579
43845
43878
43947
43996
44229
44236
45312
45654
46934
47331
47352
47352
47352
48393
