284
323
417
418
418
929
933
933
1280
1316
1361
1376
1422
1627
1633
1913
2128
2879
2879
2879
2963
2963
3150
3150
3379
3379
3481
3528
3584
3596
4483
4505
4571
4635
4852
4852
4852
4978
5015
5124
5469
5473
5473
5508
5508
5872
6571
6792
7023
7242
7257
7287
7534
7561
7722
7756
7756
7828
7828
7896
7896
7899
7899
7899
8011
8081
8151
8354
8354
8354
8354
8362
8362
8708
8708
8709
8814
8814
9121
9209
9387
9875
9934
10001
10189
10206
10206
10477
10618
10627
10824
10870
10870
10870
10882
10898
10900
10900
10900
10900
11282
11572
11836
11836
11891
11939
11939
11995
12238
12438
12439
12439
12439
12608
12740
12827
12951
13089
13089
13089
13284
13296
13297
13586
13597
13597
13849
14024
14024
14025
14027
14420
14612
14618
14619
14623
14894
14971
15051
15051
15051
15347
15408
15408
15408
15408
15459
15462
15467
15467
15471
15471
15488
15488
15606
15606
15683
15683
15817
15818
15866
15866
15870
15986
17081
17108
17189
17534
17543
17544
17546
17967
17967
17979
17979
18130
18130
18281
18334
18452
18505
18573
18573
18855
18996
19047
19774
19781
19797
19845
20062
20142
20309
20703
20715
20715
20721
20724
20727
20759
20778
20877
20926
21323
21423
21555
21555
22075
22688
22688
22688
22689
22692
22907
22907
23140
23140
23332
23510
23515
23515
23518
23702
23702
23706
23707
23760
23813
23894
24162
24204
24204
24208
24209
24209
24209
24209
24209
24209
24217
24241
24253
24557
24582
25313
25627
26103
26565
26832
27013
27410
27678
27734
28298
28827
28911
28911
29064
29253
29260
29301
29307
29409
29409
29409
29418
29421
29480
29709
30121
30121
30121
30121
30121
30203
30203
30297
30298
30301
30304
30304
30368
30390
30394
30403
30406
30411
30411
30412
30412
30432
30586
30643
30712
30712
30890
30987
31351
31482
31579
31605
31753
31785
31786
31787
31846
31890
31895
32017
32174
32178
32254
32393
32600
32612
32622
32769
32788
32789
32795
32976
33058
33184
33616
33666
33910
33922
33923
33923
34073
34152
34152
34152
34382
34516
34730
34859
35253
35450
35450
35450
35450
35450
35450
35513
35610
35613
35701
36091
36105
36107
36181
36181
36457
36457
36501
36893
36920
36925
36994
37295
37295
37296
37321
37367
37368
37370
37513
37513
38011
38058
38058
38158
38248
38249
38327
38562
38812
39110
39311
39318
39351
39446
39686
39940
39943
40006
40006
40006
40007
40008
40013
40651
40915
40915
40920
40920
40920
40920
40920
40920
40920
40920
40920
40920
40920
40920
40920
40920
40920
40920
40920
40922
40923
40923
40923
41119
41443
41547
41547
41547
41547
41547
42028
42409
42418
42478
42478
42482
42485
42802
42818
42828
42831
42882
42882
42882
42887
43129
43129
43228
43355
43382
43407
43409
43413
43415
43621
43658
43658
43658
43659
43834
43834
43846
43879
43880
43880
43996
43996
44158
44762
44874
44877
45253
45334
45654
45815
45817
45847
46033
46135
46335
46335
46335
46394
46413
46589
46732
46898
46904
47092
47155
47212
47344
47344
47483
47693
47791
48294
48330
48393
48433
48664
48664
48774
48874
48975
48992
48992
