727
1567
1762
1824
1848
2135
2368
2386
2386
2386
2386
2386
3128
4476
4634
4855
4978
4978
5473
5500
5879
5883
6000
6234
7341
7497
7497
7497
7500
7867
7867
7867
7867
9617
9708
9714
10368
11478
12088
12264
12414
12414
13597
13836
14143
14212
14650
14650
14725
15060
15102
15789
15789
15789
15789
15833
16218
16230
16524
16839
19014
19056
19670
19774
19917
19917
20198
20515
20780
20854
20855
21323
21354
21593
21639
21639
21639
21680
21975
22156
22392
22409
22468
22907
22907
23123
23484
24026
24035
25933
26000
27655
27678
27856
28112
29250
29260
29260
29339
29586
30203
30298
30377
30413
30414
30432
31028
31036
31078
31543
31753
31994
32017
32017
32465
32763
32856
32856
34050
34098
34859
34859
34859
35059
35060
35450
35450
35450
35516
36052
36052
36052
36274
36365
37109
37295
37296
37334
37618
37665
38218
38218
38218
38218
38545
39329
39687
40106
41618
41647
41919
42418
42696
42934
43053
43658
43827
43827
43837
43837
44843
44843
44845
45310
45724
46716
46854
46898
46960
47778
48423
48742
48989
