946
1157
1237
1237
1321
1567
3413
3413
3413
3860
4476
4571
4780
5263
5268
5277
5277
5465
5466
5466
5466
5706
5789
7023
7023
7085
7517
7828
9187
9414
10180
10207
10396
10910
10910
10914
10914
10914
11694
11694
12238
12238
12411
12411
13079
13140
15091
15102
15671
15809
15809
15933
16524
16524
16524
16524
16545
16686
16844
16844
16848
16848
16850
17163
18207
19011
19011
19670
19670
20149
20198
20584
21337
21391
21391
21563
22271
22271
22271
22283
22283
22283
22283
22283
22500
23462
24492
25547
26250
27036
29301
29513
30377
30413
30625
30722
31664
31666
32579
32579
32579
32579
32794
33194
33194
33194
33194
33200
33872
34519
36061
36126
36131
36131
36131
36208
36210
36692
37053
37568
38286
38591
38591
38591
38591
38599
39094
39311
41117
41154
41154
41154
42887
42921
43215
43248
43658
43951
44428
44428
46418
46418
46421
46421
46533
46732
46732
47261
47335
47335
47339
47339
47434
49227
49228
49228
49231
49231
49231
