180
181
264
269
313
316
371
421
428
565
578
624
921
929
933
933
1010
1043
1293
1810
1818
1913
2152
2152
2320
2320
2544
2544
2544
2791
2980
3150
3451
3481
3583
3597
3597
3597
3598
3684
3824
3850
4291
4291
4439
4529
4529
4538
4803
4907
5211
5271
5353
5621
5621
5668
6423
6859
6860
6964
7023
7287
7287
7341
7341
7532
7546
7624
7999
8821
8954
8956
9308
9494
9532
9587
9587
9590
9590
9731
9760
9760
9760
9760
9993
10163
10213
10213
10317
10438
10445
10603
10738
10822
10916
10917
10959
11119
11120
11746
11939
11939
12110
12337
12337
12399
12522
12575
12702
13049
13065
13065
13256
13265
13281
13284
13284
13284
13284
13312
13506
13516
13558
13578
13760
13836
13870
14022
14178
14674
15296
15488
15493
15497
15640
15759
15787
15787
15787
15807
15807
16042
16174
16266
16266
16399
16430
16430
16456
16524
16524
16595
16641
16648
16805
16958
17081
17094
17103
17149
17164
17164
17165
18010
18207
18278
18295
18525
18652
18761
18947
19011
19011
19011
19017
19017
19017
19110
19276
19574
19774
19886
19947
20053
20066
20198
20459
20498
20753
20755
20877
20923
20962
21015
21639
21974
22015
22046
22283
22283
22283
22283
22283
22411
22500
22590
22612
22647
22907
22907
22907
22907
22907
22907
22907
23140
23143
23484
23514
23515
23606
23706
23877
24038
24070
24070
24070
24151
24510
24533
24535
24582
24582
24606
25120
25297
25333
25611
25611
25834
25921
26071
26322
26409
26514
26574
26632
26818
26872
26969
27206
27331
27335
27335
27622
27622
27734
27768
27971
28321
28509
28509
28569
28570
28760
28916
28916
29295
29295
29301
29409
29409
29594
29598
29603
29808
29842
30168
30304
30432
30452
30471
30585
30618
31145
31146
31789
31804
31805
31805
31805
31805
31811
31994
31994
32000
32000
32000
32000
32002
32002
32174
32174
32182
32234
32266
32426
32768
33058
33131
33134
33245
33509
33509
33565
33896
33896
33896
33966
33966
34050
34050
34050
34050
34152
34240
34344
34348
34427
34456
34488
34489
34489
34511
34851
34851
34934
35040
35433
35534
35833
36059
36069
36069
36069
36078
36105
36181
36181
36181
36250
36250
36297
36434
36509
36589
36590
36697
37001
37064
37161
37173
37296
37419
37472
37506
37515
37595
37596
37716
37999
38018
38019
38158
38158
38158
38158
38158
38158
38218
38218
38218
38218
38249
38286
38326
38326
38342
38393
38528
38653
39475
39576
39630
40019
40291
40695
40695
40703
40954
41023
41194
41766
41796
41919
42148
42418
42468
42714
42819
42983
42988
43053
43129
43129
43161
43355
43355
43355
43360
43375
43382
43417
43432
43493
43500
43539
43579
43624
43829
43997
43997
44069
44497
44725
45009
45012
45012
45310
45310
45394
45654
45658
45665
46033
46135
46182
46338
46340
46342
46498
46705
46854
46885
47310
47344
47497
47586
47743
47743
47778
47778
47818
47818
47819
47872
47882
47882
48008
48119
48119
48129
48163
48294
48352
48352
48377
48377
48393
48393
48420
48584
48592
48603
48603
48603
48603
48615
48728
48866
48926
48951
48954
48954
48954
48954
48954
48954
48954
48954
