1009
1574
1584
2517
2517
2544
2892
2892
4340
4702
5599
5599
5764
7287
7449
8314
8837
8837
9692
9693
10494
11450
11461
13150
13313
13534
15078
15596
16447
16524
17799
17799
18670
18670
18670
19011
19011
19017
20517
22125
22723
22888
22888
22907
22907
26576
27655
28964
29713
30643
30667
30987
30987
30987
31146
31805
33116
34250
34250
34397
34424
34581
35040
36180
36186
36186
36186
36186
36840
37273
37273
37273
37273
37418
38419
38419
39475
39857
41078
41110
41110
41112
41112
41112
41112
41112
41256
41618
41618
41618
41618
41685
41984
41984
41984
41984
42809
43053
43129
43414
43658
43658
44549
44682
45312
45312
45312
47698
47818
47819
48357
48691
49348
49348
49348
49348
49348
