506
882
904
921
1047
1159
1572
1913
2161
3128
3128
3150
3211
3212
3368
3375
3459
3483
4033
4571
4571
4634
4634
4634
4635
4636
5128
5133
5621
7150
7150
7888
7918
7945
7945
7945
8030
8380
8380
8793
8793
8814
8921
8956
9814
10174
10942
11414
11418
11860
11860
11860
11860
12142
12350
12602
12627
13089
13089
13089
13381
13613
13613
13628
13750
13807
13900
14043
14353
15051
15225
15367
15462
15493
15493
15493
15754
15817
15817
15817
15817
15886
16704
16704
17068
17094
17094
17673
18298
19110
19110
19110
19461
20207
20825
20825
21719
22567
22567
22567
22567
22723
22723
22752
22907
22907
23407
23407
23407
23407
23407
23407
23545
24327
24327
25456
25581
25581
25581
25888
26357
26774
28021
28321
28806
28806
28806
28915
29643
29643
29643
29682
30422
30432
30540
30717
30890
31142
31666
31753
32615
32788
32961
33054
33060
33060
33066
33068
33167
33197
33653
33784
33922
33923
33999
34021
34496
34519
34531
34833
35069
35858
35917
36099
36352
36695
36999
37021
37297
37547
38145
38249
38262
38262
38262
38309
38342
38572
38572
38572
38572
38572
38572
38647
38799
38890
39094
39122
39122
39318
39367
39367
39367
39367
39367
39367
39367
39367
39367
39367
39367
40007
40007
40035
40234
40234
40239
41074
41801
42096
42329
42329
42329
42478
42478
42478
42482
42482
42485
42487
42802
42818
42818
42940
42940
43193
43193
43194
43219
43396
43409
43579
43631
43634
43997
44748
44961
44963
45401
45654
46335
46335
46335
46335
46532
46533
46542
46701
46732
46732
46820
46898
47310
47342
47568
47568
47568
47568
47568
47568
48082
48466
48959
