329
1279
1572
2323
2544
3150
3696
3723
3723
5469
7534
7534
8956
9307
9307
9982
10970
11415
11994
12103
12337
12362
13065
13112
13112
13313
13313
13401
15493
15662
15674
17085
17149
17188
20579
20612
20612
20755
21670
21872
22075
22075
22395
22567
22567
22568
22573
22907
22907
22907
22907
23074
23389
23510
23515
24253
25689
26298
27007
27007
27007
28623
28640
28640
28779
29733
29992
31352
31753
32017
32466
32466
32795
33509
34481
34488
34488
34570
34859
34859
35247
36178
36420
36811
37053
37061
37064
37295
37332
38143
38218
38218
38218
38218
38229
38349
38349
38349
38349
38349
38647
38653
38845
38845
38988
39063
39069
41012
41193
41936
42418
42418
42696
42696
43129
43611
43658
44817
45526
46134
46134
46134
47184
47701
47703
47704
48119
48917
48958
49094
49211
49211
