121
816
1009
1010
1159
1913
2215
2327
3150
3642
4897
6351
7170
7287
7287
7853
7961
8029
8209
8216
8219
8219
8806
8951
9705
11450
11709
11745
12108
12337
12477
12559
12629
12629
12630
12631
12632
12633
12633
12678
13073
13774
13776
14018
15016
15493
15512
15512
15512
15512
15514
15514
15624
16275
16281
18239
18682
18893
19284
19351
19448
19879
20045
20045
20739
22007
23805
24022
24022
24169
24253
24313
24330
24356
24356
27247
28570
28645
29128
29828
29847
30311
30586
30836
30836
30890
31351
31866
32466
32818
32818
32818
32818
32818
32818
32818
33514
34324
34496
35393
35393
35786
35991
36890
37064
37195
37418
38418
39536
39850
40253
40729
40729
41675
43355
43409
43611
43996
44218
45009
45012
45675
45966
46224
46589
46955
47252
47261
47341
47356
48294
48310
48399
48588
48691
48691
48691
