268
667
921
1008
1135
1406
1572
1572
1572
2323
2350
2350
2350
2350
2350
2350
2352
2544
2731
3150
3150
3845
4320
4812
4852
5071
5433
5597
6704
7341
7373
7373
7896
8283
9731
10163
10206
10206
10206
10206
10206
10206
10738
10738
10907
10959
12110
12145
12337
12352
12434
12627
12678
12779
12784
12784
12877
13150
13150
13297
13313
13384
13499
13499
13619
13900
13951
14018
14018
15106
15107
15584
15789
15789
15789
15789
15789
15789
15790
15923
15923
15923
15961
16270
17302
17748
17748
18501
18727
18893
18962
19670
19942
19963
19983
20022
20024
20030
20203
20204
20207
20241
20385
21329
21329
21329
21329
22108
22409
22500
22567
22573
22573
22573
22573
22682
22682
22907
22907
22907
22907
22907
23531
23535
23535
24253
24418
24423
24621
24632
24957
26049
26299
26469
26991
27182
27666
27666
27729
28021
28806
29004
29004
29004
29196
29196
29196
29196
29196
29196
29301
29339
29603
29760
29760
29778
29827
29992
30202
30288
30401
30596
30671
30968
30968
30968
30968
30968
30987
30987
30987
31028
31141
31141
31202
31351
31816
31816
31816
31994
31994
32474
32938
33012
33060
33320
33322
33327
33503
34037
34386
34424
34488
34488
34488
34488
34488
34489
34489
35042
35142
35425
35450
35933
36178
36181
36181
36274
36297
36365
36434
36434
36578
36760
36811
36869
36991
36995
37315
38094
38094
38094
38094
38218
38218
38228
38229
38229
38229
38229
38326
38845
38845
38845
38845
38845
38845
38845
38845
38845
38845
38845
38845
39103
39161
39366
39576
39580
39650
39687
39687
40210
40616
40695
41099
41250
41406
41587
42478
42478
42482
42538
42809
42928
42930
42930
42932
43053
43053
43194
43409
43658
43834
43837
43837
43837
43837
43838
44607
44717
44732
45174
45577
45954
45966
45966
46136
46177
46394
46525
47265
47310
47410
47701
47701
47701
47701
47701
47701
47701
47701
47701
47704
47818
48550
48879
