152
221
505
506
616
727
797
1010
1159
1159
1426
1643
1643
2152
2249
2404
2409
2703
2711
2711
2820
2980
3076
3150
3962
4395
4490
4645
4663
4664
4710
4722
4852
4852
4852
4852
4855
4978
5266
5268
5268
5369
5650
6040
6790
6790
6791
6973
7023
7150
7161
7287
7321
7405
7427
7761
7828
8954
9253
9716
9760
9846
9902
10163
10208
10219
10219
10219
10219
10805
10908
10909
10976
11674
12504
12678
12702
12741
12741
12776
12971
13089
13121
13121
13121
13140
13140
13140
13150
13196
13296
13510
13597
13633
13698
13752
14016
14016
14016
14016
14016
14016
14210
14510
14516
14516
14916
15107
15561
15599
15660
15660
15660
15660
15662
15662
15665
15665
15665
16404
16524
17302
17614
18537
18905
18946
19015
19330
19330
19506
19597
19658
19683
20059
20381
20755
20755
21295
21299
21299
21299
21299
21441
21974
21974
22283
22394
22409
22419
23484
23507
23515
24043
24053
24204
26039
26054
26409
26853
27712
28274
28308
28308
28310
28315
28509
28509
28509
28764
28911
28911
28916
28958
28997
29301
29301
29425
29907
29951
30202
30298
30298
30298
30390
30437
30495
30717
30877
30993
31351
31351
31351
31352
31352
31504
31533
31579
31579
31579
31579
31579
31753
31779
31784
31784
31784
31784
31791
31988
31988
32106
32129
32171
32176
32187
32486
32603
32619
32788
33012
33024
33200
33501
33654
33923
34050
34099
34099
34424
34424
34581
34957
34957
35050
35425
35425
35425
35433
35450
35450
35450
35450
35450
36069
36420
36437
36698
36894
37298
37299
37364
37471
37570
37595
37837
37853
37907
38016
38213
38249
38249
38286
38324
38326
38342
38617
38619
39085
39498
39687
39687
39687
39878
39878
40089
40089
40121
40530
40709
41034
41047
41050
41277
42329
42329
42347
42478
42486
42486
42486
42487
42489
42837
42981
43129
43129
43139
43144
43165
43194
43579
43631
43631
43652
43846
43846
43846
43846
43997
44737
44737
44773
44808
45013
45221
45383
46134
46134
46180
46690
46812
47265
47265
47266
47266
47382
47407
47407
47408
47701
47701
47701
47701
47702
47702
47705
47705
47801
47801
47901
48393
48393
48393
48393
48393
48393
48393
48393
48393
48799
48823
48866
48866
