55
55
1159
1922
2343
2523
2560
3150
3357
3938
4244
4276
4276
4571
4789
4812
4852
5105
5523
5614
5624
6099
6113
6493
7109
7123
7123
7534
7545
7687
8059
8678
8837
8886
9760
10363
10368
10368
10368
11232
11246
11632
12308
12319
12321
12325
12325
12325
12325
12325
12325
12327
12414
12588
12702
13197
13412
13835
14725
14725
14725
14725
14725
14725
14725
14725
14725
14725
14725
14725
14725
14726
14727
15036
15072
15200
15282
15754
15960
16204
16524
16712
16839
16841
16848
16850
16923
16943
16998
17520
17587
17629
18270
18275
19011
19011
19122
19257
19516
19553
19553
19900
20141
20668
20668
21546
21639
21643
22114
22490
22500
22567
22589
22800
22800
23089
23167
23531
24072
24324
24606
24890
25437
25599
25599
25671
25671
25933
26002
26002
26002
26002
26002
26002
26053
26633
26990
27002
27541
27546
28112
28387
28392
28854
29295
29532
29713
29986
30168
30168
30298
30298
30301
30471
30583
30583
31146
31282
31805
32175
32289
32497
32627
32674
32778
33033
33033
33148
33503
33503
34050
34050
34060
34060
34209
34424
35254
35264
35274
35968
36034
36051
36051
36052
36052
36056
36078
36078
36184
36316
36675
37714
37822
38249
38327
38419
38419
39568
39743
39746
39746
39746
39777
40498
40498
41190
41190
41357
41597
41597
41597
41597
41671
42148
43579
43827
43846
43848
43996
43996
44229
44236
44236
44324
44378
44541
44541
44796
44878
45467
45706
45959
46097
46150
46451
46732
46762
46898
47261
47265
47419
47598
47829
47918
48098
48294
48369
48393
48415
