518
524
936
1121
1449
1449
1449
1449
1449
1472
1913
1913
1966
2018
2152
2320
3102
3128
3128
4023
4960
5112
5128
5128
5128
5133
5282
6093
6490
6819
6872
7112
7118
7125
7133
7561
7561
7610
8530
8956
8956
9781
9839
9839
10317
10804
10933
11024
11449
11585
11621
12108
12198
12198
12362
13121
13146
13150
13156
13297
15051
15277
15408
16652
16963
17081
17081
18291
18615
18670
19011
19670
19670
19670
19774
20487
20579
20759
20919
21299
21391
21402
21403
21410
21594
21594
22346
22567
22749
22907
23042
23042
23089
23089
23562
23706
23706
24162
24557
24957
25196
25821
25933
26988
26990
26995
27533
27533
28274
29149
29250
30304
30890
30987
30987
31380
31753
31753
32017
33477
33737
34316
34439
34519
34519
34667
34774
34934
35059
35075
35125
35153
35550
35550
35550
36105
36675
36675
36675
36697
37249
37259
37378
37378
37378
37508
38249
38286
38286
38291
38746
39080
39085
39716
40239
40558
40866
41154
42169
42269
42284
42465
42993
43006
43129
43129
43165
43194
43228
43552
43834
44488
44633
45564
45654
46185
46394
46394
46812
46841
47184
47310
47344
47693
47777
47777
48046
48096
48433
48728
48977
