286
929
929
1009
1159
1264
1348
1791
1810
1818
2322
2713
2713
2772
2773
2823
3322
3472
3557
3570
3570
3723
3773
4395
4537
4571
4723
5128
5128
5133
5186
5621
5837
6231
6231
6259
6259
6259
6259
7023
7059
7245
7245
7245
7245
7248
7805
7813
7896
7896
8122
8380
8444
8708
9032
9032
9035
9039
9310
9992
10163
10213
10433
10438
10869
11450
11616
12110
12110
12362
12575
12688
12840
13049
13121
13121
13121
13143
13152
13290
13401
13404
13445
13480
13628
13628
13640
13750
13760
13760
13773
13835
13893
14074
15665
15790
15790
15790
15790
15954
15955
16108
16151
16204
16308
16524
16524
16524
16524
16524
16524
16524
16524
16524
16809
17467
17921
17922
17923
17936
18002
18029
18256
18524
18580
18618
18618
18618
18618
18727
19011
19015
19042
19081
19110
19487
19574
20066
20078
20327
20596
20629
20755
20788
20972
20973
20985
21219
21245
21593
21781
21839
21933
21974
21974
22015
22071
22076
22567
22648
22747
22754
22754
23074
23245
23245
23402
23414
23476
23476
23487
23487
23510
23510
23510
23524
23532
23706
23706
23706
23783
23793
24015
24027
24038
24038
24143
24534
24582
24582
24582
24582
24582
24582
24582
24698
24698
24698
24699
24957
25270
25619
25733
25777
26074
26110
26231
26818
27007
27331
27331
27341
27373
27533
27695
27695
27971
28077
28101
28379
28476
28484
28623
28623
28738
28848
28851
28984
29532
29532
29640
29749
30271
30271
30271
30271
30304
30377
30540
30586
30672
30717
30893
30957
31374
31630
32002
32110
32277
32289
32465
32465
32564
32752
32865
33005
33122
33159
33337
33477
33767
33789
33910
33910
33964
34050
34073
34073
34073
34388
34389
34389
34488
34488
34488
34488
34488
34488
34488
34488
34489
34489
34489
34489
34489
34519
34535
34859
34952
35024
35075
35164
35294
35330
35446
35450
35622
35991
36069
36069
36069
36178
36178
36178
36178
36184
36186
36279
36365
36420
36434
36437
36437
36568
36598
36988
37320
37480
37547
37831
38115
38121
38142
38218
38218
38218
38327
38327
38343
38523
38525
38530
38647
38647
38647
38648
39020
39021
39034
39323
39535
39535
39663
39878
40066
40311
40554
40649
40706
41003
41128
41154
41190
41190
41273
42011
42011
42011
42011
42011
42088
42088
42088
42088
42088
42088
42088
42088
42088
42109
42283
42418
42514
42583
42696
42709
42821
42822
42887
43020
43194
43200
43355
43355
43355
43359
43359
43385
43385
43465
43495
43579
43599
43659
43832
43837
43837
43837
43837
43837
43838
43838
43838
43897
43996
43996
44104
44480
44639
44708
44771
44968
44968
45310
45312
45329
45753
45768
45772
45954
46033
46066
46097
46134
46135
46135
46135
46175
46175
46279
46732
46732
46732
46734
46737
46898
46916
47356
47530
47692
47777
48076
48294
48294
48374
48435
48466
48718
48823
48847
48866
48925
48959
49348
