200
284
284
492
667
1009
1159
2017
2173
2173
2173
2173
2173
2173
2173
2323
3128
3150
3262
3486
3932
4442
4480
4571
4571
4571
4571
4779
4790
5133
5133
5305
5305
5506
5506
5621
5969
6093
6113
6490
7023
7026
7026
7164
7425
7853
7853
7896
7896
8177
8640
8640
9100
9661
9731
9735
9760
9760
9760
9884
9998
10030
10030
10030
10030
10030
10030
10030
10035
10035
10036
10037
10083
10083
10083
10083
10083
10205
10206
10206
10206
10206
10206
10298
10298
10422
10624
10823
10898
11025
11025
11032
11041
11077
11077
11155
11155
11168
11180
11188
11288
11709
11709
11826
12541
12541
12575
12583
12702
12971
13049
13114
13309
13613
14550
15051
15051
15051
15051
15051
15496
15754
15754
15754
15754
15759
15808
15902
16521
16524
16524
17098
17205
17242
17302
17369
17453
17455
17485
18291
18298
18298
18880
18880
19158
19158
19158
19158
19158
19158
19158
19158
19158
19158
19158
19158
19158
19158
19158
19524
19534
19670
19670
19670
19670
19670
19670
19670
19670
19670
19670
19670
19670
19670
19670
20174
20180
20204
20207
20777
20777
21220
21225
21237
21299
21363
21665
21974
22385
23042
23042
23245
23414
23416
23420
23425
23515
23515
23706
23972
23972
23972
23972
23972
23972
24253
24253
24418
25292
25456
25888
26000
26002
26002
26002
26053
26145
26145
26243
26250
27307
27557
27559
27678
27768
28289
28289
28590
28699
28716
28931
29409
29409
29409
29409
29409
29409
29409
29409
29409
29516
29778
30121
30121
30121
30158
30202
30288
30288
30643
30643
30717
30717
30717
30717
30717
30717
30770
30798
30798
30890
31145
31145
31289
31289
31289
31289
31289
31351
31351
31351
31351
31883
32017
32232
32232
32289
32359
32465
32564
32564
32564
32668
32670
32739
32766
32766
32766
32769
32795
32961
32961
32976
32986
32995
32995
33706
34009
34034
34347
34347
34424
34549
35307
35318
35330
35513
35522
35785
35785
35785
35787
35966
36018
36018
36018
36055
36069
36069
36069
36069
36105
36365
36365
36365
36365
36571
36648
36667
36675
36675
36675
36675
36675
36675
36675
36675
36675
36675
36675
36675
36675
36806
36806
36832
36890
37119
37119
37437
37736
37749
37749
37749
37842
37999
38027
38027
38027
38029
38100
38249
38286
38315
38315
38618
38873
38873
38873
38873
38873
38873
38873
39310
39328
39490
40029
40046
40522
40522
40852
41078
41078
41136
41154
41549
41962
42006
42168
42169
42239
42410
42669
42713
42818
42818
42821
42887
42887
42928
42928
42929
42933
42947
43129
43129
43129
43611
43658
43952
43968
43968
43996
43996
43996
44194
44488
44879
45086
45310
45405
45654
45654
45727
45727
45798
45954
46732
46801
46814
46898
46898
47204
47344
47413
47419
47460
47460
47595
47777
47777
47777
47777
48041
48041
48041
48041
48052
48057
48096
48096
48096
48096
48096
48096
48096
48294
48448
48448
48448
48757
48757
48757
48757
48790
48790
48790
48790
48790
48790
48790
48790
48790
48790
48790
48790
48790
48790
48790
48790
48791
48791
48799
48963
48963
48963
48963
48963
48963
48963
49392
49392
