77
101
423
515
518
570
906
906
914
933
1041
1159
1501
1913
1913
2322
2424
2880
3128
3139
3305
3590
3639
3639
3750
3951
4020
4020
4476
4476
4476
4476
4476
4477
4477
4487
4487
4571
4571
4571
4978
5091
5133
5289
5736
5775
5778
5821
6039
6218
6218
6610
6673
6722
6722
6763
6975
6975
7289
7289
7600
7888
9100
9168
9223
9229
9255
9282
9368
9414
9662
9708
9708
9708
9779
9781
9781
9909
9933
9973
10030
10368
10368
10368
10477
10507
10509
10509
10976
11276
11566
11582
11585
11709
11725
11725
11994
12166
12279
12363
12454
12567
12578
12603
12605
12627
12678
12693
12869
13049
13170
13208
13398
13412
13507
13535
13578
13701
13701
13701
13701
13982
14016
14018
14018
14550
14725
14726
15031
15060
15162
15232
15353
15353
15467
15488
15488
15523
15651
15652
15759
15817
15830
16058
16152
16268
16432
16486
16524
16839
16839
16839
16839
16859
16859
17108
17188
17369
17508
17570
17571
17575
17590
17622
17622
17622
17622
17622
17622
17622
17622
17629
17629
17629
17745
17922
18008
18291
18298
18548
18859
18961
19003
19011
19011
19011
19110
19528
19553
19670
19670
20198
20283
20337
20403
20641
20777
20899
21056
21180
21200
21295
21324
21324
21483
21483
21483
21546
21639
21720
22348
22361
22555
22647
22773
22776
22868
22868
22932
22994
23089
23123
23140
23286
23430
23472
23510
23510
23510
24072
24076
24162
24169
24253
24301
24483
24483
24496
24517
24606
24698
24957
25313
25752
25913
26506
27534
27541
27541
27541
27541
27559
27627
27931
27931
27931
27932
28064
28075
28320
28569
28602
28736
28848
28848
28859
28914
28916
29176
29409
29561
29778
29992
30126
30586
30643
30643
30708
30712
30717
30798
30877
31028
31219
31269
31753
31984
31991
32017
32017
32178
32289
32425
32465
32466
32476
32518
32564
32596
32763
32763
32763
32769
32769
32788
33024
33100
33122
33193
33197
33199
33199
33666
33745
33910
33969
34050
34060
34072
34233
34324
34324
34327
34424
34424
34511
34511
34511
34519
34535
34709
34808
34922
34967
35123
35315
35450
35610
35717
35943
36056
36056
36069
36141
36316
36352
36647
36651
36891
36894
36975
36995
37106
37122
37140
37418
37575
37577
37624
37646
37689
37785
37852
37872
38041
38160
38165
38165
38323
38327
38342
38408
38418
38530
38608
38812
39085
39085
39310
39348
39403
39557
39753
39893
40234
40253
40282
40492
40559
40560
40568
40571
41092
41099
41110
41112
41144
41145
41235
41510
41526
41526
41585
41585
41599
41599
41599
41618
41619
41744
41745
41796
42187
42239
42240
42240
42269
42269
42284
42713
42828
42882
42882
42883
43194
43194
43376
43479
43493
43552
43601
43611
43658
43827
43907
43996
43996
43996
43996
43996
44341
44416
44676
44683
44685
44742
45012
45272
45312
45312
45430
45433
45471
45518
45564
45654
45954
45954
46033
46279
46279
46384
46391
46394
46394
46400
46400
46413
46413
46413
46413
46413
46413
46414
46715
46757
46854
46898
46917
46927
47197
47197
47355
47413
47413
47629
47629
47873
47882
47948
48003
48035
48057
48294
48304
48400
48433
48720
49236
49288
