92
284
284
904
1159
1237
1885
1913
1913
1993
2103
2103
2106
2106
2193
2194
2343
2711
2987
3128
3128
3128
3128
3128
3150
3447
3457
3483
3528
3594
3723
3806
3872
3943
3951
4313
4462
4644
4968
5189
5336
5594
5594
5594
6983
7059
7366
7724
7888
8280
8280
8386
8954
8956
8956
8956
8956
8956
8956
9042
10364
10458
10570
10575
10575
10882
10966
10966
11046
11542
11542
11680
11745
12015
12059
12059
12114
12303
12325
12439
12602
12618
12627
12627
12717
12870
12949
13089
13089
13114
13140
13275
13533
13930
14577
14666
15051
15060
15471
15496
15496
15720
15807
16149
16151
16218
16307
16524
16751
16751
16751
16751
16878
16878
17148
17148
17148
17149
17149
17161
17161
17161
17164
17165
17302
17369
17496
17534
17534
17667
17667
17668
17799
17880
17880
17880
17880
18381
18386
18393
18668
18668
18719
19014
19015
19017
19049
19122
19515
19553
19661
19884
19891
20212
21066
21154
21174
21174
21174
21174
21643
21643
21643
21974
21974
21974
21974
22077
22230
22327
22347
22467
22467
22567
22567
22567
22567
22568
22568
22568
22661
22964
23089
23414
23465
23514
23531
23984
24044
24367
24582
24582
24582
24582
24584
24957
25313
25313
25522
25671
25888
26417
26436
26436
26536
26536
26536
26536
26536
27220
27557
27678
27678
27678
27931
28520
28623
28623
28623
28623
28623
28639
28645
28931
28964
28998
29041
29123
29124
29138
29250
29301
29822
29828
29828
29828
29971
29992
29992
29992
30121
30121
30121
30121
30298
30298
30298
30377
30413
30471
30471
30471
30482
30496
30517
30583
30586
30586
30712
31103
31202
31202
31351
31710
31711
31749
31789
31789
31789
31790
31795
31994
32043
32495
32739
32768
32768
32768
32768
32768
32769
32982
32983
32989
32989
33258
33258
33509
33509
33896
33910
33910
33994
34178
34204
34324
34324
34424
34424
34424
34488
34488
34488
34488
34488
34489
34489
34489
34490
34519
34531
34859
34859
34967
35059
35265
35456
35642
35984
36034
36069
36069
36069
36069
36069
36069
36069
36069
36184
36184
36186
36186
36297
36297
36298
36316
36436
36437
36908
37062
37280
37295
37316
37316
37317
37317
37356
37471
37471
37853
38113
38128
38218
38218
38218
38218
38218
38218
38218
38218
38218
38218
38218
38218
38218
38218
38326
38339
38346
38418
38419
38419
38419
38419
38419
38419
38419
38419
38421
38845
38845
38845
39101
39102
39103
39310
39860
40923
41023
41023
41154
41193
41703
41703
41703
42418
42418
42418
42418
42418
42418
42696
42696
42814
42818
42818
42819
42844
43196
43277
43355
43360
43371
43407
43407
43409
43479
43480
43492
43493
43837
43837
43838
43838
43838
43996
43996
43996
44092
44092
44092
44131
44488
44725
44874
44959
44961
44961
45057
45291
45310
45310
45310
45310
45401
45463
45518
45522
45524
45635
45724
46033
46335
46413
46550
46732
46732
46809
46898
46898
47130
47253
47341
47344
47356
47356
47356
47356
47356
47356
47382
47427
47782
47783
47786
47786
47786
47861
48294
48385
48423
48423
48547
48740
48740
48923
48923
48925
48925
48926
48949
48949
48949
48949
48949
48949
48949
48951
48951
49392
