417
921
1159
3150
4105
4529
5272
6354
7172
7321
7405
7405
7405
8059
9082
9082
9082
9082
9082
9414
9415
9589
9760
10075
10433
10738
12110
12610
13015
13140
13284
14418
14598
15067
15303
15408
15488
15493
17587
18207
18580
18920
19011
19516
20703
20703
20704
20780
21056
21403
22612
22612
22612
22612
22907
23510
23514
24044
24044
24253
24488
25084
25155
25155
25658
25668
26409
26700
26853
26853
27741
27764
29370
29561
29746
29781
29781
30121
31078
31163
31163
31652
31784
31792
31804
31804
31805
31805
31805
31805
31909
31911
32299
33108
33109
33183
33477
33964
34073
34347
34348
34348
34387
34519
35020
35020
35020
35341
35450
36365
37064
37064
37064
37224
37295
37296
37364
37418
37418
37418
37596
38016
38218
38218
38286
38326
38326
39624
39884
40217
40708
42809
43368
43376
43409
43431
43631
43631
43834
43838
43846
43846
45776
45822
46136
46752
46898
46898
48142
48603
48603
48603
48603
48975
