204
492
1159
2135
2142
2592
2595
2879
3128
3211
4593
5124
5124
5469
5473
5473
5473
5473
5500
5788
5993
5993
5993
5993
5993
5993
5999
5999
5999
5999
6000
6000
6099
6108
6108
6108
6605
6605
6791
8354
8354
8362
9010
9035
9035
9036
9423
9617
9617
9617
9617
9617
10180
10242
10312
10317
10904
10907
10909
10909
11994
12085
12627
12649
12924
12924
12924
12924
12924
12926
12949
13284
13284
13930
14016
15051
15106
15408
15408
15464
15488
15491
16850
16923
16923
16944
17081
17188
18812
18962
19237
19670
19670
19670
19670
19670
20579
20775
20780
22573
23003
23414
24969
25241
25437
25785
26053
27678
28760
28779
28916
30120
30120
30282
30288
30626
31018
32457
32478
32653
32653
32653
32788
32795
33983
34009
34519
34519
34519
35028
35450
36297
36434
37172
37279
37295
38285
38291
38291
38339
38418
38419
38419
38419
38419
38419
38419
38421
39161
39310
39330
39330
40872
40971
41023
41181
42103
42887
43116
44541
44961
45374
45374
45526
46335
46335
46898
47184
47265
47819
48347
49094
