77
147
440
725
882
990
1146
1159
1260
1406
1566
1864
1913
1913
2123
2278
2560
3150
3322
3322
3402
3469
3602
3805
3837
4297
4309
4763
4973
5268
5272
5353
5704
5705
5714
5775
5775
5775
5857
6234
6401
6458
6586
7074
7197
7197
7197
7208
7287
7393
7610
7888
7975
7976
7976
7976
7976
7977
7978
7999
7999
7999
8954
8955
8956
8956
8956
8956
8956
8970
8970
8975
8979
8998
9001
9035
9637
9664
9782
9847
9847
10070
10163
10163
10206
10212
10352
10379
10494
10655
10655
10669
10919
10987
11115
11115
11116
11358
11376
11442
11492
11521
11621
11628
11639
11652
11674
11729
11763
11763
11775
11948
12279
12350
12414
12414
12622
12871
12871
13002
13172
13312
13325
13480
13586
13597
13760
13760
13769
13773
13774
14016
14018
14121
14510
14585
14598
15018
15051
15162
15361
15665
15665
15674
15679
15954
15954
16024
16079
16187
16187
16267
16447
16447
16524
16524
16532
16641
16844
16850
16962
17081
17292
17302
17472
17622
17626
17628
17629
17629
17921
18224
19011
19011
19011
19014
19015
19017
19017
19017
19042
19223
19348
19351
19574
19582
19630
19630
19651
19658
19658
19661
19661
19929
19929
20102
20236
20536
20851
20877
21356
21639
21840
21974
21974
21974
22156
22403
22468
22573
22907
22907
22948
23003
23143
23212
23320
23510
23510
23877
24015
24015
24015
24015
24038
24048
24253
24253
24253
24497
24533
24533
24606
24615
24615
24615
24621
24698
24840
24981
25488
25547
25547
25550
25550
25551
25551
26110
26387
26401
26401
26495
26499
26520
26536
26542
26542
26571
26700
26701
26866
26866
27206
27545
27643
27711
28112
28291
28509
28509
28509
28509
28509
28516
28569
28596
28596
28819
28856
29033
29301
29648
29729
29730
29742
29753
29760
29802
29811
29840
29934
29934
29972
30022
30143
30282
30298
30298
30298
30304
30304
30385
30618
30643
30890
30936
30957
30959
30982
31141
31240
31249
31352
31380
31380
31436
31717
31799
31975
31975
31993
31994
32000
32000
32000
32006
32011
32104
32172
32465
32466
32466
32511
32615
32763
32861
32866
33134
33447
33507
33509
33706
33925
33943
34033
34050
34050
34204
34389
34424
34438
34519
34571
34730
34730
34730
35375
35513
35618
36003
36079
36099
36178
36181
36181
36181
36186
36249
36252
36274
36420
36434
36434
36590
36872
37061
37177
37195
37207
37295
37296
37321
37481
37541
37651
37852
37969
37982
38063
38171
38259
38286
38291
38326
38326
38327
38352
38528
38528
38528
38611
38654
38654
38654
38654
38800
38986
39046
39080
39186
39304
39304
39349
39349
39535
39552
39659
39829
39887
40001
40060
40322
41027
41099
41120
41154
41154
41295
41530
41797
41865
42068
42086
42088
42474
42730
42752
42809
42810
42828
43053
43053
43059
43103
43193
43263
43277
43376
43377
43401
43425
43428
43579
43658
43827
43827
43827
43827
43835
43846
43846
43996
44064
44237
44614
44815
44854
45102
45329
45548
45578
45635
45706
45779
45814
45822
45845
45954
46134
46135
46164
46668
46732
46812
46854
46898
46916
47008
47266
47305
47339
47349
47355
47382
47801
47843
48127
48458
48774
48799
