152
371
412
492
518
729
807
816
884
904
1519
1633
1772
1848
2619
2688
2699
2712
2731
2773
2963
3071
3150
3779
4023
4365
4529
4607
4762
4790
4852
4978
5128
5133
5353
6113
6234
6369
6600
6699
6790
6887
7023
7249
7287
7536
7536
7562
7888
7896
7975
7999
8362
8362
8362
8596
8784
8785
8790
8954
8956
8956
8974
8976
9107
9608
9760
9760
9760
9760
9760
9760
9760
9760
9760
9780
9781
9964
10128
10137
10174
10570
10918
11115
11116
11321
11709
11763
12121
12188
12272
12325
12481
12511
12575
12740
12741
12804
12805
12952
12962
13017
13121
13124
13160
13401
13553
13553
13597
13696
13760
13907
14016
14018
14018
14018
14029
14112
14165
14566
14567
14625
14625
14699
14725
15287
15367
15408
15428
15467
15467
15584
15660
15662
15663
15663
15665
15994
15999
16025
16025
16025
16025
16404
16533
16679
16844
16850
16864
16923
16923
17620
17622
17824
17968
18293
18548
18752
18812
18935
19011
19011
19011
19017
19042
19045
19110
19120
19140
19392
19593
19774
19878
20040
20755
20994
21342
21639
21643
21643
21670
21680
22064
22612
23141
23145
23247
23320
23482
23482
23482
23482
23482
23482
23482
23482
23484
23487
23507
23507
23507
23507
23507
23507
23507
23507
23510
23805
23937
24015
24022
24022
24155
24329
24403
24615
24615
24693
24957
24958
25089
25097
25168
25175
25352
25551
25557
25620
25631
25658
25776
25779
25786
25916
25918
26002
26082
26183
26317
26401
26409
26802
27013
27022
27559
27559
27604
27932
27991
28509
28526
28803
28964
29318
29370
29612
29792
29822
30349
30390
30406
30412
30427
30432
30482
30482
30549
30588
30714
30890
30890
30936
30936
31028
31073
31079
31128
31168
31238
31710
31779
31784
31805
31805
32017
32174
32178
32432
32434
32478
32478
32495
32622
32683
32689
32765
32765
32996
33150
33341
33964
33983
33983
34009
34032
34050
34050
34057
34073
34102
34181
34181
34238
34327
34424
34427
34427
34438
34438
34519
34600
34620
34730
34982
35040
35042
35201
35246
35310
35313
35385
35450
35450
35450
35450
35450
35450
35450
35450
35984
35985
36079
36178
36178
36178
36178
36186
36186
36186
36250
36266
36266
36266
36266
36266
36266
36650
36650
36699
36717
36806
36865
37021
37209
37228
37296
37296
37334
37369
37419
37455
37472
37472
37504
37570
37581
37600
37729
37984
37999
38016
38117
38171
38249
38249
38249
38273
38273
38273
38291
38327
38327
38339
38449
38708
38824
39085
39311
39650
39893
39917
39952
40070
40089
40125
40710
40769
40826
40827
40827
40836
40920
41059
41112
41112
41199
41618
41688
42050
42239
42240
42329
42329
42329
42329
42411
42478
42487
42679
42794
42928
43129
43129
43281
43281
43282
43376
43409
43493
43620
43827
43834
43846
43846
43846
43846
43919
43927
43977
43977
44026
44226
44737
45017
45273
45312
45332
45332
45473
45476
45567
45654
45822
45831
45832
46135
46175
46201
46394
46415
46415
46599
46732
46840
46854
46861
47261
47261
47266
47407
47413
47483
47488
47791
47801
47818
48393
48393
48393
48393
48559
48603
48649
48799
48823
48949
48959
48979
48992
49236
