155
410
412
412
462
604
731
809
816
917
922
1040
1492
1570
1572
1702
1790
1810
1811
1811
1811
1811
2320
2320
2323
2323
2517
2711
2771
2772
3088
3684
3834
3884
3951
3951
4065
4395
4396
4410
4571
5002
5007
5133
5133
6206
6290
6795
7023
7341
7341
7546
7565
7618
7853
7853
7853
7899
8380
8784
8794
8837
8842
8932
9036
9405
9415
9415
9760
9985
10515
10762
10870
10870
10882
10882
10886
10886
10960
11170
11336
11337
11346
11348
11395
11418
11429
11499
11734
11745
12110
12537
12537
12537
12575
12582
12582
12602
12603
12678
12678
12678
12693
12694
12709
12716
12779
12779
12779
12779
12804
12804
12971
13049
13066
13070
13121
13156
13242
13281
13284
13284
13287
13581
13753
13793
13836
13893
13894
13900
13900
13917
15051
15051
15295
15467
15488
15566
15596
15596
15596
15597
15646
15714
15714
15714
16370
16466
16478
16519
16641
16663
16741
16927
17017
17081
17085
17094
17369
17799
18082
18268
18292
18381
18875
18996
19042
19167
19656
19670
19670
19670
19750
20156
20157
20157
20157
20199
20212
20219
20355
20415
20625
20775
20777
21006
21020
21033
21033
21639
21680
22558
23126
23245
23245
23245
23414
23487
23487
23497
23510
23510
23510
23515
23515
23531
23532
23678
23706
23706
23792
23831
24015
24066
24070
24072
24478
24478
24894
24995
25313
25554
25836
26191
26641
26858
26858
27331
27541
27640
27692
27863
27863
27895
28509
28509
28546
28569
28651
28744
28911
28916
29480
29617
29801
30001
30136
30136
30298
30304
30308
30413
30432
30471
30583
30586
30596
30614
30628
30712
30712
30712
30877
30936
31207
31322
31351
31351
31351
31615
31753
31753
31804
31804
31805
31805
31805
31805
31805
31805
31805
31805
31870
31870
31870
31916
31916
32061
32073
32105
32106
32172
32518
32518
32683
33024
33024
33653
33685
33973
34009
34009
34072
34072
34072
34222
34247
34339
34347
34512
34627
34655
34922
35024
35024
35245
35245
35307
35342
35534
35766
35958
36069
36069
36069
36078
36106
36243
36436
36675
36675
36807
36832
36890
37034
37295
37296
37418
37466
37466
37513
37515
37519
37537
37578
37828
37828
37828
37831
37852
38258
38258
38258
38274
38285
38286
38327
38328
38328
38339
38374
38454
38608
38608
38653
38655
38655
38655
38655
39085
39085
39207
39239
39349
39349
39349
39475
39650
39716
39716
39942
40006
40234
40234
40253
40604
41099
41099
41118
41191
41451
41451
41543
42232
42297
42314
42700
42714
42887
43053
43129
43129
43129
43193
43277
43281
43281
43281
43281
43282
43283
43283
43284
43355
43355
43431
43495
43495
43622
43658
43827
43827
43827
43834
43834
43834
43927
43948
43996
43996
43996
43996
43996
44230
44532
44626
44626
44633
44633
44633
44637
44730
44732
44732
44733
44742
44794
45074
45079
45080
45310
45312
45312
45374
45654
45706
45706
46033
46135
46135
46135
46135
46136
46136
46175
46517
46720
47004
47055
47415
47861
47911
47918
47918
47918
47918
48119
48143
48173
48173
48294
48294
48377
48377
48424
48587
48587
48587
48587
48588
48591
48603
48603
48603
48603
48612
48653
48653
48959
49069
