997
2235
2871
3015
3346
5068
5364
5821
5821
7026
7829
7888
7896
7896
7896
7896
8924
9305
9661
9716
10206
10206
10624
11077
11133
11455
12059
13325
13325
13699
15110
15496
15754
15754
17938
17938
19014
19670
19833
20212
20241
20338
21056
21075
21924
22065
23706
23706
24698
25120
25888
25912
26717
27009
27009
27016
27026
27027
27604
27628
27629
27629
28852
29418
29612
30297
30472
30482
30482
30892
31900
31900
31901
31901
31901
31994
32145
33401
33438
33438
33999
34204
34488
34519
34859
34859
34859
35620
35651
35651
35660
36105
36297
37158
37159
37209
38142
38142
38249
38286
38286
38401
38401
38401
38401
38859
38859
40812
40812
40893
41440
42418
42818
42930
42930
43090
43129
44811
44993
44993
46415
46525
46917
