178
178
546
917
980
1009
1009
1201
1913
2561
2951
3370
3394
3600
3650
3723
3723
4571
4581
4667
4727
5075
5128
5440
5440
5775
6042
6681
6765
6765
7023
7023
7287
7446
7661
7724
7724
7751
7888
7976
7976
8000
8000
8000
8000
8046
8223
9149
9351
9358
9985
10673
10898
10995
11621
11622
11704
11939
11939
11947
12168
12281
12414
13124
13597
13827
14121
14991
15303
15408
15596
15650
15650
15790
15816
15834
16017
16149
16447
16476
16524
16850
17404
17404
18112
18292
18292
18618
18618
18618
18618
18618
18618
18818
19216
19216
19734
19834
19859
19940
20087
20204
20250
20338
20338
20612
20612
20625
20755
21644
21651
21670
22075
22078
22569
22724
22907
23473
23514
23520
23682
24048
24253
24253
24920
24954
25070
25705
25883
25901
25902
26409
26591
26690
27007
27007
27007
27530
27530
27530
27534
27628
27697
27697
27697
27927
27932
28260
28475
28569
28569
28569
28623
28897
28911
29113
29682
29690
29781
29827
30432
30432
30715
30717
30890
31994
32187
32187
32266
32273
32559
32564
32763
32763
32768
32795
32795
33016
33458
33901
33910
34531
34535
34581
35077
35077
35077
35125
35332
35622
35849
36078
36100
36186
36641
36662
37053
37064
37097
37249
37249
37315
37320
37320
37420
37627
38142
38142
38274
38274
38327
38328
38352
38352
38352
38352
38352
38382
38525
38530
38652
38652
38813
38986
39228
39495
39650
39683
39738
39829
40008
40571
40790
41125
41159
41204
42068
42103
42418
42418
42418
42419
42419
42803
42809
42818
42828
42966
43100
43103
43129
43228
43493
43858
44874
44993
45141
45477
45954
46134
46394
46413
46917
47162
47344
47581
47724
48098
48664
48675
