893
917
917
1009
1047
1896
1913
2207
2322
2615
2980
3834
3951
4531
4531
4531
4531
4540
4571
4571
5004
5133
6231
6354
6680
6680
7408
7437
7607
8423
8423
9435
9636
9637
9973
10033
10033
10180
11725
12440
12459
12459
12678
12678
12678
13140
13284
13285
13424
13468
13633
13907
14009
14010
14126
14126
15051
15493
15498
15624
15834
15943
16506
16524
17271
18858
20588
20877
21593
21680
21785
21802
21802
22558
22558
22558
22558
22558
22747
23402
23402
23402
23402
23510
23557
23557
23937
23937
23937
23937
23937
23937
23937
23937
23937
24283
24354
24698
25313
26464
26465
27139
27541
27541
27541
27541
27695
28021
28437
28548
28745
28745
29407
29407
29407
29407
29407
29742
30121
30121
30121
30121
30121
30121
30121
30586
30596
30596
30596
30672
30881
30881
30881
30965
30965
31563
31563
31563
31563
31784
31787
31787
32017
32017
32132
32132
32132
32478
32478
32478
32765
32765
32765
32765
32765
33128
33133
33162
33197
33200
33268
33268
33504
33653
33653
33752
33752
33752
33752
33753
33910
33910
33910
33982
34050
34147
34324
34488
34488
34488
34488
34582
35157
35298
35322
35591
35591
35591
35591
35610
35621
35637
35637
35660
36186
36197
36297
36297
36297
37298
37320
37356
38218
38286
38326
38342
38649
38649
38968
39127
39127
39318
39716
40750
40802
41047
41332
41485
41916
42071
42071
42071
42071
42071
42071
42071
42418
42418
42418
42418
42865
42983
43129
43129
43355
43834
43991
43996
44603
45312
45332
45836
46732
46732
47092
47179
47184
47184
47344
47344
47518
47568
47588
47904
48090
48119
48119
48377
48377
48423
48728
48959
48977
