421
445
685
694
849
858
904
904
921
921
1159
1159
2128
2128
2303
2305
2305
2323
2494
2829
3128
3128
3128
3128
3128
3128
3150
3150
3346
3884
5342
5506
5506
8421
8468
8806
8961
10250
10251
10251
10251
10258
10360
10887
10887
11337
11621
11816
12909
12909
12926
12961
13284
13526
13893
13950
13950
14016
14016
14485
14721
15493
15804
15804
15804
15804
15804
15813
15834
15834
16268
16365
16524
16641
16957
17066
17066
17216
17302
17302
17302
17857
18273
18291
18330
18334
19014
19015
19015
19750
19760
19991
20012
20012
20027
20654
20937
20941
20941
20993
21027
21303
21643
21643
21670
22113
22113
22113
22138
22138
22138
22138
22138
22138
22141
22258
22258
22562
22567
22567
22567
23042
23049
23049
23200
23245
23317
23436
24433
24490
24490
24582
25012
25313
25316
25547
25925
26353
26417
26417
26436
26700
27358
27358
27358
27358
27358
27358
27532
27541
28070
28357
28602
28602
28604
28606
28606
28607
28607
28607
28931
28959
29065
29196
29295
29295
29420
29827
29916
29929
30158
30158
30158
30158
30158
30158
30158
30158
30158
30263
30289
30289
30890
30956
30957
31145
31883
31884
31889
31890
32380
32466
32739
32795
32883
32893
32901
32906
32976
32995
32995
33644
33653
33653
33774
33774
33774
33774
33774
33834
34067
34435
34488
34488
34488
34488
34488
34488
34488
34582
34859
35191
35191
35433
35446
35509
35522
35536
36178
36178
36178
36178
36178
36184
36184
36365
36365
36492
36494
37005
37018
37064
37298
37828
37852
37852
37907
38096
38098
38218
38218
38218
38218
38330
38330
38330
38330
38330
38330
38552
39110
39690
39902
41636
41636
41803
41984
41984
42333
42418
42696
42696
42752
42981
43129
43207
43421
43837
43837
43837
43837
43837
43837
43838
43968
44148
44685
45312
45374
45467
45654
46033
46097
46097
46097
46097
46097
46097
46098
46732
46732
46732
46898
47413
47460
47704
47759
47759
47759
47759
47759
47759
48120
48120
48120
48120
48120
48120
48265
48357
48363
