919
927
1055
1124
1288
1364
1515
1689
1693
1695
1732
1850
1909
1985
1985
2049
2049
2050
2050
2050
2593
3004
3004
3079
3150
3152
3626
4051
4051
4244
4340
4340
4340
4340
4560
4637
4691
4789
4982
5271
5279
5279
5475
5475
5673
6183
6355
7013
7089
7089
7089
7089
7642
7710
7747
8308
8308
8366
8367
8425
8546
8606
9097
9459
9463
9466
9466
9737
9737
9738
9765
9782
10037
10210
10662
10809
11017
11017
11056
11170
11196
11196
11196
11941
12300
12447
13042
13124
13612
13711
13735
14026
14380
14399
14884
15234
15236
15512
15608
15608
15703
15808
16145
16331
16396
16869
17017
17448
17529
17924
17924
17958
17960
18178
18242
18315
18426
18658
18800
18803
18803
18854
19044
19160
19173
19179
19200
19203
19500
19683
19685
19776
20174
20231
20321
20384
20385
20513
20636
20740
20741
20953
20953
21267
21267
21495
21865
22409
22558
22754
22754
23057
23226
23226
23912
24184
24372
25597
25796
25811
25875
26902
27272
27701
27963
28709
28847
28974
28995
29119
29129
29153
29538
29737
29821
29988
30065
30387
30387
30387
31389
31458
31782
31837
32002
32114
32183
32260
32656
32844
32844
33014
33125
33162
33183
33183
33221
33226
33421
34213
34348
34348
34348
34348
34358
34435
34694
34694
34694
34694
34694
34694
34694
34694
34694
34875
35123
35193
35210
35420
35428
35590
35628
35629
35630
36061
36595
36595
36599
36599
36718
36820
36820
37162
37162
37162
37162
37162
37243
37321
37390
37390
37475
37782
37950
38550
38583
38633
38812
38812
38812
38822
39098
39175
39385
39662
39662
40165
40383
41098
41201
41207
41308
41721
41960
41963
42100
42162
42169
42190
42645
42694
42758
42758
42763
42910
42910
43009
43009
43197
43197
43299
43411
43471
43645
43746
44157
44182
44185
44191
44338
44343
44417
44642
44645
44785
44954
44972
45076
45076
45658
45808
45808
45810
45881
45881
45881
45881
45901
45901
46209
46282
46282
46926
47467
47599
47726
47730
47809
47850
47853
48087
48354
48354
48449
48513
48597
48833
48953
49018
49138
49317
49470
49579
49664
49836
49954
50123
50696
50784
51099
51309
51672
51672
51705
52059
52059
52435
52886
52967
53359
53423
53962
54175
54366
54436
54436
54577
54621
55163
55705
56209
56209
56320
56744
56791
56941
57171
57725
57839
57845
57845
57848
57848
57848
57923
58187
58201
58201
58201
58278
58423
58745
58745
58745
58823
58871
59411
