1055
1193
2390
2491
4051
4051
4051
5387
6177
7966
8761
8761
8761
8761
8761
8941
8941
9699
9737
9737
9767
10160
10164
10228
10710
12254
13073
13073
15378
15378
15378
15602
15602
15602
15602
15608
16331
16396
17267
18178
18292
18800
18861
19748
19766
19766
20322
21489
23664
23912
24111
25100
25937
25937
29210
30132
30416
30517
30774
30774
31016
31228
32048
32500
32918
33006
33097
33221
33582
33643
34694
34794
35227
35396
36431
37276
37367
38468
39385
39385
40712
41045
41489
41489
42126
42610
43987
43987
44529
45308
45890
46287
46604
47165
47380
47479
48123
49805
49805
50415
51509
51588
51595
51601
52119
52341
53303
54598
55606
55606
56695
56904
58174
58225
