101
870
897
1479
1725
1859
2390
4051
4185
4244
4497
4497
4511
5074
5100
5223
6314
6355
7044
7427
7427
7676
7901
7901
7901
8747
8935
8938
8938
9089
9810
9888
10037
11913
14275
15689
16364
16974
16980
17533
17542
18861
19356
19881
20246
20725
21465
21495
22154
22409
22539
23285
23505
23664
24105
24105
24105
24111
24111
24111
24111
25106
26185
26433
26453
26454
26456
27439
27439
29970
30416
30442
30442
30490
31539
31539
31679
33451
34423
34547
34596
34650
34809
35056
35093
35166
35166
35503
35616
35644
35644
36380
36903
36903
37257
37471
37521
37537
37541
37616
37616
37648
37698
37714
37714
39215
39339
39339
40713
41075
41075
41182
41258
41385
42610
42610
42910
42910
42910
42969
43406
43910
43910
43910
43987
44128
44146
45490
45554
45639
45639
47518
47913
48569
49251
50021
50117
50438
50438
51141
51627
51923
52705
52707
52794
52967
52968
53575
53962
54290
54470
55387
55405
56291
56326
56791
57332
57944
58376
58376
58376
58376
58376
58376
58376
58378
58378
58378
58585
58586
58593
58668
58808
58828
59198
