92
134
449
449
618
1022
1181
1357
1357
1360
1360
1517
1517
1689
2022
2022
2037
2040
2342
2821
2821
3117
3338
3626
3696
3696
3696
4006
4182
4244
5271
5388
5880
6067
6335
6350
6350
6350
6355
6355
6355
6355
6355
6355
6363
6363
6365
6795
7511
7851
7901
8126
8150
8235
8881
9300
9300
9301
9353
9453
9463
9466
9659
9659
9659
9878
10118
10159
10159
10159
10211
10429
10429
10673
10899
11066
11103
12189
12278
12281
13612
13657
13896
13896
13926
14036
14036
14036
14342
14413
14863
15333
15500
15690
15693
16268
16268
16320
16396
16396
16399
16476
16957
16961
16965
17004
17470
17470
17529
17629
17629
17629
18006
18183
18290
18294
18315
18625
19500
19500
19500
19500
19500
19776
19951
19951
19951
19951
19951
19951
19951
19951
19951
19951
20290
20290
20290
20290
20321
20321
20636
20636
20636
20791
20952
20957
21062
21495
21581
21581
21595
21595
21595
21764
21773
21773
22456
22539
22539
22558
22754
22754
22754
23042
23128
23158
23238
23239
23239
23294
23312
23329
23362
23579
23766
23925
24107
24111
24111
24737
25037
25339
25443
25635
25675
25682
26016
26104
26446
26766
27874
28293
28318
29188
29209
29646
29854
29884
29884
30024
30118
30290
30293
30317
30414
30416
30881
30881
30881
30927
30928
31016
31375
31385
31531
31531
31534
31546
31600
32249
32258
32503
32606
32656
32713
32918
32958
32988
33165
33195
33195
33240
33243
33248
33451
33482
33482
33731
34155
34220
34348
34532
34532
34547
34992
34992
34992
34992
34992
34992
34992
34992
34992
34992
34992
34992
35761
36460
36617
36617
36794
37055
37271
37362
37422
37894
37970
38047
38468
38553
38812
39098
39385
39440
39440
39481
39482
39600
40619
40985
41075
41181
41263
41309
41467
41547
41547
41960
41960
42071
42205
42400
42694
42694
42910
42910
42910
43008
43024
43069
43299
43312
43374
43535
43792
43792
44092
44153
44164
44164
44164
44182
44182
44182
44182
44182
44182
44182
44182
44182
44182
44182
44182
44436
44503
44620
44633
44645
44682
44785
44785
44794
44794
44847
44866
44893
44953
44960
45058
45308
45371
45466
45490
45808
45808
45813
45813
45813
45813
45813
45890
46244
46244
46343
46554
46554
46884
47111
47194
47411
47520
47522
48116
48174
48174
48174
48174
48213
48644
48703
48704
48873
48966
48978
49103
49229
49248
49839
50041
50407
51129
51481
51482
51771
51771
51904
52395
52593
53303
53431
53575
53575
53589
53589
53613
54076
54436
55610
55615
55635
56459
56468
56499
56707
56732
57515
57718
58174
58225
58388
58409
58628
58665
58688
58716
58719
58785
58848
58872
58908
59424
