705
849
876
878
1054
1241
1345
1620
1652
1653
1725
2334
2334
2334
2334
2397
2397
2491
2491
2491
2697
2807
2807
2816
3004
3004
3684
4182
4185
4185
4216
4340
4340
4982
5658
5658
5906
5906
6177
6795
7381
7590
7590
7590
7590
7770
7770
7901
7901
7912
8145
8145
8145
8149
8149
8364
8406
8425
8642
8642
9569
9752
10299
10299
10540
10540
10540
10556
10556
11196
11623
11831
11987
11987
12042
12286
12750
13120
13120
13133
13133
13133
13210
13410
13612
13975
14003
14003
14012
14649
14649
14816
14816
14854
15312
15477
15485
15596
15596
15596
15689
15741
16146
16184
16268
16376
17529
17759
17779
18224
18596
18800
18800
18800
18800
18800
18803
18803
18803
18803
18803
18888
19056
19306
19447
19735
19737
19776
19972
20100
20275
20275
20275
20278
20313
20377
20636
20880
20974
21495
21821
21918
21918
21918
21918
21919
22278
22283
22355
22558
22615
22927
22944
22944
22946
22946
22946
22946
23287
23664
24105
24105
24111
25338
25635
25682
25757
26687
26836
26959
27003
27003
27003
27003
27003
27003
27003
27003
27003
27493
27497
27648
27890
28219
28510
28518
28689
29238
29238
29630
29970
30317
30341
30379
30386
30394
30416
30416
30416
30442
30896
30896
30946
31121
32367
32619
32928
33055
33253
33356
33356
33369
33915
34110
34241
34547
34787
34884
35284
35644
35778
35779
35779
36635
36710
36710
36710
36966
37243
37243
37246
37514
37648
37821
37866
39181
39215
39504
39504
39677
39843
40515
40969
40993
41075
41088
41715
41715
42412
42610
42617
42617
42673
42989
42989
43043
43043
43585
43791
43796
43903
43930
43987
44092
44440
44443
44447
44527
44552
44554
44574
44598
44903
45067
45360
45844
45859
46090
46090
46272
47627
47793
48095
48109
48119
48126
48128
48644
48829
49082
49082
49251
49273
49386
49472
50024
50696
50807
51241
51456
51609
51672
51675
52079
52380
52383
52717
52717
52859
52862
52967
53333
53431
54406
54411
54421
54796
55387
55549
55549
55631
55631
56283
56320
56695
56715
56791
56791
56791
56818
56903
56903
57092
57899
58080
58226
58243
58243
58301
58388
58463
58463
58464
58464
58464
58464
58464
58465
58532
58548
58585
58616
58731
58746
