206
1297
1644
1767
2424
3167
3543
3625
3800
4051
4185
4340
5271
5271
5271
5271
5658
5839
6719
6897
7901
7901
7901
8425
9659
9659
10536
10866
11091
11539
11817
11835
11835
12910
14624
14988
14988
14989
15024
15024
15024
15602
15602
15725
16331
16347
16364
16476
17629
17924
17924
18800
18800
18800
18803
19766
19951
20585
21246
21267
22539
22558
22740
22740
22746
22965
23788
23810
23813
24111
24111
24111
24111
24111
24111
24111
24111
24111
24111
24619
25303
25597
25929
26766
27125
28822
29068
29068
29522
30293
30293
30317
30414
30414
30414
31552
31837
31837
32157
32375
32502
32502
32799
32799
32799
32799
32799
32799
32928
32928
33451
34082
34800
34992
34992
34992
34992
34992
35227
35616
35629
35644
35968
35971
36377
36631
36972
36972
37162
37537
37537
37844
37844
39725
40008
40008
40913
40923
41136
41396
41442
41443
41443
41443
41443
41443
41717
42694
42694
42694
42694
42694
42910
43064
43101
43310
43544
43911
44118
44182
44182
44182
44437
44568
44730
45534
45710
45735
45774
46358
46358
48257
48257
48257
48257
48479
48479
49317
49344
49562
49579
50284
50520
50813
51675
51801
51906
52395
52711
52870
53037
53409
54406
54436
54573
55551
55950
56255
56326
56821
58062
58071
58731
58735
58849
