496
620
920
973
1189
1189
1194
1202
1363
1364
1364
1364
1364
1364
1364
1365
1374
1374
1374
1374
1374
1374
1374
1719
1872
1879
2073
2256
2256
2256
2256
2256
2256
2256
2256
2256
2256
2256
2256
2256
2256
2256
2256
2256
2256
2256
2256
2256
2256
2256
2256
2256
2256
2256
2256
2256
2256
2256
2256
2256
2256
2256
2256
2256
2256
2256
2256
2938
2938
3126
3126
3126
3126
3126
3238
3496
3867
4792
4792
5013
5029
5029
5063
5458
5458
5488
5488
6702
6706
6706
6706
6921
6937
7012
7045
7227
7741
7770
8324
8325
8325
8830
8830
8842
9098
9628
9741
10015
10961
10965
11288
11597
11597
11720
11806
11828
11828
11903
12106
12503
12554
13821
14072
15845
16385
16388
17549
17660
17661
18137
18198
19240
20177
20205
20496
21049
21608
21608
21681
21837
22369
22617
22671
22671
22671
22671
22671
22671
22671
22671
22671
22671
22671
22671
23099
23172
23428
23784
23784
23784
23784
23784
23784
23784
23784
23784
23784
23784
23797
23797
23797
23797
23797
23797
23797
23978
24111
24111
24382
24382
24471
25008
25242
25423
25521
25614
25943
25943
25943
25943
26399
26399
26399
26399
26399
26463
26463
26502
26570
26821
27014
27966
28174
28319
28319
28602
28889
29209
29360
29477
29504
29782
29782
29782
29782
29782
29782
30185
30266
30497
30756
30758
30759
31494
31724
32173
32874
33500
33500
34241
34241
34241
34241
34241
34471
34567
35230
35234
35234
35534
35556
35769
35968
36057
36188
36190
36763
36763
36773
37064
37064
37064
37100
37581
37781
37781
37781
37781
37781
37855
37957
37958
37958
37996
38091
38468
38487
38513
38519
38854
38854
38855
38915
38915
38915
38945
38971
39375
39375
39405
39696
39924
39963
40069
40069
40085
40130
40336
40336
40337
40443
40497
41748
41748
41748
41763
41769
42144
42256
42624
42725
42785
43680
43681
43681
43681
43681
43681
44158
44189
44620
44620
44722
44722
44854
45281
45281
45281
46372
46577
46609
46712
46808
47835
48559
48700
48992
49029
49872
49872
49872
50415
50695
51286
51286
51286
51299
51513
51543
52068
52130
52281
52459
52734
52776
52962
52962
52962
52962
52962
52962
52962
52962
53636
53636
53721
53723
53899
53901
53901
53940
53970
54106
54234
54297
54297
54532
54532
54532
54550
54836
54836
54836
54951
54951
54951
54951
54951
54951
54965
55069
55074
55302
55620
55731
55731
55731
55735
55735
55735
55735
55735
55735
55735
55735
55735
55735
55735
55735
55735
55737
55740
55740
55740
55740
55740
55740
55740
55740
55740
55740
55740
55740
55740
55740
55740
55740
55740
55740
55740
55740
55740
55740
55740
55740
55740
55740
55740
55740
55740
55740
55740
55740
55740
55740
55740
55740
55740
55740
55751
55751
55751
55753
55785
55806
55806
55812
55842
55842
55842
55865
55867
55943
55945
56159
56344
56404
56549
56599
56599
57013
57013
57347
57347
57379
57470
57470
58187
58378
58700
58993
59001
59049
59049
59062
59062
59067
59068
59072
59072
59077
59080
59081
59086
59117
59142
59142
59142
59144
59166
59166
59173
59173
59173
59179
59273
59275
59306
59306
59383
