1222
2369
2491
2491
2491
2491
3004
3660
4051
4244
4639
5074
5193
5193
5921
5921
6487
6487
6563
6563
7323
7323
7637
7637
7810
7901
8029
8031
8031
8032
8032
8033
8425
8485
10837
11196
13067
14624
14988
15690
15813
15813
16331
18274
18354
19014
19737
19960
20834
20963
20974
22409
22409
22800
23286
23286
23520
24105
24108
24108
24111
24610
25686
28269
30128
30414
30446
31719
32785
32785
34048
34547
34929
35144
35500
35500
35968
36246
36246
36246
36490
37537
37537
37537
37537
37537
37537
37553
38746
39991
40022
40378
40995
41427
41678
41824
42165
42910
43024
44006
45650
47218
47328
48046
49317
49431
49633
50172
50173
50173
50225
50310
50855
52079
52936
52936
53208
56028
56028
56028
56032
56236
56326
56903
57923
58218
58247
59259
59259
