1054
2491
2697
3004
3752
3920
4079
4182
4185
4340
4340
4982
4997
4997
4997
4997
4997
5387
5387
5643
5644
5648
5648
5649
6133
6925
7848
7851
7901
7909
8132
8425
9659
9765
9782
11741
11857
11857
11857
11857
13244
13469
13612
15239
15511
15511
15526
15728
16331
17016
17069
17126
17928
18520
19737
20174
20174
20174
21266
22558
22568
22944
23084
23084
23084
23084
23664
24524
24572
25106
26960
27075
27573
27670
29483
29889
30122
30124
30124
30124
30377
30414
31851
31859
34800
35144
35144
35616
36277
37475
37873
37873
37972
38615
38624
39186
39580
39580
41088
41271
41383
41522
42203
42203
42347
42349
42572
42610
42856
42910
42910
43581
43791
43910
44006
44574
44598
44829
44901
44946
45733
45974
45976
45976
45976
45977
46553
46917
48260
48475
48644
49148
49229
51509
51712
51801
51843
51904
51904
51904
53233
53589
55096
55302
55691
55691
56237
56320
56320
56327
56469
56791
58037
58243
58243
58559
58559
58744
58808
58808
