604
687
1479
1730
2759
2821
3004
3318
3912
3912
4051
4051
4153
4320
4334
4505
4863
4863
4982
4982
5130
5387
5387
5399
5618
5648
6211
6734
6762
7217
7381
7381
7381
7541
7541
7570
7572
7770
7851
7901
7901
7901
7901
7909
8359
8359
8546
8738
8738
8927
9659
9659
9659
9709
9710
9765
9958
10159
10299
10619
10751
10849
11196
11869
11885
11902
11902
12255
13124
13124
13124
13225
13307
13524
13524
13530
13609
13609
13711
13912
14036
14038
14155
14506
14597
14761
15203
15312
15378
15378
15602
15685
15685
15737
16086
16213
16331
16510
16690
16786
17069
17098
17166
17520
17759
18315
18315
18315
18650
18800
18800
18800
18800
18800
18800
18803
18803
18803
18803
19200
20148
20275
20275
20495
21127
21266
21712
21962
21962
22077
22181
22517
22558
22615
22615
22946
23084
23330
23766
23914
24105
24111
24157
24727
24736
25106
25597
25682
25682
25850
27380
27513
27513
27531
27909
27909
28207
28212
28212
28738
28738
28739
29854
29927
30341
30379
30473
30488
30498
30502
31719
31719
31777
32307
32477
32640
32640
32794
32917
33203
33203
33204
33590
33593
33673
34256
34265
34265
34321
34322
34322
34322
34322
34322
34322
34508
34538
34612
34794
34831
34887
35135
35162
35162
35284
35315
35315
35316
35606
35614
35614
35614
35867
36252
36256
36330
36458
36462
36642
36642
37066
37832
38469
38613
38812
39181
39185
39185
39288
39354
39385
39385
40912
40912
40971
40989
40993
40995
41098
41098
41263
41310
41512
41512
41616
41746
41746
41746
42078
42078
42078
42078
42078
42078
42078
42162
42165
42190
42190
42263
42264
42308
42461
42618
42630
42646
42700
42846
42910
43248
44019
44440
44480
44480
44503
44663
44702
44776
44983
44983
45025
45615
45681
45711
45760
45808
45808
45808
46019
46694
48043
48245
48716
49338
50113
50404
50410
50463
50613
51344
51471
51509
51557
51595
51595
51595
51595
51595
51672
51904
51906
52059
52435
52583
52717
52718
52887
53103
53103
53103
53103
53608
53608
53608
53962
54598
54823
55134
55233
55344
55430
55754
56237
56255
56326
56732
56791
56791
56791
56791
56987
57521
57952
58164
58164
58166
58243
58464
58656
58668
58732
58943
