963
963
1377
2086
2086
2086
2086
2086
2086
2086
2086
2086
2086
2086
2356
2356
2358
2359
2359
2359
2359
2359
2359
2697
2697
2697
2697
2697
2697
2697
2697
2697
2697
2697
2697
3505
3556
3680
4044
4279
4837
4844
4848
5056
5057
5227
5475
5501
5672
5699
5827
5926
6366
6412
6993
7044
7044
7045
7045
7045
8182
8334
8425
8552
8557
8610
8610
8881
9109
9210
9210
9751
10365
10365
10365
10365
10365
10365
10365
10365
10365
10365
10365
10365
10365
10367
10673
11447
11451
11451
11470
11569
11597
11902
11902
13116
13487
14422
15602
15602
15602
15602
15602
15714
16154
16154
16154
16154
16154
16154
16154
16154
16154
16154
16980
16982
17069
17533
17533
17533
17533
17533
17533
17533
17533
17533
17533
17533
17533
17538
17629
17629
18118
18876
19615
19615
19615
19615
20023
21256
21561
21561
21561
21581
21581
21589
21593
21593
21593
21593
21631
21877
22390
22409
23740
23870
23870
24111
24111
24111
24111
24111
24111
24111
24111
24111
24111
24111
24619
24869
25042
25327
25545
26405
26405
28553
28553
28822
28822
28822
28822
28822
28822
28822
28822
28822
28822
28822
28822
30016
30016
30331
30590
30962
31207
31331
31354
32249
32249
32713
32988
33183
33183
33183
33183
33183
33183
33183
33183
33183
33183
33243
33789
33874
34212
34212
34213
34267
34351
34423
34440
35144
35162
35261
35261
35500
35534
35846
35846
35846
35846
35846
35846
35846
35846
35846
35846
35867
35880
35882
35930
36404
36404
36431
36432
36635
37537
37950
38451
38990
39385
39489
39523
39723
40026
40026
40026
40634
41109
41136
41167
41167
41589
41628
41732
42195
42276
42455
43016
43255
43310
43310
43310
43349
43524
43645
44185
44185
44729
45198
45616
45634
45634
46420
46648
47520
47521
48535
48550
48703
48704
49174
50696
50696
50696
50696
50696
50696
50696
50894
51295
51921
52735
52875
53072
53074
53680
53680
53680
54419
54419
54419
54419
54419
54419
54419
54419
54419
54419
54419
54872
55300
55631
55901
55912
55912
55912
55912
55912
55912
56331
56331
56717
56997
57923
57923
57923
58201
58409
59121
59314
59314
59314
59384
