444
547
971
1479
1634
1634
1850
2208
2392
3004
3004
3497
3791
3921
4006
4051
4051
4072
4180
4180
4244
4351
5387
5906
7216
7710
7710
7901
7901
7901
7909
8018
8259
8362
8376
8376
8376
9436
9566
9659
9659
9670
9673
9762
9814
9915
10427
10506
10619
10620
11650
11655
11846
11846
11846
11873
11874
12193
12193
12264
12519
12910
13622
13646
13646
13646
13657
13824
13849
14223
14223
14224
14863
14985
15690
16000
16159
16163
16331
16331
16331
16364
16364
16603
16961
17085
17862
18062
18062
18063
18274
18291
18291
18800
18803
18803
18803
18803
18861
19088
19120
19737
20174
20174
20181
20445
20445
20447
20452
21451
21451
21451
21451
21451
21482
21514
21698
21769
21896
22158
22164
22431
22548
22734
23664
23664
23664
23875
24326
24422
24463
24647
24765
24945
24945
24945
24946
25682
25686
25902
25902
26687
26836
27711
27848
28572
29319
29483
30394
30451
30451
30488
30499
30881
31546
31679
32950
33072
33482
33783
34358
34361
34394
34562
34636
34784
34784
34789
34790
34803
34803
34803
34803
34803
34803
34803
34831
35839
35911
36494
36633
36633
36716
36727
36972
37060
37204
37382
37384
37384
37475
37475
37478
38303
38550
38615
38812
38822
38822
38859
39105
39181
39215
39215
39288
39475
39482
39602
39719
39726
39731
39761
40913
40913
41051
41186
41212
41262
41267
41678
41723
41906
41949
42109
42162
42165
42207
42407
42694
42709
42709
42709
42709
42709
42710
42710
42910
42910
42910
42910
42910
42910
42910
42910
42910
42910
42910
42910
42995
43409
43544
43640
43647
43791
43972
43987
44092
44118
44121
44134
44203
44980
45170
45194
45301
45490
45589
45808
45810
45810
45810
46090
46463
46463
46604
46785
46789
46810
47918
48359
48874
49229
49348
49496
50567
50971
50971
51214
51221
51286
51295
51381
51381
51462
51672
52118
52119
52376
52376
52376
52395
52415
52489
52705
52717
52723
52723
52724
52993
52993
53011
53208
53379
53653
53653
53680
53922
54521
54960
54960
55043
55043
55043
55163
55399
55399
55427
55486
55556
55562
55610
55673
56299
56320
56331
56331
56593
56593
56593
56675
56791
56791
56791
56903
56961
56982
57149
57155
57155
57511
57970
58262
58731
