200
689
742
743
1055
1357
1357
1358
1360
1360
1360
1360
1415
1850
1850
2031
2050
2868
2996
3168
3300
3422
3497
3752
3778
3823
3965
4051
4051
4185
4231
4244
4313
4340
4522
4522
4982
4982
5272
5272
5387
5434
6618
6618
6618
6618
6618
6618
6618
6628
6867
7199
7203
7228
7235
7710
7736
7849
7851
7901
7901
7901
7901
7901
7912
8013
8151
8530
8675
8761
8761
9353
9353
9411
9659
9659
9659
9737
9737
9737
9738
9869
9894
10023
10073
10093
10755
10808
11098
11196
11196
11762
12128
12160
12655
12750
12891
12903
13544
13791
13826
13834
13888
14012
14012
14233
14411
14422
14513
14649
14736
15034
15325
15375
15378
15456
15550
15602
15602
15909
16004
16302
16331
16347
16516
16516
16516
17129
17303
17599
18274
18440
18441
18520
18520
18777
18803
19615
19638
19852
20023
20023
20258
20337
20385
20539
20666
21127
21357
21368
21489
21495
21495
21519
22269
22446
22516
22539
22558
22558
22558
22558
22559
22561
22616
22754
22754
22754
22966
23316
23316
23316
23316
23402
23698
23703
23703
23875
23917
23948
24107
24111
24249
24425
24557
24558
24869
24961
25052
25106
25597
25597
25675
25897
25929
25929
25929
25929
27070
27070
27072
27569
28246
28246
28715
28715
28726
28858
28860
29315
29520
29854
29884
30032
30059
30084
30128
30241
30341
30488
30490
31475
31837
31859
31970
32403
32713
32917
32918
33866
33879
34241
34348
34348
34348
34348
34348
34348
34437
34452
34590
34635
34641
34800
34887
34992
35144
35167
35226
35227
35284
35440
35644
36025
36061
36183
36431
36431
36820
36972
37055
37055
37055
37055
37162
37162
37271
37478
37478
37514
37869
37913
37964
38624
38669
38669
38812
38812
38821
38985
39098
39100
39175
39175
39185
39475
39480
39487
39487
39488
39843
40186
40309
40330
40383
40478
40501
40505
40862
40985
40985
40985
41044
41044
41045
41180
41186
41275
41297
41315
41381
41472
41489
41718
41719
41740
41906
41957
42165
42190
42205
42205
42610
42910
42910
42910
42910
42910
42910
42982
43253
43312
43356
43409
43645
43645
43985
43987
44033
44128
44153
44174
44351
44382
44433
44447
44449
44468
44503
44503
44503
44567
44574
44620
44620
44645
44785
44785
45293
45308
45311
45407
45614
45641
45641
45707
45760
45760
45760
45760
45774
45774
45774
45774
45808
45881
45881
45881
45946
46099
46232
46320
46561
46582
46591
46741
46741
46834
47554
47778
47831
47853
48057
48156
48257
48273
48637
48703
48704
48960
48975
49169
49174
49224
49254
49881
50162
50162
50163
50163
50163
50813
51289
51509
51534
51584
51584
51675
51676
51707
51801
51814
51906
51997
52059
52059
52324
52408
52408
52593
52862
52862
52862
52866
52875
52886
53090
53216
53287
53303
53715
53777
53851
53851
53962
54194
54421
54436
54436
54440
54568
54568
54577
54598
54934
54934
55043
55163
55211
55486
55486
55580
55615
55631
55633
55741
56255
56255
56326
56554
56554
56562
56640
56666
56695
56695
56695
56702
56726
56791
56791
56791
56791
56795
56853
56941
56941
57634
57886
57886
57926
57944
58278
58278
58289
58376
58624
58808
58871
58908
