362
448
448
449
449
649
1448
1517
1778
3611
3626
3696
3696
3696
4135
4788
5387
6618
7228
7228
7235
7235
7235
7236
7236
7541
7792
7792
7852
7901
8271
8308
8352
9035
9035
9035
9395
9466
9687
10210
10211
10211
10270
10642
10764
11196
11196
11196
11270
11372
11384
12160
13549
13612
14317
14319
14417
14854
15236
15596
15602
15602
15658
16320
16320
16970
17529
18178
18178
18800
18800
18803
19173
19371
19948
20174
20256
20256
20256
20261
20337
20385
20520
22041
22409
22409
22539
22539
22558
22558
22754
22999
23312
23312
23312
23411
23411
23411
23411
23411
23903
24105
24105
24105
24105
25415
25597
25597
26423
26446
26446
29238
29994
29994
30338
30341
30488
30518
31163
31163
31716
31719
31837
32425
32546
32917
32917
33221
33438
33482
33891
34119
34887
35227
35227
35644
35854
35854
36202
36202
36718
37052
37055
37055
37055
37055
37066
37162
37162
37162
37246
37348
37629
37629
37629
37646
38615
39385
39475
40515
40969
40971
41098
41136
41275
41960
41960
42119
42128
42128
42190
42276
42910
42910
42910
42910
43134
43134
43134
43247
43595
43985
43985
43985
44121
44350
44382
44503
44978
44978
45169
45490
45707
45720
45760
45808
45808
45902
46244
46741
46741
47530
47923
48123
49579
49579
50003
50574
51736
51776
51960
52007
52007
52007
52022
52119
52119
53359
54257
54521
54522
54960
54960
55244
55244
55249
55249
55344
55637
55892
56255
56255
56327
56486
56554
56599
56599
56599
56599
56599
56599
56695
56695
56695
57186
57863
57967
58080
58307
58717
