418
1044
1239
2209
2776
4051
4576
4576
4576
5650
6177
7239
7541
7548
10434
10500
10849
11196
11196
11196
11459
11608
11869
11872
13144
13268
13871
14624
15720
16638
17013
18901
19049
21495
21717
21800
22158
23285
23287
23348
23601
23819
24987
25485
27439
27735
30118
30338
30490
31172
31538
31538
31538
31538
32183
32183
32183
33715
34015
34405
34405
34445
34885
35241
35241
35366
35644
35644
35739
35739
35760
36617
36711
37821
37821
37925
38514
39181
40140
40140
40301
40910
40912
40912
41963
42205
42982
43277
43277
43571
43748
43965
43965
43968
43990
44124
44447
45473
45515
45540
45990
46163
46593
46599
48394
48703
49664
49781
50770
51690
51690
52033
52079
53221
53431
53681
53846
55826
56151
56197
56320
56331
56791
56791
58623
