390
390
532
742
898
924
1055
1732
1764
2072
2208
2390
2392
2449
2554
2868
2972
3004
3213
3728
3744
4006
4006
4182
4185
4207
4249
4325
4667
4688
4760
4775
5713
5998
6455
6587
6661
7131
7149
7430
7541
7541
7541
7710
7754
7851
7901
7901
7901
7901
7901
7912
7966
8058
8132
8449
8517
8521
8546
8546
8546
9007
9029
9207
9610
9659
9659
9659
9687
9723
9765
9894
9964
10049
10049
10086
10673
10710
10732
10732
11002
11076
11076
11173
11196
11284
11323
11737
12234
12234
12270
12300
12655
12667
12808
13570
13731
13731
13826
13888
13888
13892
13926
13971
13975
14012
14294
14342
14852
15596
15596
15797
15986
16290
16326
16326
16355
16355
16646
16646
16970
17018
17396
17396
17529
17529
17629
17629
17683
17683
17928
17948
18288
18549
18586
18586
18658
19044
19084
19114
19203
19615
19772
20174
20219
20468
20490
20490
20636
20636
20636
20666
20725
20930
21016
21367
21377
21555
21555
21581
21581
21591
21591
21591
21595
21595
21595
21595
21595
21595
21751
21877
21898
22364
22451
22456
22539
22539
22539
22558
22558
22780
22782
23122
23174
23283
23333
23664
23757
23808
24091
24107
24111
24111
24615
24724
24869
25362
25430
25597
25597
25604
25604
25675
25675
25682
25683
25787
26017
26776
26937
27417
27698
27712
27917
28044
28508
28543
29129
29493
29755
29907
30317
30332
30416
30895
31028
31679
32048
32956
32983
32983
32983
32983
32983
32983
32988
32988
33029
33531
33714
33898
34126
34336
34547
34547
34821
34821
34831
34831
35093
35240
35617
35617
35617
35617
35617
35626
35626
35741
35749
35749
35767
36022
36125
36379
36432
36432
36718
37537
37557
37572
37572
37572
37572
37572
37573
37968
38472
38812
38812
38820
39098
39205
39215
39288
39487
39949
40100
40157
40462
40913
40913
40971
41044
41180
41180
41197
41207
41467
41467
41489
41489
41489
41489
41489
41489
41489
41642
41824
41951
42089
42186
42201
42201
42201
42201
42205
42263
42364
42569
42569
42865
42910
42910
43104
43258
43258
43258
43641
43755
43758
43987
44057
44182
44182
44192
44287
44503
44701
44828
44973
44978
44978
44978
45026
45164
45336
45729
45774
45808
45860
46123
46358
46382
46389
46389
46389
46392
46395
46657
47111
47265
47281
47388
47459
47511
47528
47980
48175
48185
48466
48472
48473
48976
49063
49224
49381
49431
49527
50170
50703
50784
51032
51032
51426
52059
52119
52177
52336
52396
52717
53045
53355
53358
53610
53613
53613
53842
54082
54138
54296
54329
54394
54738
54743
55186
55233
55233
55233
55233
55309
55486
55540
55788
56320
56320
56320
56320
56326
56326
56774
56791
56941
57332
57332
57332
57332
58171
58171
58888
58908
58908
59231
59422
59422
59422
