303
444
445
766
1406
1410
1560
2069
2070
2245
2422
2947
3539
3606
3920
3921
3940
3940
3965
4051
4051
4982
4982
5131
5328
6087
6376
6795
6991
7203
7362
7381
7381
7542
7695
7698
7710
7736
7770
7849
7851
7866
7901
7912
7955
7968
7968
7968
7968
8013
8067
8068
8369
8583
8646
8776
8785
8785
8790
8837
8884
9395
9395
9659
9659
9659
9673
9767
9774
9786
9930
10093
10276
10285
10666
10742
10783
10856
11044
11102
11163
11196
11196
11269
11270
11297
11297
11384
11750
12123
12125
12234
12234
12349
12747
12853
12965
13154
13268
13574
13612
13731
13743
13826
13826
13826
13888
13923
13975
14031
14032
14071
14624
14909
14985
15040
15378
15596
15678
15721
15741
15922
15928
16268
16268
16331
16331
16364
16393
16416
16423
16975
16985
17072
17220
17267
17267
17267
17267
17267
17293
17307
17415
17433
17538
17564
17564
17719
17761
17782
18274
18291
18293
18315
18656
18658
18678
18800
18800
18803
18803
19452
19452
19498
19810
20087
20322
20424
20446
21191
21378
21495
21589
21686
21713
21736
21774
21929
22308
22411
22411
22411
22411
22411
22456
22539
22558
22558
22707
22753
22787
23121
23234
23235
23257
23431
23435
23687
23719
23725
23888
23915
24105
24105
24107
24108
24111
24111
24111
24270
24270
25299
25299
25299
25299
25526
25675
25675
25757
25929
25937
26405
27439
28508
28510
28510
28798
28880
29041
29219
29648
29963
29963
29963
29963
29963
29963
29963
30331
30332
30333
30337
30473
30475
30477
30477
31028
31654
31770
31911
31961
31961
32357
32358
32904
33174
33459
33573
33728
33783
33789
33789
33789
33789
33964
34223
34241
34244
34348
34453
34547
35211
35213
35444
35445
35452
35454
35461
35767
35790
35810
35828
36022
36116
36269
36269
36277
36710
36820
36990
37060
37066
37066
37243
37246
37348
37382
37414
37470
37475
37500
37692
37950
37950
37950
38065
38082
38184
38233
38317
38332
38822
38839
38916
38916
38991
39181
39181
39186
39215
39385
39385
39458
39482
39487
39487
39487
39487
39504
39672
39672
39679
39688
39944
40250
40300
40301
40334
40514
40619
40619
40635
40635
40971
41173
41182
41404
41489
41489
41490
41891
42062
42205
42469
42610
42694
42767
42768
42887
42887
42910
42910
42910
42910
42910
42910
42910
42910
42910
42910
42910
42910
42910
43004
43004
43004
43253
43310
43311
43538
43544
43574
43595
43746
44030
44131
44193
44196
44284
44411
44436
44498
44503
44644
44755
44912
44946
45283
45311
45361
45554
45641
45660
45843
45901
45902
46289
46332
46340
47054
47116
47287
47387
47411
47489
47511
47572
47573
47636
47942
47961
48116
48523
48591
48598
48704
48704
48704
48871
48871
48872
48874
49018
49317
49470
49519
49562
49839
49839
50056
50147
50173
50890
51421
51584
51963
51966
52031
52059
52059
52336
52395
52401
52489
52616
52707
52875
52875
52875
52886
52943
53002
53072
53250
53297
53484
53680
53704
53793
53935
53989
54252
54406
54709
55387
55420
55425
55486
56207
56320
56329
56329
56410
56426
56469
56706
56819
56903
57149
57149
57295
57495
57863
58033
58269
58388
58785
59309
59322
59441
