201
546
612
684
744
919
919
1181
1448
1516
1850
2205
2874
2900
3571
3723
3776
3921
3968
3991
4006
4051
4051
4051
4079
4182
4191
4230
4337
4388
5091
5091
5091
5122
6618
6706
6795
6795
6991
7199
7381
7698
7901
7901
7901
7901
7901
7901
7901
7901
7901
7901
7901
8132
8583
8738
9275
9300
9659
9659
9673
9698
9737
9822
9913
10023
10175
10224
10224
10257
10349
10481
10486
10572
10673
10673
10673
10673
10700
10877
11037
11385
11588
12125
12655
12655
13053
13239
13459
13459
13459
13888
14012
14012
14012
14249
14249
14322
14650
14854
14863
14864
15040
15503
15692
15895
15943
16143
16268
16516
16623
16895
16961
16981
16988
16988
17267
17267
17779
18183
18274
18274
18291
18291
18291
18315
18335
18413
18656
18656
18656
18656
18665
18800
18800
18800
18803
18803
18803
19200
19200
19200
19352
19447
19448
19500
19500
19500
19500
19500
19737
19737
20026
20174
20290
20290
20431
20495
20535
20636
20636
20636
20748
20952
21216
21218
21356
21385
21495
21495
21495
21495
22446
22470
22541
22558
22734
22753
22754
22754
22792
22997
23123
23283
23356
23706
23744
24105
24735
24735
24764
24764
25012
25635
25800
25806
26104
26415
27072
28510
28512
28603
28622
28726
29115
29130
29313
29315
29320
29854
29884
29907
30289
30332
30377
30404
30404
30416
30466
30473
30473
30475
30498
30498
30502
30502
30502
30502
30502
30502
30502
30502
30502
30502
30502
30502
30502
30502
30505
30505
30505
30505
30505
30505
30505
30505
30506
31028
31716
31837
32292
32296
32296
32656
32918
33102
33109
33367
33369
33369
33467
33482
33922
33922
33922
33922
33922
34223
34267
34348
34348
34348
34348
34348
34348
34348
34423
34463
34463
34490
34552
34752
34794
35063
35063
35063
35144
35153
35948
36378
36450
36778
36820
36972
37066
37153
37165
37246
37257
37376
37377
37423
37478
37894
38469
38624
38633
38701
38859
38939
38988
38988
39020
39046
39100
39175
39175
39186
39186
39385
39385
39475
39600
39801
39804
39843
40116
40890
41044
41098
41098
41098
41098
41130
41192
41489
41645
41963
42076
42076
42078
42078
42204
42205
42350
42910
42910
42910
42910
43004
43101
43101
43285
43291
43361
43406
43535
43535
43536
43640
43700
43789
43799
44013
44026
44121
44132
44178
44182
44211
44211
44211
44211
44211
44338
44440
44481
44481
44487
44554
44554
44564
44682
44683
44688
44725
44725
44739
44739
44785
44785
44785
44785
44785
44785
44785
44953
44972
44978
45049
45049
45049
45058
45062
45070
45284
45288
45293
45368
45539
45554
45554
45554
45658
45707
45760
45808
46269
46557
46591
46694
46709
47037
47054
47111
47176
47411
47411
47411
47778
47809
47853
48025
48274
48462
48821
48821
48828
48874
49519
49519
49519
49664
50353
50604
50738
50981
50983
51141
51200
51200
51509
51672
51904
52033
52059
52117
52118
52119
52488
52499
52734
52886
52918
53114
53250
53303
53675
53678
54252
54416
54919
55294
55366
55486
55705
56028
56255
56255
56326
56326
56626
56727
56791
56818
56818
56819
56992
56992
57332
57820
58278
58278
58278
58307
58355
58540
58547
58874
59288
