648
2491
3004
3004
3557
3737
3921
3921
3921
4006
4051
4184
4244
4340
4841
5387
5387
5387
5387
5387
6177
6706
6796
6834
7044
7901
7901
7901
7901
7901
7901
7901
7903
8001
8001
8001
8001
8045
8045
8583
8738
8761
8834
8834
8834
8834
8837
8837
9067
9659
9678
10093
10159
10175
10175
10732
10873
10891
10891
10891
10928
11737
12255
13134
13134
13731
13731
13740
13740
13974
13974
13981
14492
14556
14624
14624
14863
14864
14929
15040
15040
15128
15545
15602
15602
15602
15602
15740
16877
17072
17072
17292
17292
17292
17292
17529
17529
17529
17535
17924
18178
18178
18656
18800
18800
18800
19766
19766
19766
19776
19776
19776
19776
20495
20539
20636
21266
21495
21495
21962
21962
22041
22158
22539
22539
22539
22558
22558
22558
22558
22734
22754
22780
22780
23439
23725
23748
23875
23875
24105
24105
24107
24111
24111
24111
24111
24111
24270
24270
24270
25106
25106
25106
25106
25299
25597
28287
28287
28822
28822
28822
28822
28822
28884
28884
29907
29963
30016
30399
30874
31238
31281
31484
31716
32048
32219
32410
32794
32918
32918
33577
34220
34223
34348
34348
34348
34348
34348
34373
34405
34508
34694
34694
34694
34800
34803
35144
35162
35166
35680
36404
36431
36431
36492
37145
37354
37355
37355
37355
37430
37478
37514
37514
37514
37821
37950
38300
38399
38468
38468
38812
38812
38812
38812
39215
40186
40186
40913
41044
41099
41275
41275
41607
42078
42092
42190
42195
42195
42195
42195
42205
42205
42205
42208
42210
42276
42276
42276
42276
42610
42799
42910
42910
42910
43101
43101
43101
43253
43409
43535
43535
43567
43571
44414
44953
44953
44960
44960
44972
44972
44972
44972
45308
45308
45598
45710
45720
45720
45808
45808
45808
45808
45808
45855
45881
45886
45902
46090
46090
46252
46337
46337
47069
47069
47339
47339
47339
47339
47339
47454
47573
47598
47999
48123
48524
48548
48558
48644
48914
49361
49361
49381
49460
49460
49491
49491
49491
49547
49547
49547
49547
49547
49547
49547
49547
49547
49547
49579
50279
50548
50567
50891
51129
51726
51726
51726
52188
52435
52435
52457
52489
52734
52734
53258
53608
53710
54197
54366
54375
54385
54403
54403
54436
54440
54440
54440
54440
54577
54577
54598
54598
54960
55134
55344
55590
56194
56319
56319
56319
56320
56320
56320
56320
56326
56695
57358
57634
58171
58171
58171
58174
58187
58573
58721
58721
58741
58822
58837
58855
58900
58903
