1128
1129
1326
1326
1516
1658
1767
2392
2955
3632
4051
4051
4185
5271
5627
5627
6252
6795
7124
7124
7124
7124
7199
8540
8917
8937
9659
9659
10150
10150
10165
10167
10250
10646
11105
11196
11608
11902
12108
12497
13451
13612
13636
13657
13826
14714
14854
15326
15596
15741
15741
15741
15741
16396
16398
17077
17178
17269
17396
17610
17610
17610
17610
18017
18204
18274
18291
18800
18800
18800
18803
18803
19683
19683
19683
20413
20472
20477
20477
20477
20845
21318
21495
21495
21495
22039
22158
22558
22754
22776
22947
23247
23703
23746
23750
23870
23870
23870
23871
23885
23885
24105
24561
24561
25012
25597
25635
25635
25635
27632
27669
28341
28512
28512
28512
28512
28512
28512
28512
28512
28513
28513
29147
30024
30024
30317
30899
31516
31546
31656
31657
31859
32320
32320
32655
32655
33790
33790
33790
34334
34887
34909
34909
34914
34970
35201
36257
36765
36779
36779
36779
36779
37153
37162
37162
37162
37243
37246
37246
37537
38469
38469
38624
38624
38624
39100
39100
39181
39600
39600
39600
39600
39600
39600
39600
39600
39600
39600
39602
39602
40505
41275
41958
41960
41960
41963
42078
42468
42610
42610
42610
42910
42910
42910
43430
43567
43813
44092
44349
44666
44666
44725
45281
45641
45707
45902
46810
47411
47476
47875
48161
48257
48466
48551
49361
51146
51146
51286
51286
51289
51289
51297
51307
51307
51309
51480
51801
51814
52096
52705
53379
53679
53682
53696
53696
54960
54960
55302
55314
55585
56320
56320
56497
56820
58080
58547
58731
58808
58808
58875
