684
684
684
698
698
956
1181
1239
1405
1410
1850
2697
2826
2868
2986
3004
3226
3274
3296
3630
3752
3757
3758
3758
3776
4051
4051
4051
4051
4079
4185
4207
4244
4244
4340
4340
4982
4982
5272
5387
5399
5863
6252
6706
7214
7704
7704
7737
7770
7840
7966
7991
9482
9528
9528
9528
9528
9528
9528
9659
9659
9659
9998
10080
10159
10687
10778
10881
11196
11458
11869
12225
12575
12577
12577
12578
12580
12873
13123
13124
13144
13244
14035
14233
14513
14620
14867
15693
15741
16163
16320
16393
16816
16830
16913
16961
16967
17066
17270
17345
17371
17418
17478
17641
17757
17781
17781
18290
18291
18291
18629
19200
19200
19737
20174
20428
20520
20606
20636
20665
20666
20666
20666
20666
20666
20666
21204
21385
21495
21591
21649
21715
21962
22130
22359
22411
22539
22539
22539
22558
23348
23664
23723
23819
23875
24063
24105
24776
24987
24989
24989
25526
25675
25682
25686
25897
26046
26355
27164
27260
27934
28512
28526
28528
28535
29026
29223
29225
29482
29998
29998
30317
31170
31433
31467
31569
31927
32220
32698
33524
33628
33906
34311
34329
34331
34508
34654
34884
35117
35494
36269
36466
36972
36972
37021
37243
37243
37246
37257
37257
37377
37475
37475
37475
37525
37542
37821
37970
38469
39098
39485
39602
39876
40530
41964
42072
42078
42169
42169
42207
42210
42210
42210
42210
42264
42551
42551
42551
42610
42673
42910
42910
42910
42910
42910
42910
42910
42910
42929
42929
42929
42929
43072
43312
43312
43319
43485
43640
44025
44092
44287
44299
44299
44306
44413
44436
44440
44643
45281
45367
45641
45707
45774
45901
45902
45902
45902
46240
46252
46252
46260
46269
46832
47348
47449
47569
48111
48123
48271
48682
48703
48703
48703
48704
48960
49519
49673
49673
49673
49839
50555
51083
51479
51509
51509
51672
51736
51736
51813
52026
52031
52059
52059
52121
52386
52490
52875
52887
53074
53309
53358
53431
53608
53608
54488
54961
55300
55392
55505
55505
55506
55506
55532
55631
56326
56326
56331
56468
56469
56677
56677
56695
56903
56993
56998
57332
57511
57867
57867
57966
58243
58243
58464
58550
58940
58943
