435
435
437
437
437
443
446
446
535
649
650
689
759
911
1034
1405
1415
1416
1479
1479
1479
1479
1479
1479
1479
1517
1707
1707
1707
1707
1767
1823
2123
2390
2392
2777
2870
3004
3338
3338
3338
3338
3339
3471
3557
3568
3621
3625
3632
3775
3886
4006
4006
4021
4715
4858
5127
5127
5127
5130
5133
5133
5139
5272
5272
5272
5387
5851
6060
6392
6576
6795
7111
7381
7381
7610
7613
7620
7901
7901
7901
7903
8149
8152
8159
8747
8884
8938
8945
9255
9255
9255
9255
9255
9255
9466
9470
9659
9659
9737
9737
9765
9866
9913
9913
9919
9919
9922
9922
9922
9939
9939
9998
10086
10086
10086
10330
10384
10572
10673
10673
10673
10673
10673
10891
10915
10915
10915
10915
11192
11192
11192
11688
12359
12684
12827
12901
12901
12901
13053
13436
13518
13518
13731
13977
14598
14649
14649
14714
14714
14785
14877
15238
15275
15344
15378
15380
15564
15741
15986
16146
16146
16334
16334
16334
16510
16529
18254
18289
18315
18440
18440
18446
18656
18656
18656
18800
18800
18800
18800
18800
18800
18800
18803
18803
18803
18876
19160
19160
19160
19160
19380
19422
19424
19497
19663
19663
19677
19683
19683
19683
19737
19737
20179
20273
20275
20985
21316
21316
21316
21316
21316
21318
21318
21357
21608
21762
22017
22539
22558
22615
22616
22616
22616
22616
22740
23434
23664
23703
23870
24005
24311
24561
24735
24815
25419
25929
26078
26156
26313
26313
26313
26313
26313
26313
26313
26313
26313
26313
26313
26313
26313
26319
26319
26423
26912
26912
27071
27071
27072
27074
27325
27366
27695
27716
27716
27977
27980
28269
28269
28269
28271
28271
29327
29831
30014
30124
30124
30271
30317
30341
30939
31016
31016
31016
31124
31124
31228
31782
31782
31782
31782
31782
31782
31782
31782
31782
31782
31782
32114
32249
32321
32321
32321
32355
32355
32488
33063
33124
33441
33451
34348
34348
34348
34348
34437
34453
34552
34552
34552
34914
35169
35227
35227
35524
35810
36112
36175
36378
36432
36577
36577
36579
36579
36676
36700
36718
37117
37128
37246
37257
37376
37426
37426
37478
37478
37514
37867
37972
38203
38487
38513
38812
39098
39181
39181
39215
39215
39385
39778
39843
39887
40271
40544
40913
40960
41949
42065
42065
42072
42078
42078
42078
42078
42210
42326
42399
42399
42910
42910
42910
43101
43104
43672
43709
43749
43755
43818
43985
43985
44111
44112
44125
44443
44480
44678
44679
44681
44785
44785
44785
44875
44875
44933
44972
44972
45281
45281
45281
45293
45328
45532
45554
45567
45810
45844
45844
45896
45912
46724
47012
47012
47040
47165
47167
47167
47170
47170
47284
47449
47530
47533
47550
47961
48257
48257
48391
48678
49224
51307
51307
51307
51310
51316
51421
51498
51953
52717
52717
52717
52717
52717
52717
52717
52717
52717
52717
52717
52717
52859
52862
52862
53250
53322
53359
53431
53608
53608
53608
53696
53698
54184
54243
54257
54406
54411
54554
54872
54960
55163
55163
55233
55486
55486
55486
55564
55581
55637
55705
56255
56320
56327
56554
56965
57304
57638
58547
58547
58731
58925
