128
848
1044
1307
1456
1651
1762
2087
2109
2110
2418
2491
2491
2812
3553
3740
5386
5386
5643
6955
7199
7347
7347
7392
7511
7678
7678
7901
7901
7909
9300
9470
9674
10332
10332
10332
10332
10332
10332
10396
10585
10673
10929
11384
11750
11890
12498
12646
13871
14180
14541
14863
15379
15596
15603
15898
16751
17637
18314
18315
18315
18491
18609
18800
18800
18803
18803
18803
19080
19110
19163
20321
20472
20472
20775
20905
21390
21495
22459
22558
22558
22615
22615
22615
22864
23064
23074
23156
23156
23210
23528
23723
23807
24869
25106
25210
25210
25337
25346
25346
25682
25762
25766
26016
26687
26830
26958
27078
27079
27089
28116
29736
29736
29831
29831
29831
29831
29831
29831
29831
29831
29831
29884
30118
30118
30436
30436
30488
31167
31167
31245
31246
31408
31457
31458
32396
32655
33243
34113
34440
34800
34800
35162
35162
35396
35810
35867
36896
37016
37023
37488
37488
37488
37488
37488
37488
37488
37488
37488
38093
38469
38746
39098
39443
39443
39711
39711
39819
40634
40923
41034
41136
41136
41180
41302
41808
41808
41827
41839
42070
42181
42276
42467
43101
43101
43101
43101
43195
43247
43567
43985
44182
44411
44572
44716
45567
45710
46164
46252
46572
47050
47352
47481
48107
48177
48636
48703
50478
50521
51101
51444
51456
51619
51672
51736
52047
52059
52870
52870
53040
53043
53358
53423
53431
53431
53578
55497
55691
55744
55747
56255
56327
56437
56791
56791
56791
56791
56791
56804
56885
57636
57636
57923
58209
58278
58280
58280
58307
58388
58388
58388
58785
