265
406
449
466
466
466
466
1055
1055
1485
1546
1576
1767
1850
2241
2491
2491
2846
3004
3299
3617
3758
3920
3974
4051
4051
4051
4051
4051
4072
4229
4242
4340
4789
4982
4982
5271
5271
6376
6376
6455
6455
6456
6863
6863
7199
7199
7381
7381
7851
7858
7901
7901
7901
7901
7901
7955
7966
8045
8425
8546
8581
8581
8835
8849
8926
9659
9659
9659
9659
9687
9710
9737
9737
9928
10080
10222
10517
10576
10642
10643
10655
10673
10676
10708
10710
10801
10949
11096
11102
11304
11304
11304
11869
12055
12549
12655
12910
12910
13468
13612
13701
13701
13731
13731
13731
13735
13826
13888
13892
14031
14366
14395
14624
14624
14864
14901
15163
15596
15596
15596
15689
15922
16112
16364
16734
16920
16961
17529
17529
17550
17579
17579
17629
17706
17756
17765
17924
18129
18183
18254
18289
18536
18656
18665
18800
18800
18803
18803
18803
18875
18989
19044
19070
19173
19615
19737
20636
21495
21495
21495
21495
21495
21501
21589
21589
21591
21591
21591
21591
21591
21593
21595
21595
21764
21776
21962
21962
22038
22040
22051
22539
22554
22558
22566
22754
22755
22755
22768
23231
23231
23434
23434
23601
23711
23813
23813
23870
23925
24105
24108
24111
24405
24405
24405
24405
24405
24558
24737
24764
25106
25164
25362
25597
25675
25683
25686
25710
25937
26628
26716
27242
27920
28543
28605
29596
29884
30317
30940
30940
30940
30940
30940
30940
31016
32073
32581
32606
32656
32715
32857
32857
32988
32988
33037
33485
33511
34752
34752
34752
34752
34821
34821
34821
34821
34992
34992
35093
35227
35396
35617
35644
35644
35644
35811
35839
36025
36031
36125
36125
36125
36269
36378
36378
36432
36631
37153
37162
37165
37199
37243
37475
37478
37478
37486
37514
37514
37697
37894
38347
38460
38584
38700
38703
38812
39215
39215
39271
39288
39288
39354
39385
39392
39441
39481
39482
39814
40226
40845
40913
40913
40969
40969
40971
40976
41040
41044
41050
41051
41186
41186
41207
41250
41250
41253
41547
41555
41678
41723
41898
41906
42072
42072
42203
42205
42205
42209
42210
42552
42910
42910
42910
42912
42912
43004
43101
43101
43291
43374
43406
43409
43409
43409
43411
43558
43647
43987
44006
44013
44139
44182
44211
44338
44418
44568
44620
44746
44785
44897
44954
45157
45490
45515
45567
45567
45679
45705
45705
45707
45760
45774
45795
45808
45808
45859
45881
45991
46104
46571
46788
46967
47339
47554
47557
47573
47803
47803
47809
47853
48116
48134
48470
48484
48529
48644
48644
48821
48833
48833
48872
48991
49146
49168
49168
49168
49168
49168
49168
49317
49664
50041
50041
50057
50057
50057
50057
50254
51091
51214
51239
51390
51509
51584
51671
51676
51939
52078
52395
52457
52717
52734
52886
53072
53074
53154
53221
53221
53303
53303
53303
53379
53578
54176
54384
54406
54406
54436
55134
55190
55344
55478
55486
55788
55788
55788
55788
55788
55788
56209
56209
56255
56255
56320
56320
56320
56326
56326
56326
56326
56327
56329
56449
56449
56599
56695
56695
56703
56791
56791
56941
56987
57149
57336
57636
57780
57875
57899
58024
58171
58429
