2156
2247
2844
3004
3587
3625
4051
4185
4920
4920
4920
4982
5387
5387
5387
5387
6834
7502
7849
7849
7901
7955
8132
8308
8583
8884
9395
9659
9943
9964
10049
10257
10314
10511
10968
11289
11737
11872
12281
12720
12910
13731
13731
13740
13792
14035
14035
14272
14549
14845
15327
15378
15522
15596
15602
15602
16159
16830
16961
17673
18189
18289
18520
18803
18803
19500
20688
21495
22041
22178
22465
22780
22867
23402
23411
23664
23813
24776
25299
25604
25675
25675
25682
25686
27243
27447
27669
28811
29138
29854
29854
29854
29963
30100
30502
31464
31484
31837
32870
32918
33358
33386
33451
33482
34241
34348
34405
34547
34784
35162
35406
36378
36718
36820
37243
37950
38064
38468
38468
38469
38531
38636
39181
39181
39233
39758
39888
40132
41046
41082
41160
41740
41934
41964
42078
42256
42910
42910
43104
43538
43544
43645
43759
43791
43987
44121
44121
44246
44447
44493
44972
44973
45308
45367
45490
45760
45774
45774
45808
46233
47248
47281
47339
48473
48561
49251
49307
49557
50590
51672
52059
52059
52490
52490
52593
52718
53074
53962
53962
53962
54436
55001
55425
55486
55564
55606
56320
56326
56327
56327
56707
56791
56992
57379
58301
58731
58741
