153
1009
1022
1819
1819
2810
2817
3004
3004
3625
3921
4051
4982
5601
6925
7381
7541
7851
7901
7901
7901
8568
8761
9029
9782
9782
9782
10049
10303
10429
10673
10680
11196
11196
11196
11986
12812
12910
13070
13070
13230
13574
13612
13612
13711
13711
14032
14422
14705
14863
15235
15239
15379
15379
15511
15602
15602
15602
15602
15608
15608
15608
15645
15719
16031
16268
17069
17629
17924
18034
18034
18400
18800
18800
18800
18803
18844
18844
18844
18844
18895
19766
19766
19776
20539
20722
21266
21266
21800
22257
22558
22587
22841
22967
22999
24184
25174
25510
25764
25773
28940
29060
29183
29647
29647
29854
29854
29970
31104
31262
31262
31707
31837
31996
31996
32504
32885
32885
33919
34348
34348
34348
34348
34694
34923
35158
35227
35346
35453
35453
35839
36073
36922
36972
37204
37537
38467
38812
38822
38985
38985
38985
39186
39385
39574
39580
40322
40380
40619
40619
40619
40619
41007
41046
41075
41082
41098
41136
41287
42073
42078
42162
42673
42910
42910
43064
43103
43247
43312
43406
43792
44182
44182
44338
44440
44440
44468
44468
44785
44946
44946
44946
44946
44946
44946
44946
44946
44946
45089
45302
45367
45421
45490
45567
45707
45808
45810
45859
45874
45881
45881
46243
46337
46337
46562
47083
47224
47594
48342
48342
48403
48435
48602
48703
48714
48821
49431
49579
49649
49715
49839
50404
50410
50506
50506
50696
51181
51181
52059
52059
52457
52854
53103
53224
53431
54406
54598
55471
55471
56028
56255
56320
56320
56326
56326
57608
57608
57969
57979
58066
58066
58302
58464
58662
58662
58662
58808
58827
58828
58831
