226
273
300
589
615
716
718
876
1297
1357
1357
1357
1357
1357
1357
1357
1358
1358
1360
1360
1360
1360
1360
1360
1364
1364
1364
1364
1415
1689
1689
1689
1693
1728
1822
1983
2036
2392
2424
2825
3227
3506
3632
3718
3920
3921
3990
4051
4051
4182
4182
4185
4208
4231
4279
4522
4522
5071
5071
5387
6342
6456
6618
6619
6795
7199
7735
7901
7955
8045
8067
8132
8132
8326
8485
8487
9035
9347
9585
9659
9659
9659
9659
9713
9713
9723
9737
9765
9765
9765
9893
9943
10276
10280
10330
10330
10330
10676
10708
11066
11066
11066
11076
11196
11196
11831
11902
11902
12108
12235
12341
12677
13147
13147
13629
13740
13978
14318
14413
14413
14422
14425
14427
14588
14588
14624
14624
14624
14829
14869
14977
15052
15052
15168
15375
15627
15692
16396
16541
16711
16965
17004
17069
17085
17131
17535
17712
17966
18018
18178
18178
18178
18183
18183
18183
18293
18531
18800
18803
19173
19173
19174
19195
19200
19200
19200
19200
19203
19447
19451
19615
19615
19615
19951
19994
20174
20290
20324
20636
20636
20666
20685
20741
20952
21214
21217
21377
21495
21565
21581
21581
21589
21589
21591
21591
21591
21593
21593
21593
21608
21785
21785
22016
22016
22181
22182
22204
22204
22237
22266
22409
22409
22539
22539
22714
22714
22965
23239
23675
23766
23766
23766
24105
24105
24105
24111
24111
24111
24193
24422
24558
24619
24746
24764
25224
25597
25604
25635
25710
26687
26687
26810
26945
26987
27419
28270
28315
28316
28421
28421
28423
29513
29716
29884
30124
30293
30317
30323
30341
31207
31207
31207
31266
31385
31679
32011
32529
32918
33243
33384
33607
33866
34244
34358
34405
34437
34521
34794
34794
34821
34884
34884
34992
35093
35093
35146
35153
35444
35617
35617
35617
36022
36710
36710
36752
36820
36903
36972
36972
37055
37060
37246
37377
37382
37382
37382
37475
37475
37478
37514
37537
37537
37542
37542
37542
37769
37964
37964
38333
38626
38700
38701
38812
38812
39186
39288
39288
39288
39354
39354
39385
39487
39488
40353
40505
40505
40535
40586
40586
40586
40586
40586
40586
40586
41271
41271
41494
41607
41678
41746
41906
41939
41960
41964
42041
42205
42467
42468
42468
42610
42610
42910
42910
42910
43101
43101
43101
43104
43312
43645
43712
43914
43985
44063
44092
44164
44164
44503
44554
44567
44617
44645
44645
44953
45049
45063
45301
45308
45311
45360
45490
45810
46473
46605
47411
47411
47455
48079
48213
48294
48567
48640
48640
48640
48871
48873
48960
48960
48965
49386
49386
49579
49673
49839
49839
50159
50159
50433
50573
50656
50786
50910
51081
51144
51454
51479
51479
51479
51509
51509
51509
51509
51509
52121
52399
52493
52784
52784
52859
53431
53589
53629
53772
54087
54087
54144
54281
54296
54369
54436
54436
54440
54493
54598
54627
54781
55043
55344
55425
55486
55486
55574
55631
55633
55646
55694
55694
55705
56018
56255
56255
56327
56599
56695
56695
56705
56705
56717
56791
56791
56791
56820
56903
56903
56987
56991
57679
57969
58080
58278
58330
58347
58573
58573
58688
58688
58721
58755
58755
59008
