239
454
549
698
879
934
968
1410
1479
1479
1786
1814
2108
2353
2356
2358
2392
2392
2431
2491
2491
2491
2724
2899
2926
3004
3068
3317
3317
3317
3375
3536
3554
3815
3983
4051
4185
4185
4283
4325
4325
4748
4748
4982
5009
5074
5074
5149
5359
5387
5387
5387
5437
5828
5846
5880
6177
6388
6795
6812
6812
6918
7131
7620
7648
7695
7698
7901
7901
7956
8067
8089
8099
8132
8158
8178
8425
8527
8575
8581
8835
8937
9255
9568
9659
9659
9737
9810
9991
10080
10222
10250
10367
10367
10673
10687
10881
11002
11066
11196
11404
11824
12120
12720
12991
13127
13287
13382
13495
13571
13731
13735
13735
13924
14233
14276
14899
15471
15596
16039
16043
16268
16268
16331
16331
16331
16396
16396
17926
17998
18177
18205
18315
18440
18800
18800
18944
19163
19383
19450
19500
19500
19500
19606
19615
19683
19683
20275
20312
20312
20321
20470
20571
20636
21017
21495
21495
21495
21516
21608
22158
22539
22539
22558
22561
22754
22754
22756
23071
23098
23098
23402
23422
23496
23766
23912
24091
24105
24111
24111
24619
24657
24658
24792
24869
25245
25284
25635
25662
25748
25764
25929
25929
26138
26139
26140
26185
26185
26185
26185
26276
26446
26569
27268
27345
28341
28512
28513
28613
28711
28858
28861
28868
28921
29281
29530
29711
29777
29854
29854
29854
29860
29927
29963
30269
30273
30317
30414
30511
31207
31247
31457
31546
31718
31718
31772
31859
31859
31859
31859
31891
32713
32918
33150
33248
33375
33381
33421
33441
33443
33482
33651
34075
34185
34267
34321
34358
34521
34684
34800
34910
34992
35104
35104
35144
35166
35166
35356
35454
35625
35644
35817
35839
35996
36469
36494
36554
36594
36688
36972
36972
37038
37243
37246
37276
37336
37348
37514
37554
37555
37655
37691
37950
37972
38092
38122
38468
38669
38732
38961
39181
39185
39185
39185
39214
39385
39475
39602
39609
39992
40274
40335
40364
40530
40593
40960
40985
40985
40985
40985
40985
40985
41107
41158
41383
41678
41678
42072
42162
42162
42176
42219
42292
42350
42610
42610
42758
42778
42910
42910
42910
43226
43253
43291
43376
43406
43411
43571
43572
43605
43645
43913
43959
44058
44185
44211
44398
44443
44503
44663
44663
44678
44960
44967
44980
45178
45178
45252
45281
45311
45336
45554
45614
45614
45614
45614
45705
45753
45760
45762
45774
45774
45843
45893
46090
46783
47035
47109
47387
47437
47437
47507
47507
47518
47520
47678
47831
48103
48445
48466
48493
48873
49169
49175
49229
49562
49579
49839
49998
50113
50217
50396
50639
50639
50813
51028
51141
51362
51672
51672
51675
51675
51786
51786
51861
52031
52031
52033
52058
52059
52457
52457
52489
52605
52705
52722
52859
52859
52859
52859
52862
52862
53058
53144
53217
53222
53277
53286
53367
54296
54406
54895
55476
55486
55705
55914
56011
56123
56255
56255
56255
56319
56320
56320
56320
56320
56320
56320
56320
56326
56326
56326
56326
56327
56327
56331
56380
56652
56652
56773
56791
56903
56903
56991
57404
57547
57923
57944
57967
58187
58243
58278
58278
58659
58688
58736
58839
58872
58912
59288
