1479
2390
2853
4006
4006
4051
4184
4340
4793
5124
5124
5222
5387
5387
5610
5752
6567
6628
7050
7199
7541
7698
7710
7851
7852
7901
7901
7901
8132
8326
8837
9029
9385
9571
9659
9791
10622
10673
11196
11196
11266
11463
11463
12143
12655
13826
14765
15547
16320
16320
16320
16320
16320
17136
17924
18018
18168
18178
18178
18183
18803
19055
19267
19737
20731
21016
21265
21367
21495
21495
21581
21591
21591
21595
21992
22539
23312
23316
23400
23402
23402
23402
23402
23402
23404
23404
23404
23413
23413
23500
23664
24005
24107
24111
24111
24111
24249
24249
24249
24557
24947
24947
25526
27699
28971
28995
29854
29907
30317
31095
31325
31679
32257
32713
33011
33011
33011
33342
33540
33650
34053
34113
34348
34405
34488
34797
34821
34887
34896
35162
35508
35513
36022
36025
36710
36820
37055
37055
37055
37055
37066
37162
37165
37415
37475
37478
37691
37968
38051
38051
38051
38051
39185
39600
39600
39600
39721
40184
40845
40845
41472
41489
41489
41489
41502
41502
41607
42887
42929
43008
43009
43104
43409
43535
43705
43708
43964
43964
43985
43991
44131
44178
44290
44417
44785
44954
44972
44972
44975
45311
45998
46090
46277
46741
47481
47546
48966
49345
49381
49564
49668
50928
51007
51345
51672
51741
52119
52886
53100
53409
53409
53576
54436
55244
55244
55430
55486
55564
56362
56903
57421
57579
58080
58716
58731
