673
951
1318
1349
1357
1359
1359
1360
1850
1850
1890
2424
2821
2873
3004
3004
3263
3296
3753
3800
4051
4052
4340
4982
5642
5643
5649
5905
6044
6742
6742
6925
7815
7815
7815
8013
8018
8425
8517
8787
8849
9367
9481
9482
9673
9765
10298
11831
11857
11857
11857
12891
13731
14422
14624
15378
15546
15689
16331
17069
17069
17396
17415
17662
17941
18017
18017
18017
18288
18289
18800
18800
18800
18803
18803
20636
21149
21958
22364
22561
22568
22754
22829
22999
23265
24184
24559
24987
25009
25037
25443
26185
26611
26611
26611
26832
26994
28254
28376
29060
29329
29402
29854
29884
30084
30100
30322
30341
30474
30488
30502
31202
31205
31205
31205
31205
31205
31205
31205
31241
31241
31241
31241
31241
31241
31241
31718
31859
32029
32252
32713
33438
33451
33733
34080
34512
34512
34512
34875
35600
35600
35600
35621
36972
37027
37153
37196
37646
37894
38300
39215
39385
40647
40917
40917
41186
41186
41262
41457
42144
42190
42308
42356
42400
42673
42673
42798
42910
42912
43003
43003
43003
43129
43292
43312
43636
44106
44299
44440
44616
44645
44645
44739
45901
45987
46233
46272
46524
46561
46927
47035
48598
48704
48704
49715
51960
52059
52059
52059
52875
52875
53258
53431
53575
53575
53577
53589
53589
53589
53589
54406
54436
54920
54977
54982
55441
55445
55453
55540
56255
56255
56326
56326
56393
56393
56449
56462
56472
56695
57511
57801
57874
57874
58242
58462
58463
58741
58745
58808
58865
