673
1022
1129
1129
1181
1181
2052
2359
2424
2424
2424
2426
2431
2662
2662
2807
2816
2826
3004
3004
3004
3627
3811
4182
4185
4185
4283
4864
4864
4949
5074
5158
5158
5330
5387
5712
6795
6795
7150
7439
7695
7770
7851
7851
7901
8040
8308
8314
8457
8487
8606
9659
9659
9659
9659
10137
10210
10673
11736
12234
12234
12750
12910
12963
13612
13678
13742
13783
13826
13835
13975
13975
14003
14003
14038
14463
14489
14624
14837
15034
15477
15526
15596
15596
15596
15986
16268
16331
16331
16516
16516
17533
17536
17663
17781
18315
18315
18678
18678
18788
18803
18803
19042
19371
19447
19615
19731
19946
19951
20174
20290
20710
21016
21016
21086
21297
21357
21495
21495
21593
21876
21876
22243
22411
22539
22544
22740
23218
23444
23444
23766
23819
23875
23974
24111
24111
24184
24327
24806
25299
25299
25299
25299
25299
25299
25299
25299
25597
25597
25597
25682
25710
25886
25886
26005
26016
26016
28612
28822
29119
29130
29329
29739
29907
29962
29963
29963
29963
29963
29963
29963
29963
30016
30156
30331
30341
30518
31012
31012
31012
31012
31475
31552
31631
31742
31742
31742
31970
31996
32502
32917
32918
33183
33205
33459
33459
33459
33459
33915
33915
34223
34267
34467
34508
34508
34538
34694
34803
34992
35153
35162
35284
35444
35444
35444
35452
35452
35453
35454
35454
35454
35461
35461
35616
35741
35839
36404
36631
36631
36710
36718
36718
36765
36903
37019
37021
37021
37021
37021
37165
37271
37271
37271
37348
37348
37352
37359
37390
37478
37486
37537
37852
37950
37950
37954
37972
38151
38468
38468
38971
39098
39186
39206
39482
39487
39487
39504
39933
39936
39936
40008
40321
40601
40634
40682
40969
40985
40985
40995
40996
41136
41149
41182
41186
41197
41642
41898
41934
41937
41955
42276
42470
42610
42910
42910
42912
43024
43024
43072
43310
43343
43755
43830
43930
43985
44153
44182
44182
44349
44349
44443
44567
45063
45067
45067
45350
45619
45808
46055
46337
46337
46338
47518
47882
48123
48151
48151
48163
48562
48640
48644
48644
48703
48963
49058
49154
49664
49664
49909
50183
50696
50696
50696
50696
50696
50696
51504
51507
51508
51508
51675
51859
51859
51859
51859
52120
52707
52707
52717
52734
52859
52870
52967
53195
53224
53431
53668
53884
54762
54909
55631
55654
55694
56121
56265
56265
56284
56331
56791
57867
58464
58585
58702
58731
59008
