16
26
26
1876
4182
4816
5271
5387
5387
5650
6662
6671
6671
7199
7199
7846
7901
7901
7901
7901
7901
7901
8045
9765
9767
10619
10690
11862
16331
16331
16331
18803
18957
21215
22539
22558
22558
25929
26766
26774
26774
26774
28612
28663
29854
29854
30293
30317
30317
31835
31835
32988
32988
33451
34452
35839
36820
37514
37514
38469
38469
39482
39482
39888
40634
40672
40913
40985
40985
41049
41049
41186
41489
41489
41489
42800
43004
43004
43004
43104
43690
44785
44785
44827
45659
45664
47782
50542
51051
54866
55134
55622
55631
56296
56379
56695
58624
58717
58994
