97
541
935
1297
1297
1297
1297
1297
1297
1297
1297
1479
1479
2140
2142
2268
2392
2392
2423
2491
2491
2491
2491
2491
2491
2491
2491
2491
2491
2670
2946
3188
3198
3317
3327
3338
3374
3788
4006
4017
4017
4020
4051
4051
4182
4182
4244
4244
4244
4244
4256
4340
4340
4670
4951
4982
5006
5008
5058
5387
5803
5846
5916
6558
6618
6656
6834
6973
7020
7071
7206
7312
7367
7467
7489
7872
8095
8102
8128
8600
8723
8723
8725
8725
8725
8995
8995
8995
9011
9088
9364
9364
9453
9455
9549
9620
9622
9659
10080
10344
10467
10557
11006
11368
11438
11572
11835
11857
11913
11913
12425
12878
12894
12894
13073
13288
13369
13468
13612
13648
13769
14237
14624
15127
15127
15127
15127
15166
15689
15689
15692
15986
15986
16049
16056
16075
16080
16268
16331
16331
16416
16978
17267
17558
17815
18115
18116
18224
18354
18487
18800
18800
18803
18803
18803
19268
19268
20174
20674
20894
20985
21200
21246
21377
21385
22010
22042
22233
22416
22456
22558
22558
22558
22558
22610
22615
22738
22940
22944
22946
22965
22970
23064
23064
23066
23066
23074
23098
23151
23151
23155
23245
23258
23258
23258
23258
23258
23271
23664
23726
23740
23875
23875
23885
24111
24184
24457
24658
24765
25106
25384
25385
25463
25463
25682
25692
25710
26461
26756
27744
27883
28325
28406
28625
28843
28843
28843
28860
28860
28989
29253
29253
29416
29831
29839
29987
29987
30016
30118
30122
30122
30122
30122
30231
30289
30394
30414
30416
30490
30499
30499
31167
31770
31780
31780
31780
31790
31828
32048
32183
32360
33213
33240
33243
33292
33381
33437
33510
33540
33989
34015
34348
34348
34405
34423
34423
34433
34433
34482
34547
34567
34658
34803
34825
35093
35123
35188
35428
35455
35626
35691
35807
35839
35961
36010
36291
36617
36617
36778
36805
36808
36903
36903
37271
37283
37472
37514
37526
37617
37689
37821
37894
37950
38035
38113
38131
38468
38653
38653
38728
38812
39181
39482
39482
39482
39482
39584
39662
39662
39662
39773
39897
39902
40473
40682
40985
40985
40985
40985
40995
40997
41194
41258
41412
41839
41906
41928
42165
42190
42203
42276
42291
42310
42525
42640
42640
42762
42910
42910
42910
42910
42919
42919
43004
43008
43008
43008
43186
43187
43247
43247
43339
43872
43985
44026
44092
44131
44574
44620
44978
45281
45281
45336
45336
45514
45567
45567
45614
45641
45707
45707
45855
45987
46023
46583
46805
47066
47454
47919
48132
48435
49019
49431
49493
49579
49839
50025
50113
50156
50639
50677
50677
50946
51218
51218
51604
51896
52059
52079
52086
52086
52462
52481
52886
52910
53011
53086
53220
53221
53221
53231
53273
53273
53924
54201
54201
54296
54432
54716
55163
55163
55223
55344
55425
55425
55441
55473
55486
55539
55606
56049
56300
56300
56320
56326
56326
56327
56742
56791
56903
56941
56991
56992
57015
57573
57573
57573
57737
57737
57737
57737
57737
57737
57737
57737
57737
57737
57737
57867
57899
57923
57945
58080
58278
58278
58278
58278
58289
58368
58378
58388
58413
58536
58536
58576
58613
58702
58721
58769
58883
