410
687
741
1329
1479
1517
1725
1909
2204
2204
2206
2206
2869
3004
3852
4006
4244
4244
4367
4367
5387
6585
7204
7204
7381
7675
7699
7735
7737
7851
7851
7901
7912
7955
7955
7956
8018
8018
8038
8038
8038
8038
8067
8132
8264
8425
8449
8449
8457
8530
8530
8836
8947
9437
9659
9774
9822
9979
9987
9987
9988
10080
10080
10080
10105
10159
10225
10253
10775
10948
10948
11173
11272
11283
11283
11284
11284
11284
11284
11284
11284
11284
11284
11284
11284
11288
11288
11289
11289
11289
11289
11289
11289
11289
11289
11289
11289
11289
11289
11289
11475
11480
11651
13612
13731
13731
13731
13731
13731
13731
13731
13731
13731
14120
14799
14854
15040
15220
15327
15456
15546
15550
16121
16331
16331
16331
16726
17720
17899
17924
18007
18018
18066
18204
18274
18274
18274
18291
18291
18291
18301
18484
18484
18800
18803
19173
19175
19285
19287
19287
19426
19447
19699
19737
19738
21805
21812
21898
21962
21962
22041
22257
22257
22358
22558
22998
22998
22998
22998
23411
23664
23664
23875
24111
24308
25047
25047
25597
25597
25597
25597
25597
25675
25675
25675
25675
25675
25675
25675
25675
25675
25686
25690
25710
25710
25710
27669
27669
28225
28333
29526
30317
31261
31448
31837
32640
32713
32917
33089
33097
33381
33381
33381
33482
33482
33482
33485
34182
34794
34800
34803
34823
35595
36493
36493
36727
36972
37052
37066
37066
37066
37066
37066
37066
37066
37066
37066
37066
37066
37246
37377
37426
37475
37475
37478
37486
37486
37873
37894
37894
37894
37894
37968
38397
38469
38615
38624
38746
39181
39181
39181
39181
39181
39181
39288
39385
40312
40533
40533
40533
40533
40533
40533
40533
40969
41058
41075
41075
41146
41149
41149
41149
41733
41828
41943
42078
42078
42190
42552
42767
42767
42885
42885
42887
42910
42910
42910
42910
42910
42910
42910
42910
42910
42910
42910
42912
42912
42912
43288
43406
43535
43544
43640
43812
44092
44203
44440
44440
44527
44973
44973
45106
45293
45311
45336
45490
45554
45573
45586
45641
45641
45760
45760
45774
45774
45774
45774
45774
45774
45774
45774
45808
45808
45808
45874
45902
46252
46269
46334
46777
46837
46954
47170
47170
47381
47758
47814
48352
48466
48466
48470
48470
48470
48472
48472
48472
48472
48473
48473
48473
48473
48592
48914
49290
50542
50549
51121
51122
51672
51672
51960
52033
52117
52119
52120
53074
55419
55420
55425
55486
55705
55705
55705
55706
55706
55706
55706
55706
55706
55706
55706
55706
55706
55706
55706
55756
55757
55757
55757
55757
55757
55989
56028
56207
56219
56320
56326
56599
56903
56903
57158
57158
57723
57743
58276
58276
58276
58308
58732
58796
