1181
1619
1619
2491
2934
3008
3195
3195
3317
3719
4020
4051
4157
6449
6449
7163
7392
7445
7548
7704
7704
7704
8457
8614
9765
9782
10398
15596
16510
17292
17780
18289
18603
18800
19666
20424
21495
22539
22558
22615
23703
23807
24111
24986
24986
24986
24987
24987
24989
24989
25642
26248
26899
28858
28860
29907
31167
31448
32591
32640
32640
32656
32688
33511
33511
33511
33927
33927
34048
34321
34800
35644
35644
35691
37019
37153
37162
37821
37821
39175
39288
39304
39397
40985
41088
41839
43080
43080
43195
43792
43799
43806
43991
44305
44305
44574
44642
45297
45808
46785
47491
49251
49251
49251
50407
50463
50471
51421
51481
51672
51672
52031
52031
52059
52079
52436
52967
53410
54329
54394
54394
54394
54399
54400
56903
57446
