448
921
1403
1403
1403
1403
1403
1403
1403
1403
1405
1479
1805
1805
1986
2022
2156
2554
3557
4020
4051
4182
4231
4865
4982
5271
5828
5863
5902
6285
6795
7265
7497
7737
7901
7912
7913
8052
8308
8961
9453
9762
10088
10105
10133
10330
10365
10519
10848
10884
10921
11608
11750
11750
11879
12145
12300
12806
12900
12900
13244
13731
13826
14074
14272
14342
14854
14889
15168
15293
15312
15435
15596
15596
15689
15809
15927
16075
16079
16268
16396
16398
16399
16420
16495
16495
16495
16970
17125
17237
17629
17704
17780
17780
17924
17966
18665
18665
18800
18800
18803
19081
19386
19447
19500
19500
19500
19737
19951
20273
20275
20275
20275
20290
20290
20490
20520
20636
20731
21215
21352
21495
22446
22456
22539
22539
22548
22605
22609
22609
22609
22616
22616
22755
22791
23745
23766
23885
23912
24064
24186
24329
25675
25696
26064
26313
27050
28324
29008
29841
30118
30124
30124
30124
30124
30189
30502
30936
31273
31837
31859
32091
32320
32320
32468
32917
33240
33449
33872
34110
34348
34348
34405
34405
34405
34547
34547
34547
34992
35011
35093
35241
35508
36290
36433
36503
36718
36820
36972
36972
37060
37066
37162
37162
37162
37243
37246
37382
37610
37610
38468
38469
38469
38469
38633
39186
39385
39385
39480
39801
39888
40951
40959
41075
41160
41963
42190
42610
42694
42910
42910
42910
43101
43299
43535
43538
43595
43646
43952
44013
44013
44182
44182
44182
44182
44185
44185
44211
44437
44525
44574
44679
44682
44682
44972
44972
45293
45535
45760
45805
45831
45890
46605
46905
46905
46905
46923
46929
46941
47128
48060
48373
48373
48466
48473
48644
48644
48644
48644
49038
49169
49276
49579
49664
49664
49673
50024
50319
50323
50574
50813
50813
50813
50813
50813
50813
51045
51307
51317
51740
51814
51856
51883
52059
52399
52717
52717
52862
52865
52886
52928
53037
53037
53074
53284
53287
53334
53359
53589
53589
53608
53698
54421
54436
54440
55430
55606
56320
56326
56327
56329
56707
56717
56727
56820
56997
57825
57825
58033
58278
58297
58302
58540
58731
58825
58826
58871
