200
742
1055
1236
1448
1479
1518
1531
1722
1810
1811
1977
2049
2049
2050
2208
2392
2554
2840
2841
2868
3004
4164
4235
4841
5271
5387
5937
6252
6698
6698
7409
7901
8132
8206
8425
8738
8919
9007
9029
9411
9687
9737
9737
9930
10080
10086
10256
10276
10330
10710
10912
11284
11820
12012
12234
12607
12655
13059
13268
13731
14035
14089
14294
14649
15608
15608
15693
15693
15907
16268
16396
16516
16516
16516
16516
16516
16538
17131
17276
17781
18007
18178
18288
18291
18395
18520
18539
18800
18800
18800
18803
18854
19066
19084
19114
19500
19500
19715
19776
20089
20174
20454
20666
20903
21266
21495
21495
21751
21962
22539
22539
22558
22568
22905
23122
23579
23899
24003
24006
24111
25526
25597
25597
25675
25842
26687
27381
28508
28613
28877
29005
29005
29494
30293
30317
30332
30341
30416
31028
31255
31389
31600
31718
31837
31837
32529
32601
32680
32680
32857
32956
33089
33089
33221
33381
33482
34016
34113
34113
34267
34272
34348
34361
34390
34896
35093
35227
35444
35626
36379
36718
36820
37145
37153
37153
37162
37162
37162
37364
37537
38139
38839
39185
39185
39186
39487
39949
39951
39951
40312
40682
41046
41046
41180
41182
41249
41249
41723
42771
42910
42912
43277
43291
43374
43614
43641
43645
43799
44057
44092
44350
44447
44570
44703
44725
44785
44973
44980
45166
45281
45281
45336
45774
45808
45901
46285
46400
46400
46524
46585
46595
46956
47027
47027
47111
47111
47228
47281
47388
47636
47699
47853
48175
48466
48704
48715
49229
49381
49557
49579
50107
50703
50784
51382
51740
51743
51743
51821
52007
52059
52079
52118
52396
52717
52802
52802
52862
52875
53303
53451
54436
54436
54440
54440
54440
54574
54752
54796
54797
54801
55253
55486
55539
55705
55705
55705
55724
55972
55972
56028
56219
56326
56329
56331
56640
56640
56652
56652
56727
56804
56957
56957
58785
58922
58927
