762
1410
1448
1462
1783
1850
1850
1907
2424
2424
2700
3528
3696
3863
4006
4006
4006
4051
4170
5271
5387
5387
5387
5387
5828
6671
6671
7044
7049
7050
7199
7199
7710
7770
7846
7846
7846
7847
7851
7901
7901
7901
7901
7901
7901
7912
7912
8206
8206
8308
8606
8771
9208
9473
9473
9633
9659
9687
10673
10747
10848
11066
11066
11339
11354
11902
12058
12140
12145
13612
13731
13731
14624
14624
14683
14845
14899
15044
15128
15312
15375
15375
15608
15759
16396
16448
16495
16869
17316
17520
17542
17542
17924
17924
18181
18274
18658
18658
18658
18658
18658
18658
18800
18800
18803
18854
19613
19613
19615
19615
19615
19615
19620
19661
19776
19776
20174
20383
20408
21259
21297
21322
21495
21495
21713
21896
21962
22456
22529
22539
22539
22539
22615
22616
22754
22754
22755
22780
22780
22908
22969
23664
23664
23664
23725
24141
24155
24557
24557
24881
24885
25174
25174
25675
25682
25682
25757
26433
26581
27242
27243
27243
27243
27243
27825
28012
29029
29178
29188
29220
29223
29854
29854
29917
29925
29987
29987
30124
30125
30136
30210
30519
31223
31262
31413
31679
31679
31693
31693
31716
31718
31996
31996
32029
32029
32048
32048
32217
32252
32474
32656
32733
32733
32928
33229
33451
33451
33482
33482
33815
33927
34001
34244
34244
34405
34405
34491
34552
34694
34694
34694
34794
35144
35165
35165
35210
35211
35616
35644
36378
36454
36631
37027
37027
37390
37478
37514
37537
37537
37821
37894
37950
38093
38093
38093
38613
38613
38746
38812
38812
39181
39181
39181
39215
39215
39475
39475
39475
39482
39487
39843
41082
41136
41136
41136
41136
41136
41194
41262
41263
41396
41558
41558
41558
41678
41678
41717
41733
41733
41906
42213
42610
42666
42910
42910
42910
42912
43101
43101
43101
43104
43104
43360
43374
43805
44025
44063
44063
44137
44138
44178
44182
44182
44182
44182
44182
44192
44192
44203
44440
44484
44527
44527
44567
44568
44574
44633
44785
44886
44960
44960
45641
45707
45720
45720
45753
45774
45808
45808
45808
45808
45881
45902
46090
46340
46520
46639
46941
47204
47491
47742
48045
48184
48213
48257
48562
48640
48640
48640
48644
48794
48821
48833
48861
48872
48960
49246
49579
49985
50542
51473
51584
51672
51675
51690
51771
51801
52341
52447
52717
52717
52918
52967
53208
53215
53216
53379
53605
53631
53939
54085
54598
55486
55631
55910
56326
56326
56326
56501
56695
56703
56791
56888
56888
56903
56987
57304
57592
57592
57628
57628
57636
57636
57823
58062
58075
58171
58171
58174
58181
58848
59008
59008
