133
273
385
446
716
716
848
1055
1060
1074
1105
1105
1128
1227
1227
1227
1229
1229
1229
1239
1239
1239
1239
1239
1239
1479
1515
1516
1850
2686
3263
3300
3812
3920
3986
4051
4182
4185
4185
4244
4340
4522
4522
4526
4982
5271
5387
5828
7199
7381
7381
7390
7497
7501
7501
7502
7613
7722
7723
7802
7846
7849
7849
7851
7901
7901
7901
7912
8132
8149
8149
8449
8457
8457
8457
8457
8546
8552
8552
8557
8557
8557
8944
9482
10037
10069
10160
10314
10330
10540
10680
10680
10680
10680
10680
10680
10684
10743
10752
10876
10957
10968
10975
10976
11913
12692
12832
12862
13501
13629
13826
13826
13926
14249
14588
14863
14869
14881
14882
14882
14882
14882
14882
14882
14882
14915
14915
15012
15097
15097
15097
15097
15097
15097
15097
15235
15487
15602
15602
16331
16331
16331
16511
16516
16516
16957
17003
17084
17091
17200
17538
17542
17542
17542
18254
18254
18274
18274
18274
18289
18291
18293
18293
18315
18315
18441
18469
18469
18665
18800
18800
18803
18869
19014
19282
19423
19447
19737
20023
20023
20023
20023
20023
20023
20023
20023
20023
20023
20023
20023
20023
20023
20023
20626
20636
20778
20988
21495
21495
21901
22045
22158
22171
22432
22539
22539
22539
22539
22558
22558
22558
22568
22645
23316
23316
23664
23664
23665
23870
23870
24619
24619
25009
25012
25012
25012
25106
25107
25185
25186
26047
26423
26687
26687
26717
26937
26937
27322
27326
27497
27670
28157
28176
28751
28751
28753
28916
28916
29007
29275
29854
29854
30387
30414
30488
30488
30488
30517
30936
31085
31546
31937
31986
32518
32558
32656
32857
33124
33131
33862
34334
34348
35104
35122
35122
35122
35243
35377
35380
35380
35380
36433
37059
37066
37153
37434
37475
37475
37475
37475
37475
37475
37478
37478
37478
37478
37514
37968
37968
37970
37972
38388
38746
38812
38812
38812
39175
39181
39181
39186
39215
39288
39480
39482
39586
39586
39934
40542
40913
40913
40913
40969
40971
41040
41098
41098
41194
41275
41678
41876
41906
41943
42078
42078
42078
42078
42078
42078
42205
42205
42210
42210
42210
42210
42379
42798
42910
42910
42912
42912
43004
43013
43062
43062
43062
43062
43062
43062
43062
43062
43062
43062
43062
43062
43062
43062
43062
43062
43303
43303
43303
43303
43303
43304
43304
43304
43304
43304
43304
43304
43355
43444
43535
43538
43705
43712
43812
43987
44027
44203
44338
44433
44785
45283
45297
45297
45306
45310
45598
45760
45808
45810
45810
45810
45810
45874
46252
46269
46269
46604
47086
47086
47250
47265
47265
47411
47530
47573
47616
47684
47917
48116
48116
48127
48466
48472
48472
48592
48640
48703
48874
48874
49018
49146
49228
50574
50949
50979
51672
51672
51672
51672
52031
52033
52033
52033
52488
52488
52488
52603
52705
52705
52866
53060
53216
53216
53358
53358
53924
53962
54406
54406
54598
54960
55012
55043
55043
55043
55043
55048
55233
55233
55344
55486
55486
55486
55486
55486
55552
55567
55581
55631
56255
56320
56326
56329
56472
56695
56695
56706
56706
56717
56903
57579
58302
58302
58529
58566
58796
58815
