217
455
475
1048
1068
1070
1271
1546
1630
1637
1859
1859
1859
1861
1983
2382
2398
2416
3131
3557
3704
4044
4207
4522
4789
4829
4920
4987
5203
5279
5625
5972
6141
6220
6412
6438
6438
6526
6532
6578
6611
6795
6863
7049
7051
7116
7199
7199
7513
7584
7849
7851
7875
7901
7901
7901
8145
8587
8610
8614
8614
8833
8880
9075
9353
9387
9411
9466
9466
9466
9466
9466
9466
9466
9466
9768
9878
9950
10175
10206
10506
10687
10743
10891
11196
11273
11304
11646
11665
11707
11736
11736
11749
11749
11909
12108
12234
12234
12873
13070
13137
13339
13731
13896
13896
13896
13896
13896
13896
13896
13896
13896
14127
14492
14689
14689
14689
14689
14689
14689
14689
14834
14845
15040
15044
15602
15602
15602
15602
15602
15602
15602
15602
15602
15602
15602
15602
15602
15602
15602
15602
15602
15602
15602
15602
15602
15602
15602
15602
15602
15602
15602
15602
15602
15602
15602
15602
15602
15603
15603
15603
15603
15603
15603
15603
15603
15603
15603
15603
15603
15603
15603
15603
15603
15603
15603
15603
15603
15603
15603
15603
16416
16495
17780
17966
18174
18183
18183
18294
18354
18365
18447
18447
18729
18794
18800
18803
19500
19500
19615
19952
20174
20174
20290
20321
20321
20977
21016
21439
21495
21495
21764
22010
22375
22446
22507
22558
22754
22754
22776
23362
23604
23703
23706
23807
24105
24107
24162
24186
24576
24637
24760
24760
24814
25338
25574
26301
26433
26433
26433
26433
26446
26594
26623
26658
27896
27941
28008
28157
28669
29093
29097
29993
29995
30003
30003
30003
30016
30024
30036
30288
30498
30570
30683
30927
31170
31258
31500
31670
31702
31960
31994
32266
32464
32474
32656
32885
32956
32981
32981
32981
33097
33520
33604
34120
34241
34242
34265
34348
34348
34348
34366
34367
34367
34367
34368
34579
34579
35109
35162
35162
35165
35165
35166
35227
35389
35389
35396
35396
35514
35701
35760
35761
35841
36041
36378
36397
36431
36431
36431
36431
36431
36431
36431
36431
36431
36431
36496
36718
36841
36972
36972
37165
37233
37243
37377
37478
37564
37567
37848
38093
38281
38988
39185
39185
39186
39304
39580
39678
40008
40008
40971
41046
41180
41180
41236
41236
41276
41489
41489
41723
41840
41960
42074
42169
42276
42371
42412
43101
43514
43645
43777
44132
44182
44436
44570
44570
44679
44679
44794
44865
45049
45121
45121
45308
45455
45471
45471
45554
45754
45892
47402
47417
47466
47573
48068
48156
48228
48466
48466
48644
48644
49146
49290
49532
49532
49532
49532
49664
49681
49747
49805
49854
50018
50407
50438
50823
50940
51140
51585
51585
51856
52012
52033
52115
52135
52680
52717
52886
53100
53205
53307
53962
53962
53962
53962
54485
54577
54795
54801
54864
55129
55198
55198
55486
55486
55633
55633
55633
55635
55635
55637
55637
55637
55637
55637
55637
55637
55637
55637
55637
55637
55637
55637
55637
55672
55844
55897
56326
56547
56554
56820
56928
57597
57626
57628
57628
57628
57733
57789
57910
58002
58226
58278
58278
58278
58278
58301
58367
58367
58409
58423
58702
58732
58872
58925
59198
59298
59331
59331
