430
742
1055
1266
1479
1694
1699
2208
2390
2390
2554
2868
3142
3198
3213
3359
3606
3921
3933
4667
4667
5124
5271
5863
7199
7754
7901
7901
7901
7903
8087
8132
8216
8698
8738
8937
9007
9029
9299
9641
9659
9659
9687
9723
9737
10086
10589
10641
10710
10835
11099
11196
11284
11405
11670
11762
11820
12098
12108
12234
12281
12300
12312
12655
13307
13307
13307
13307
13892
14261
14294
14471
14694
14854
15074
15180
15450
15450
15450
15456
15456
15456
15456
15596
15596
15602
15678
15692
15693
15843
16188
16191
16290
16290
16320
16320
16331
16364
16421
16516
16811
17085
17085
17132
17248
17309
17396
17529
17535
17629
18288
18315
18315
18315
18469
18487
18800
19084
19114
19676
20174
20174
20174
20174
20234
20290
20384
20495
20520
20666
20666
20666
20679
20682
21256
21368
21490
21495
21555
21555
21589
21591
21591
21595
21618
21713
21751
22319
22431
22431
22517
22546
23122
23309
23316
23316
23333
23725
23998
24108
24108
24111
24111
24111
24111
24111
24111
24111
24987
25009
25012
25046
25299
25413
25597
25597
26078
26554
26766
27417
27646
27716
27830
28410
28508
29478
29486
29519
29831
29963
30317
30319
30332
30502
31012
31012
31028
31484
31719
31769
31837
32342
32419
32502
32917
32956
33027
33174
33482
33714
33829
33898
33922
34275
34358
34405
34437
34437
34440
34931
35159
35210
35626
35810
35942
36098
36379
36458
36718
37052
37055
37055
37162
37344
37478
37478
37542
37556
37610
37827
37964
37968
37968
38468
38469
38469
38550
38625
38812
39098
39458
39475
39487
39681
40647
40683
41044
41075
41275
41436
41489
41489
41489
41678
42082
42205
42364
42364
42364
42364
42364
42659
42659
42659
42910
42910
42910
43024
43024
43072
43101
43101
43413
43535
43535
43595
43595
43641
43705
43965
43985
44057
44331
44960
45012
45104
45281
45281
45281
45308
45308
45308
45311
45311
45311
45311
45567
45774
45831
45831
46657
46954
47111
47281
47388
47478
47479
47511
47996
48175
48466
48640
49288
49564
49579
50077
50156
50156
50254
50400
50703
50784
51141
51456
51672
51672
51672
51758
52117
52119
52396
52717
52717
52859
52866
53090
53282
53409
53431
53498
53613
53629
54392
54793
55233
55233
55233
55249
55486
55486
55918
56486
56672
56728
56791
56793
56875
56904
57122
57521
57867
58302
58616
58796
58796
58808
59422
59422
