546
1254
1625
1850
1850
2392
2392
3198
4006
4006
4171
7770
7810
9848
10001
10853
10853
11355
11449
12234
12234
12932
13789
14689
14689
14869
15596
15606
15606
15606
15692
15741
15765
15833
16064
16331
18315
18803
19666
19776
20468
22263
23807
24061
24061
24105
24107
24111
24111
24227
25597
25929
28822
28822
30016
31016
32629
32794
33964
35296
35296
35296
35296
35301
35925
36404
36432
37014
37019
37202
38781
39185
39288
39385
39385
39893
41045
41489
41489
41964
42078
42195
42205
42910
42912
42912
42919
43101
43104
43374
44118
44138
44145
44345
44443
44761
45808
46244
47036
48809
51676
51768
54082
54894
55622
56331
56734
56737
57418
57968
58237
58464
58624
