177
273
442
689
1448
1516
1690
1838
1850
1956
2022
2390
2390
2421
2421
2424
2491
3004
3415
3415
3415
3415
3415
4006
4006
4051
4051
4052
4183
4185
4185
4228
4244
4244
4340
4713
4982
4982
4982
5387
5387
5434
5880
6002
6012
6012
6183
6587
6587
6744
6744
6782
6782
6782
6782
6782
6833
6993
6996
7222
7222
7222
7375
7381
7414
7696
7710
7710
7851
7888
7901
7909
8072
8158
8216
8606
8606
8738
8817
8940
9592
9687
9888
9986
11881
11903
11968
12303
12318
12318
12502
12606
12697
12873
13468
13539
13629
13629
13657
13927
13948
14485
14624
14889
15036
15375
15431
15486
15587
15596
15596
15602
15602
15608
15689
15737
16268
16331
16516
16563
16594
16869
17069
17069
17538
17538
17610
17909
17914
17917
17917
17917
17917
17917
17920
17924
17924
17926
18168
18178
18204
18289
18290
18315
18800
18803
18803
18854
18856
19173
19179
19356
19356
19628
19666
19813
19817
19900
20174
20174
20174
20260
20301
20322
20324
20507
20636
20740
20740
20740
20740
20741
20742
20904
20904
21274
21353
21495
21684
21686
21963
22456
22456
22539
22754
22755
23360
23435
23664
23742
24105
24111
24111
24111
24111
24111
24111
24190
24190
24190
24190
24190
24587
24622
24946
24946
25009
25415
25523
25523
25523
25523
25523
25682
25682
25682
25749
25793
25793
25793
26200
26563
26982
27143
27561
27561
27561
27669
27818
28217
28768
29854
30107
30118
30290
30317
30386
30432
30442
31156
31261
31262
31371
31371
31458
31466
31923
32311
32611
32626
32798
32799
32969
33019
33294
33438
33451
33607
34061
34423
34520
34521
34803
34811
34811
35123
35417
35585
35585
35769
35809
35818
35818
35930
36283
36377
36379
36617
36617
36631
36631
36631
36820
37066
37066
37066
37066
37066
37475
37486
37514
37537
37692
37825
38505
38514
38584
38812
38895
38985
38985
38985
38985
39215
39215
39423
39431
39482
39482
39950
40022
40078
40078
40223
40310
40311
40312
40312
40321
40322
40876
40912
40930
40985
40985
40985
40985
40985
41098
41126
41149
41180
41186
41212
41249
41267
41634
42190
42758
42758
42758
42758
42759
42759
42759
42759
42759
42759
42910
42910
42910
42910
42910
42910
42910
42910
42910
42910
42910
42910
43008
43101
43128
43253
43374
43791
43985
43987
43987
44006
44034
44092
44211
44211
44214
44287
44440
44729
45198
45198
45198
45281
45287
45336
45760
45810
45901
45944
46156
47248
47248
47264
47598
48189
48448
48470
48473
48960
48960
48960
48960
48964
48965
48974
49225
49317
49839
49854
50025
50291
50291
50291
50696
50696
51007
51140
51141
51479
51479
51613
51613
51676
51990
51990
52042
52119
52337
52401
52435
52707
52734
52734
52886
53149
53708
53708
53767
53767
53767
53767
53775
53777
54049
54113
54368
54405
54436
54440
54440
54485
54878
54885
55302
55331
55419
55486
56000
56028
56207
56269
56269
56269
56269
56269
56269
56320
56320
56320
56320
56326
56329
56329
56396
56703
56791
56791
56804
56820
56820
56846
56903
56941
56988
57155
57182
57332
57512
57685
57863
57863
57863
58109
58297
58388
58624
58624
58665
58729
58731
58741
