949
1644
1811
1811
1814
1850
2240
2392
2472
2547
3625
3625
4051
4051
4135
4172
4173
4173
4173
4173
4173
4185
4759
5124
5271
5387
5387
5937
6219
6576
6618
6679
6701
6706
6795
6854
7149
7710
7736
7849
7901
7912
8104
8151
9300
9436
9659
9737
10049
10080
10093
10114
10185
10187
10187
10187
10188
10188
10188
10188
10188
10210
10235
10256
10401
10584
11196
11221
11964
12145
12145
12812
12812
13004
13606
13606
13606
13606
13607
13802
14540
14869
14901
15602
15602
15602
15689
15741
15741
16021
16190
16290
16320
16320
16320
16320
16320
16320
16331
16448
16448
16449
16540
16605
16607
16812
17067
18023
18023
18023
18023
18178
18274
18315
18315
18394
18426
18450
18800
18803
18876
19241
19447
19615
19715
19737
19737
19737
19776
19951
20089
20089
20089
20174
20174
20322
20665
20669
20748
21495
21528
21962
21962
22456
22539
22539
22558
22558
22558
22602
22780
23283
23283
23283
23283
23306
23312
23312
23329
23813
23915
24111
24349
24559
24561
25009
25182
25402
25597
25597
25597
25635
26448
27242
27242
27242
27714
28543
28768
28768
28822
29988
29988
29988
29988
30317
30391
30414
30416
30488
30770
31467
31719
31719
31780
32045
32045
32045
32368
32503
32871
32918
32918
32918
32918
33029
33029
33140
33240
33340
33421
33421
33451
33482
33540
33869
34260
34348
34348
34358
34358
34694
34694
34694
34797
34797
34992
35508
35508
37055
37066
37066
37066
37066
37066
37162
37308
37364
37411
37617
37617
37967
38127
38472
39215
39342
39480
40128
40157
40188
40649
41019
41045
41249
41275
41302
41533
41534
41780
42190
42205
42485
42910
43101
43101
43247
43291
43374
43409
43538
43544
43544
43544
43544
43544
43990
44182
44182
44230
44352
44440
44468
44468
44474
44785
44785
44785
44785
44794
44953
44953
45281
45293
45308
45308
45336
45351
45573
45707
45774
45902
46282
46595
46741
47521
47528
47530
47945
48079
48080
48080
48116
48271
48640
48644
48703
49146
49389
49579
50025
50769
50879
51141
51174
51456
51856
51906
52031
52427
52802
52886
52886
52886
52886
52886
52887
52887
52887
53299
53680
53846
54436
54440
54461
54521
54557
54598
55244
55486
55546
55580
55580
55633
55633
55705
56255
56320
56320
56326
56326
56326
56444
56652
56652
56652
56652
56941
56960
57949
58731
58823
58896
58915
