1239
1239
1239
1239
1516
1767
2245
2390
2491
2539
2590
3004
3196
3497
3626
3696
3696
3965
4051
4051
4156
4185
4341
4522
4645
5128
5134
5190
5190
5190
5190
5190
5399
6285
6408
6711
6795
6795
7199
7199
7695
7704
7851
7901
7901
7912
7912
8067
8149
8150
8151
8445
8449
8458
8546
8583
8953
9659
9913
9943
10028
10093
10093
10365
10396
10620
10693
10744
10876
11196
11196
11196
11196
11266
11297
11297
11302
11308
11608
11608
11737
11750
11860
11986
12060
12145
12497
12866
13171
13326
13326
13326
13326
13612
13612
13826
14233
14233
14761
14761
14761
15254
15254
15256
15256
15256
15257
15986
15986
16320
16320
16320
16961
17542
17683
17766
18018
18315
18315
18441
18441
18461
18461
18462
18464
18531
18800
18800
18803
19252
19260
19260
20174
20385
20430
20576
20636
20636
20636
20639
21266
21267
21307
21495
21495
22037
22124
22539
22696
22754
22755
23311
23316
23316
23316
23316
23329
23330
23330
23330
23400
23402
23402
23402
23402
23402
23402
23402
23404
23404
23413
23413
23413
23413
23706
23723
23725
23888
23889
23912
24249
24249
24249
24249
24249
24254
24254
24254
24619
24764
24989
25131
25167
25167
25167
25167
25597
25675
25682
25897
25897
26016
26016
26016
27669
27716
27716
27716
27872
28324
28806
28806
28995
29324
29737
29740
29795
30084
30118
30377
30377
30377
30379
30379
30379
30390
30489
31068
31080
31458
32044
32044
32249
32918
33241
33441
33446
33540
33607
33869
33927
33996
34265
34302
34348
34547
34800
34803
34884
34884
34887
34887
35060
35060
35063
35502
35508
36024
36025
36431
36631
36631
36820
36820
37055
37055
37066
37153
37162
37162
37246
37273
37478
37478
37478
37618
37972
38468
38468
38469
38624
38631
38812
38859
39304
39385
39385
39385
39475
39475
39475
39482
39482
39482
39504
39663
39939
40505
40913
40971
41075
41088
41287
41489
41678
42012
42014
42094
42610
42615
42910
42910
42910
42910
42912
42951
43008
43072
43072
43072
43072
43072
43072
43075
43075
43536
43536
43573
43584
43645
43645
43646
43985
44211
44288
44440
44571
45177
45293
45311
45311
45423
45537
45705
45810
45844
45874
45901
46269
46269
46411
46595
46741
46983
47255
47453
47748
47970
48376
48562
49562
49664
50086
50407
50543
50544
50548
51672
51672
51820
52031
52031
52031
52031
52031
52031
52033
52033
52033
52117
52718
52734
53030
53357
53359
53359
53410
53431
53431
53431
53431
53465
53608
53679
54168
54370
54436
54919
54920
55394
55581
55652
56207
56273
56383
56432
57158
57608
58022
58624
58743
58743
58743
58772
58808
58808
58925
