192
655
718
1054
1479
1850
1881
1881
2046
2069
2934
3004
3004
3338
3338
4051
4170
4171
4340
4340
4789
5122
6252
6795
6795
6795
7695
7896
8771
9255
9730
9737
10224
10283
10397
10572
10878
11196
11312
11686
11686
11686
11686
11686
12217
12655
13013
13013
13013
13826
14012
14773
15254
15388
15602
15602
15690
15986
16017
16312
16320
16331
16418
17564
18199
18274
18315
18440
18800
18800
18800
18800
18803
19435
19628
19628
19628
19940
19951
20261
20261
20261
20424
20424
20424
20431
20539
20636
20636
21377
21495
22558
22558
22558
22568
23283
23286
23329
23705
24111
24111
25008
25929
25929
27184
28313
28510
28526
29275
29907
29907
29907
30118
30377
30379
30414
30502
30502
30502
30502
30899
31121
31396
31396
31459
31782
32065
32065
32258
32500
32698
32917
32969
32969
34048
34048
34223
34547
34992
35135
35494
35776
35776
35776
35776
35776
36022
37066
37066
37162
37537
37537
38468
39504
39682
40008
40008
40008
40008
40531
40619
40619
40619
40985
40985
41045
41075
41088
41088
41088
41223
41489
41645
41647
42651
42912
42951
42951
42951
43024
43062
43062
43101
43292
43409
43430
43493
43574
43971
44173
44552
44598
44693
44980
45720
45766
45808
45901
45946
46783
46926
46926
48640
48712
48872
48960
50543
50543
50543
51672
51672
51675
52059
52059
52059
52079
52383
52395
53004
53409
54406
55581
56255
56269
56326
56327
56329
57950
57950
58089
