64
205
449
1403
1479
1499
1499
1803
1803
1803
1803
1803
1986
2392
2392
2505
2812
3004
4006
4180
4182
4244
4367
4522
5491
6091
6537
6795
6897
6897
7106
7792
7793
7802
8308
8359
8435
8761
9659
9659
9738
10012
10159
10159
10365
11066
11196
11528
11528
12280
13544
13629
13731
13731
13735
13740
13826
13826
14513
14513
14642
15053
15596
15596
15596
15596
15602
15603
15603
15603
15692
15693
15741
16334
16339
17267
17542
17629
17956
18274
18274
18293
18440
18803
18803
18803
19125
19371
19447
19500
19698
19698
19698
19951
20273
20273
20275
20495
20636
20747
20880
20952
21149
21266
22158
22539
22604
22605
22605
22605
22605
22605
22606
22606
22606
22606
22615
22615
22616
22616
22616
22762
22762
22848
22946
23236
23283
23309
23431
23703
23807
24039
24064
24107
24184
24538
24601
25012
25303
25414
25597
25675
25710
25929
26078
26810
27453
28751
29306
29740
29884
30416
30489
31016
31040
31459
31770
31837
32029
32461
32626
32917
33063
33815
34110
34182
34348
34348
34547
34654
34828
34828
34855
34884
34992
35445
35508
35616
35644
35839
36022
36432
36432
36469
36496
36718
37243
37271
37271
37271
37271
37271
37390
37417
37447
37478
38317
38460
38460
38460
38469
38469
38624
38701
39385
39385
39480
39482
39487
39927
39934
40322
41045
41046
41046
41182
41194
41443
41675
42128
42276
42910
42910
42910
42912
42912
42926
42926
43064
43101
43101
43101
43101
43101
43101
43322
43357
43385
43467
43985
43987
44132
44211
44289
44413
44447
44570
44714
44785
44901
44972
44973
45281
45753
45760
45760
45760
45760
45831
45831
45895
46209
46252
46269
46283
46853
47326
47387
47412
47455
47598
47653
47945
48640
48644
49290
49381
49389
49389
49431
50254
51509
51584
51676
51906
51960
51960
51997
52059
52336
52404
52862
52885
52886
53224
53303
53431
54082
54440
54577
54960
55344
55580
56107
56208
56320
56326
56327
56331
56560
56666
56701
56992
57259
57259
57356
57612
57752
57780
58033
58033
58091
58092
58174
58226
58302
58573
58711
58925
59235
