103
192
284
360
475
672
689
917
917
919
921
1055
1479
1677
1728
1850
1850
2050
2050
2382
2390
2491
2491
3162
3268
3338
3339
3684
3772
3772
3772
3831
3990
4006
4006
4006
4051
4051
4051
4072
4238
4340
4340
4508
4509
4509
4858
5494
5937
5937
6432
6512
6628
6706
7044
7106
7228
7228
7228
7228
7710
7755
7770
7793
7903
8013
8103
8132
8136
8260
8527
8738
8837
8946
8946
9029
9029
9035
9035
9459
9659
9659
9694
9737
9737
9767
9792
10086
10086
10429
10477
10743
10747
11020
11165
11196
11196
11196
11245
11503
11503
11665
11913
11929
11970
12255
12499
13629
13629
13657
13740
13890
14081
14105
14249
14509
14684
14893
15020
15078
15163
15164
15352
15402
15608
15608
15608
15658
15692
15900
16510
16510
16510
16529
16796
16816
16869
17085
17392
17781
17781
17984
18178
18218
18315
18315
19173
19173
19203
19447
19447
19500
19500
19715
19715
19915
19948
19951
20256
20256
20256
20256
20256
20264
20264
20268
20268
20268
20312
20454
20548
20636
20731
21266
21357
21385
21826
22408
22558
22903
23086
23086
23222
23238
23283
23440
23664
23664
23740
23834
23942
24111
24184
24869
24910
25597
25597
25597
25597
25635
25675
25757
26427
26433
26705
27096
27152
27971
28111
28112
28157
28750
28856
29115
29139
29736
30118
30414
30414
30414
30488
30488
30494
30498
30940
31762
31782
31917
32114
32114
32220
32296
32611
32611
32626
33089
33221
33265
33459
33485
34048
34220
34220
34224
34256
34258
34260
34322
34322
34322
34322
34322
34322
34322
34322
34348
34348
34348
34348
34348
34348
34348
34483
34538
34614
34684
34847
34992
35227
35284
35534
35589
36022
36617
36710
36820
37066
37066
37162
37246
37308
37475
37475
37475
37704
37767
38518
38640
38812
38812
38812
38895
38897
39181
39186
39215
39354
39385
39556
39556
39556
39556
39557
39580
39663
39663
39677
39908
40140
40145
40187
40912
40912
40985
41019
41044
41098
41098
41098
41192
41192
41226
41261
41285
41315
41315
41489
41489
41489
41876
42165
42165
42205
42241
42412
42610
42630
42895
42910
42910
42910
42910
42910
42910
42919
43299
43567
43567
43645
43645
43799
43850
43987
43987
44008
44132
44349
44352
44373
44477
44480
44487
44552
44568
44620
44620
44620
44725
44731
44785
44827
44983
45372
45490
45612
45844
45874
46005
46269
46515
46591
46820
46946
47248
47255
47328
47551
47594
47598
47801
47857
48119
48205
48205
48221
48221
48228
48257
48474
48509
48703
48710
48873
48891
49273
49317
50024
50024
50128
50604
51740
51743
51743
51743
51743
51743
51743
51743
51743
51743
51819
51924
51996
52059
52059
52376
52598
52734
53028
53056
53256
54406
54436
54436
54521
54522
54554
54598
54721
55001
55043
55043
55302
55430
55523
55552
55705
55705
55705
55706
55796
55796
56083
56255
56320
56326
56326
56554
56599
56599
56599
56727
56727
56791
56791
57332
57579
57641
58278
58307
58822
58823
58823
59424
59424
