65
70
591
689
742
743
1055
1181
1268
1448
1479
1515
1517
1761
1763
1850
1850
2070
2208
2427
2431
2491
2548
2554
2868
3004
3213
3281
3806
4021
4340
4522
4522
4633
4667
4669
4669
4669
4669
4775
4775
4775
4775
4789
4957
4957
4957
4957
4957
4957
4957
4957
6376
6376
6406
6619
7203
7381
7754
7846
8132
8150
8488
8610
8881
9007
9029
9635
9635
9687
9711
9711
9774
9869
10012
10086
10159
10365
10546
10673
10710
10915
11284
11647
12234
12635
12749
12749
13052
13888
13974
14036
14294
14380
14454
14624
14864
15113
15565
15565
15596
15596
15596
15689
15690
15693
15741
16121
16193
16302
16320
16334
16516
16538
16970
17257
17561
18007
18198
18288
18410
18586
18586
18586
18586
18586
18586
18800
18800
18800
18803
19084
19114
19200
19203
19448
19500
19500
19678
19737
19749
20174
20174
20535
20666
20666
21176
21214
21318
21352
21495
21555
21555
21591
21593
21751
21762
21855
22130
22158
22409
22409
22490
22514
22558
22757
22851
23122
23283
23283
23435
23757
23766
23766
23925
24105
24107
24108
24111
24135
24135
24396
25014
25597
25609
25609
26016
26016
26046
26362
26362
26423
26774
26776
26776
27669
27921
27952
28421
28508
28740
29328
30118
30118
30317
30332
30414
30416
30416
30899
31028
31163
31258
31262
31325
31464
31546
32258
32258
32258
32258
32337
32956
32983
32993
33438
33781
33876
33876
33980
34040
34126
34127
34220
34547
35093
35144
35144
35547
35616
35617
35626
35626
35626
35749
35749
35749
35749
35749
35749
36379
36479
36718
36718
37055
37243
37426
37442
37475
37475
37478
37486
37556
37557
37629
37964
38668
38668
38669
38669
38669
39475
39475
39475
39480
39482
39482
39482
39487
39843
40231
40530
41180
41427
41489
41943
42052
42081
42082
42082
42127
42910
42910
42910
42910
42919
43004
43007
43009
43024
43024
43024
43101
43291
43484
43485
43487
43595
43612
43634
43641
43728
44057
44057
44058
44063
44182
44211
44274
44503
44511
44572
44729
44729
44911
45573
45573
45573
45658
45774
45947
46123
46234
46655
46657
46739
47111
47281
47388
47547
47996
48175
48245
48402
48466
48771
48960
49246
49251
49664
49673
50400
50703
50784
51015
51015
51424
51479
51479
51480
51707
51798
51906
51960
52033
52059
52396
52397
52397
52447
52717
53359
53359
53575
53575
53589
54960
55043
55233
55233
55233
55233
55233
55233
55233
55233
55233
55233
55233
55244
55486
55580
55631
56118
56121
56129
56327
56695
56791
58269
58355
58732
58997
59422
59422
