325
682
684
684
743
1181
1181
1479
1658
1658
1767
2184
2201
2201
2847
2847
3004
3359
3359
3359
3359
3359
3359
3361
3568
3776
3920
3931
3965
4006
4006
4006
4051
4051
4120
4120
4180
4865
4982
5272
5387
5387
5516
5828
6252
6795
6795
6795
6795
6795
7112
7116
7217
7381
7661
7661
7846
8150
8365
8546
8546
8683
8837
8837
8837
8837
9176
9466
9481
9482
9659
9986
10034
10042
10146
10225
10330
10469
10602
10710
10732
11297
11391
11395
11608
12064
12692
12722
13053
13459
13540
13544
13731
13975
14012
14197
14357
14492
14492
14624
14642
15435
15435
15608
15734
15892
15986
16145
16213
16354
16392
16392
16393
16396
16416
16588
16588
16588
16588
16597
16895
16957
16961
17064
17176
17662
17780
17780
17780
17780
18178
18180
18205
18274
18290
18290
18290
18291
18291
18291
18291
18293
18315
18453
18803
18803
18901
19112
19116
19195
19195
19195
19200
19681
19977
19977
20290
20385
20385
21214
21401
21422
21422
21422
21495
21495
21591
21962
21962
22072
22110
22110
22183
22300
22428
22428
22428
22428
22428
22428
22428
22456
22539
22558
22558
22586
22697
22754
22754
23121
23222
23731
23870
23903
24055
24105
24107
24111
24406
24561
24737
24776
24947
25684
27072
27437
27439
27669
28246
28312
28996
28998
29026
29027
29854
30100
30118
30317
30414
30473
30920
31167
31448
31448
31653
31690
31716
31716
32180
32269
32321
32402
32656
33140
33155
33369
33449
33829
33829
33898
33898
33898
33898
33898
34048
34048
34308
34358
34435
34822
35042
35192
35658
35950
36022
36022
36231
36432
36494
36716
36820
37257
37271
37382
37382
37478
37972
38469
38624
38624
39185
39186
39186
39392
39392
39392
39392
39392
39392
39464
39600
39600
39600
39674
40274
40505
40645
41045
41180
41186
41881
41955
41964
41964
42610
42910
42910
42910
42910
42910
42910
42910
42910
42910
42912
43004
43024
43299
43312
43312
43357
43366
43538
43592
43592
43712
43805
43940
43985
43985
44013
44092
44092
44132
44153
44416
44417
44458
44458
44538
44564
44712
44739
44748
44953
44972
45096
45336
45490
45573
45760
45808
45810
45890
45891
46233
46269
46282
46557
46853
46905
46905
46905
46905
46905
46905
46905
47286
47362
47387
47636
48094
48155
48376
48830
48871
48871
48873
48873
48874
48960
49381
50254
51295
51295
51295
51297
51456
51690
51690
51690
51692
51743
51801
51821
52160
52517
52616
52642
52779
52862
52886
53074
53224
53608
53613
53613
54082
54296
54432
54436
54440
54554
54598
54753
55315
55315
55315
55315
55316
55318
55486
55581
55637
55678
55985
56028
56255
56320
56327
56469
56469
56554
56695
56707
56727
56791
57450
57450
57507
57592
57638
58278
58380
58536
58573
58731
58731
58872
