192
217
684
688
956
963
1281
1281
1297
1523
1814
1988
2390
2423
2433
2491
2491
2556
2815
2815
2824
2826
2846
2998
3271
3557
3557
3557
3557
3920
3983
4031
4051
4051
4051
4051
4051
4121
4171
4180
4180
4244
4982
4991
5091
5132
5271
5328
5627
5863
5880
5880
6231
6412
6991
6991
6991
7071
7381
7445
7541
7735
7770
7849
7901
7901
7901
7901
7912
8072
8352
8581
8583
8614
8614
8614
8780
8833
8834
9057
9460
9460
9482
9542
9623
9659
9673
9687
9736
10257
10257
10540
10556
10556
10556
10556
10556
10556
10673
10921
10921
10921
10948
11196
11871
12281
12655
12910
13120
13215
13229
13230
13233
13322
13517
13612
13826
13926
13975
14624
14816
15090
15596
15596
15596
15596
15699
15741
16057
16145
16146
16331
16331
16331
16354
16486
17267
17422
17529
17779
18178
18274
18293
18406
18665
18800
18800
18803
18876
18952
19081
19250
19383
19452
19452
19500
20174
20272
20290
20428
20441
20490
20490
20585
20636
20722
20765
21131
21608
21631
21800
21918
22127
22409
22409
22409
22539
22558
22558
22561
22565
22568
22616
22616
22754
22754
22754
22755
22762
22864
22927
22946
22946
22946
22946
22946
22946
22946
22947
22965
23064
23308
23317
23887
23914
24111
24111
24231
24302
24764
24987
24989
25012
25100
25597
25597
25597
25597
25682
25820
25820
25820
25820
25820
25820
25820
25820
25820
25820
25929
25937
26428
26554
26836
27067
27259
28484
29194
29242
29328
29854
29984
30024
30065
30118
30321
30331
30338
30416
30493
30502
30502
31228
31457
31458
31458
31458
31464
31489
31489
31489
31546
31551
32367
32367
32367
32656
32844
32918
32918
33451
33451
33451
34048
34048
34267
34348
34348
34348
34373
34423
35023
35060
35135
35153
35453
35453
35512
35778
35778
35778
36024
36269
36718
36718
36727
36820
36820
36972
37060
37066
37348
37348
37348
37351
37353
37355
37359
37537
37972
37972
37972
37972
38067
38469
38469
38497
38822
38988
39222
39475
39487
39504
39609
39662
40325
40545
40971
40985
40985
41098
41126
41166
41192
41207
41489
41733
42072
42078
42174
42205
42205
42263
42412
42608
42673
42675
42675
42767
42910
42910
42910
42910
42910
42912
42912
43072
43072
43072
43080
43101
43308
43536
43595
43645
43932
43985
43987
44003
44013
44092
44288
44288
44564
44785
44959
44973
45293
45567
45567
45567
45567
45641
45648
45705
45710
45710
45760
45808
45808
45810
45831
45881
45881
46562
46709
46711
46754
46823
46954
47008
47458
47771
47771
48150
48445
48472
48872
49246
49256
49754
49861
49949
50351
50544
50567
50696
50696
50747
50747
50813
51200
51241
51241
51456
51675
51777
51808
51808
51858
51858
52033
52117
52119
52120
52121
52172
52172
52383
52404
52435
52886
52886
52886
53216
53216
53785
54197
54197
54281
54374
54623
55003
55153
55218
55387
55390
55420
55580
55606
56320
56326
56326
56326
56327
56331
56331
56436
56695
56726
56732
56774
56791
56903
57061
57348
57710
57923
58181
58181
58181
58181
58243
58273
58464
58464
58464
58464
58464
58464
58464
58464
58464
58785
58848
58872
58872
59288
59324
59384
