22
22
23
26
26
26
26
26
26
26
27
27
27
915
963
1055
1485
1485
1568
1606
1636
1648
1672
1704
1760
1760
1843
2052
2189
2240
2240
2240
2240
2240
2240
2240
2240
2241
2241
2241
2491
2663
2784
2784
2821
3051
3146
3146
3146
3146
3146
3146
3146
3146
3146
3171
3296
3374
4044
4051
4051
4075
4334
4334
4334
4334
4334
4334
4334
4335
4597
5058
5058
5058
5058
5058
5114
5227
5407
5541
5813
6321
6321
6321
6321
6321
6342
6342
6342
6458
6631
6631
6631
6671
6956
6960
6977
7044
7045
7045
7299
7321
7323
7380
7381
7888
7901
7901
7940
7945
8158
8308
8308
8468
8468
8468
8606
8669
8832
8837
9015
9634
9672
9765
9765
10010
10145
10290
10299
10299
10673
10673
10673
10681
10915
11196
11196
11436
11592
11902
11902
12264
12497
12895
13134
13134
13190
13369
13487
13646
13735
14413
14689
14889
15241
15246
15247
15596
15602
15689
15721
15897
16145
16268
16420
16757
17412
17538
17538
17562
18017
18091
18254
18254
18601
18665
18665
18860
18934
18961
18961
19177
19375
19613
19707
19762
20277
21131
21206
21589
21589
21591
21947
22250
22733
22831
22831
22831
23019
23019
23210
23351
23475
23561
23738
23870
24111
24111
24111
24111
24111
24111
24111
24111
24111
24111
24111
24111
24111
24111
24111
24111
24111
24111
24111
24111
24111
24141
24184
24346
24396
24396
24568
24869
24869
24941
24941
24942
25303
25392
25604
25675
25929
25979
26115
26120
26148
26757
26771
26771
27018
27055
27055
27329
27329
27330
27330
27824
27824
28822
28822
28940
29209
29243
29357
29530
29754
29754
29897
30016
30025
30293
30331
30366
30384
30475
30514
31158
31481
31780
31859
31994
32127
32127
32170
32410
32456
32474
32806
33253
33253
33261
33340
33442
33539
33539
34453
34474
34483
34508
34508
34686
34720
34776
34821
34832
34832
34832
34832
34832
34832
34832
34832
34856
35063
35093
35093
35153
35183
35296
35454
35638
35756
35867
35869
35939
36019
36085
36089
36111
36206
36277
36431
36431
36431
36637
36808
36863
36863
36863
36865
36865
36865
36865
36895
37023
37023
37024
37027
37162
37789
37789
38281
38284
38468
38468
38469
38988
39010
39142
39672
39682
40406
40634
40672
40805
40829
40985
40985
41039
41039
41075
41136
41136
41207
41393
41419
41528
41528
41528
41528
41750
42016
42071
42292
42412
42463
42610
42967
43101
43104
43104
43104
43310
43310
43310
43488
43595
43723
43723
43723
44178
44182
44185
44192
44192
44196
44203
44287
44287
44411
44450
44503
44555
44663
44663
44663
44664
44664
45085
45141
45293
45299
46023
46047
46047
46178
46505
46505
46535
48644
48644
48772
48772
49550
49553
49633
49712
49807
49898
50057
50172
50176
50623
50669
50727
50727
51216
51241
51289
51453
51453
51455
51957
52042
52394
52459
52700
52734
52866
53164
54329
54403
54517
54741
54917
54917
54917
54917
54917
54919
54919
55260
55486
55818
55842
55844
55844
55844
56449
56652
56670
56801
56820
56932
57087
57155
57404
57741
57867
58225
58226
58249
58330
58362
58383
58388
58388
58912
59365
