1055
1181
1850
2392
2392
2392
2687
2992
3684
4006
4051
4244
4301
4367
4367
4388
4982
5387
5387
5387
5387
6991
7013
7044
7851
7901
7901
7901
7901
7909
7909
7909
7909
7966
8059
8111
8493
8552
8738
8817
9300
9659
9659
9687
10145
10211
10228
10492
10642
10643
10651
10651
10662
11056
11950
12497
12497
13093
13120
13120
13154
13731
13826
13826
14036
14068
14532
14761
14864
15065
15241
15596
15596
15603
15693
16318
16331
16516
16603
16741
16978
17069
17267
17268
17327
17327
17327
17327
17429
17538
17538
17629
17629
17953
17953
17953
17953
18017
18115
18274
18274
18315
18520
18800
19447
19500
19615
19946
20085
20174
20174
20189
20210
20469
20739
21687
21962
22154
22164
22411
22558
22558
22558
22558
22558
22558
22568
22568
22755
22946
23664
23664
23664
23664
24111
24111
24111
24111
24111
24111
24111
24270
24555
24764
25019
25682
25753
26400
26691
26826
26827
27050
27074
27074
27923
28225
28492
28763
29068
29356
29831
29912
30003
30020
30274
30317
30414
31028
31121
31121
31679
32015
32321
32635
32647
33260
33387
33387
33421
33591
33783
33789
33848
33848
33881
34016
34176
34241
34267
34423
34794
34963
35043
35043
35455
35741
35741
35741
35741
35741
36022
36198
36269
36269
36284
36837
36844
36922
36972
36972
37475
37475
37475
37475
37537
37610
37867
37964
38093
38471
38812
38812
39186
39385
39385
39458
39482
40246
40822
40853
41186
41239
41249
41254
41262
41262
41262
41263
41263
41396
41642
41642
41642
41642
41642
41642
41772
41772
42078
42207
42263
42289
42347
42350
42621
42709
42910
42910
42910
42910
42910
42910
42910
42910
43101
43101
43101
43101
43104
43595
43595
43645
43985
43987
44192
44416
44642
44693
44753
44753
44836
44893
44960
45545
45567
45641
45800
46023
46163
46247
46604
46604
46694
46694
46722
46926
47036
47281
47481
47852
47994
48110
48114
48257
48475
48523
48704
48704
48704
48873
49579
49747
49839
50225
51289
51289
51421
51507
51509
51672
51672
51821
51856
51856
51856
51856
51906
52059
52336
52436
52488
52621
52870
52875
52875
52875
52886
52886
52886
52887
52910
52910
53072
53221
53410
53431
53605
54419
54440
54440
54639
54977
55163
55419
55426
55691
55756
56269
56269
56326
56437
56791
56941
57149
57867
57982
58428
58463
58463
58463
58463
58463
58464
58464
58465
58465
58466
58731
59229
