571
718
949
963
1055
1850
1850
1850
1850
2108
2108
2812
2934
3167
3167
3296
3738
3920
3920
3933
3964
4020
4021
4051
4168
4185
4244
4337
4337
4567
4631
4982
4982
5074
5387
5387
5741
5741
6422
6955
6955
6955
6955
6991
6993
7199
7199
7217
7381
7541
7541
7541
7698
7698
7710
7846
7852
7901
7901
7901
7901
7901
7901
7901
7912
7912
7912
8045
8132
8308
8425
9029
9299
9576
9659
9659
9659
9659
9672
9689
9698
9737
9737
9832
9970
10093
10093
10159
10171
10296
10296
10711
11174
11174
11196
11196
11641
12060
12188
12697
13468
13574
13612
13731
13969
13974
14624
14730
14773
14773
14862
14869
15024
15040
15078
15178
15312
15485
15596
15596
15690
16056
16268
16331
16331
16331
16331
16398
16486
16965
17003
17333
17438
17529
17629
17683
17693
17754
17779
17924
17930
18168
18315
18656
18665
18800
18800
18800
18800
18842
18861
19261
19466
19613
19615
19622
19666
19766
19772
19993
19994
19999
20034
20174
20174
20290
20290
20535
20636
20636
20669
20709
20914
21339
21385
21495
21875
21962
22249
22537
22539
22539
22539
22546
22548
22558
22558
22558
22558
22568
22654
22696
23174
23348
23574
23703
23725
23819
23912
23925
24002
24458
24790
25675
26202
26685
26685
26832
26874
26914
27243
27421
27426
27439
27439
27556
27677
27677
27677
27677
27677
27677
27677
27883
27936
28820
28820
28820
28820
28869
28964
28972
29279
29351
29854
30016
30016
30016
30016
30016
30016
30016
30016
30016
30100
30100
30136
30321
30337
30341
30491
30502
30502
31679
31719
31729
31934
32065
32114
32127
32127
32530
32797
33451
33714
33906
34241
34263
34405
34405
34508
34558
34562
34803
34925
34992
35123
35144
35444
35616
35899
35988
36277
36404
36404
36451
36490
36492
36538
37027
37066
37204
37246
37257
37257
37475
37478
37521
37616
37894
38300
38325
38420
38426
38579
38584
38591
38746
38812
38822
39288
39475
39580
39726
40913
41044
41046
41046
41064
41082
41088
41088
41088
41088
41088
41262
41275
41489
41678
42010
42014
42014
42190
42190
42190
42190
42190
42210
42574
42610
42910
42910
42910
42910
42910
42912
43015
43024
43077
43077
43080
43080
43101
43101
43101
43101
43104
43252
43535
43535
43535
43592
43669
43917
44092
44133
44146
44192
44211
44287
44349
44447
44555
44598
44600
44714
45164
45259
45350
45360
45489
45490
45567
45634
45641
45680
45808
45808
45808
45808
45808
45808
45810
45810
45810
45810
45874
45890
45987
46090
46104
46243
46646
47486
47546
47570
48257
48273
48445
48529
48590
48592
48637
48644
48644
48644
48678
48685
48704
48709
48887
48898
48965
49110
49121
49174
49349
49372
49579
49579
49890
50407
50548
50639
51129
51454
51921
51964
52118
52355
52548
52593
52734
52734
52967
53103
53598
54406
54440
54733
54934
55134
55134
55302
55426
55556
55556
55562
55564
55564
55580
55590
55807
55807
56295
56320
56320
56320
56326
56326
56326
56331
56331
56496
56695
56695
56695
56818
56818
56992
57333
57510
57511
57592
57801
57867
57867
57969
58028
58181
58278
58278
58463
58731
58731
58741
58741
58741
58823
58849
