192
192
570
647
680
1129
1479
1479
1479
1517
1612
1644
1725
1782
2108
2361
2812
3004
3004
3338
3338
3497
3696
3793
3800
4051
4051
4051
4051
4051
4170
4170
4182
4244
4244
4244
4340
4340
4693
4693
4978
5387
5387
5595
5672
5741
5828
5994
6004
7428
7430
7445
7445
7591
7802
7901
7901
7901
7909
7912
8067
8067
8132
8132
8132
8159
8425
8566
8614
8614
8661
8992
9029
9255
9782
9782
10080
10080
10299
10301
10572
10655
10752
10767
10878
10881
10971
11196
11196
11196
11196
11196
11196
11196
11196
11385
11623
11623
11737
11737
11831
12217
12497
12910
12910
13657
13921
14013
14032
14036
14069
14773
14854
14864
14864
14869
15128
15236
15241
15602
15602
15602
15678
15721
15893
15986
16057
16074
16145
16268
16331
16364
16364
16364
16576
17007
17629
17629
18178
18290
18315
18343
18658
18800
18800
18800
18800
18803
18897
19014
19500
19766
19776
20722
21188
21266
21495
21772
21895
21929
21929
21944
22409
22542
22558
22558
22966
23348
23705
23723
23819
23819
23819
23819
23819
24064
24105
24105
24105
24111
24794
24869
24869
24987
25299
25408
25597
25597
25597
25599
25675
26248
26446
26902
26992
27425
27817
27817
27841
27943
28220
28526
28820
28822
28964
28964
29017
29182
29237
29275
29315
29963
29967
29987
30016
30016
30016
30016
30118
30118
30118
30170
30317
30317
30317
30332
30377
30404
30502
30502
30502
31515
31515
31562
31782
31979
32044
32170
32368
33174
33183
33183
33183
33183
33183
33243
33367
33483
33927
33927
34048
34048
34048
34110
34176
34297
34348
34437
34508
34508
34508
34508
34508
34547
34547
34623
34768
34794
35123
35144
35449
35452
35453
35454
35461
35616
35644
35644
35810
36025
36025
36025
36025
36097
36277
36404
36404
36404
36404
36404
36404
36404
36404
36404
36404
36404
36404
36406
36459
36631
36631
36820
37027
37027
37153
37162
37162
37162
37353
37478
37894
37894
37950
37950
37950
37950
38469
38469
38550
38746
38822
39482
39843
39892
40181
40184
40672
40913
40971
40985
40985
41046
41136
41136
41263
41645
41678
41890
41890
41890
41951
42010
42014
42061
42072
42074
42074
42078
42347
42479
42610
42610
42616
42857
42910
42919
43064
43072
43072
43072
43073
43079
43079
43080
43080
43101
43101
43104
43104
43288
43584
43645
43799
43903
43930
44006
44138
44280
44338
44440
44552
44555
44555
44598
44598
44946
45049
45049
45067
45067
45084
45160
45188
45194
45281
45336
45535
45573
45675
45808
45808
45808
45810
45902
46018
46337
46561
46562
46604
46650
46917
47035
47281
47411
47411
48123
48273
48562
48644
48644
48644
48676
48685
48710
48710
48821
48960
49174
49354
50086
50548
50604
50696
50929
51233
51454
51584
51741
51906
51906
51906
51906
52031
52117
52121
52224
52341
52341
52341
52341
52457
52859
52870
52967
53054
53220
53221
53221
53431
53589
54296
54525
54919
54919
54919
54920
55147
55455
55562
55562
55590
55772
56320
56326
56326
56326
56327
56695
56818
56903
57063
57122
57149
57149
57149
57149
57346
57592
57671
57969
58171
58242
58269
58278
58464
58464
58464
58464
58666
58735
