392
409
409
409
409
684
1055
1055
1055
1055
1055
1055
1055
1055
1767
1850
3983
3983
4051
4051
4051
4789
5272
7541
7851
7851
7901
7901
7901
7901
7901
7901
7955
7955
8132
8132
8132
8132
8132
9255
9255
9255
9255
9353
9723
9765
10049
10150
10882
10915
10915
11159
12145
12145
12497
12502
12808
13550
13612
14492
15116
15603
15603
15692
16396
16396
16399
16490
16966
16966
17327
18274
18274
18520
18629
18656
18656
18656
18656
18656
18656
18656
18656
18800
18803
19044
19044
19044
19200
19200
19203
19661
20031
20174
20377
20384
20636
20636
20665
20665
20665
20666
21256
21267
21352
21356
21357
21367
21367
21516
21581
21581
21589
21589
21589
21589
21589
21589
21589
21591
21591
21591
21591
21591
21595
21736
22038
22432
22539
22558
22568
22754
22754
22754
23664
23813
23875
23875
25494
25494
25635
26380
26380
26385
26446
26766
27071
28223
29275
29421
30473
30473
30475
30928
31531
32073
32220
32468
32988
33108
33209
33421
33437
33443
33459
33806
33922
34083
34085
34220
34267
34360
34694
34821
34821
35617
35617
36022
36022
36431
36432
36432
36710
36764
37421
37537
37968
38516
38624
39344
39350
39354
39354
40505
40913
40913
41207
41221
41489
41960
42082
42169
42205
42205
42276
42468
42694
42910
42910
42910
42912
42929
43355
43535
43645
43647
44414
44785
44827
44946
44946
44953
44953
44953
44960
44969
44978
45753
45808
45902
46269
46269
46321
46853
47294
48123
48123
48123
48342
48567
49317
49386
51297
52097
52422
52650
52717
52918
52918
54129
54738
54793
54987
55581
56362
56695
56707
56791
57332
57498
57628
57628
57733
57944
58278
58731
58934
59384
