680
1479
1666
3295
7199
7901
8127
9671
13997
14315
14863
15689
17924
19537
20641
20674
24031
24330
24524
26510
26663
26687
26687
26687
27439
28659
29907
29970
30317
30321
30559
30794
31996
32888
34176
35123
35144
37203
37203
37203
37204
37204
37204
37486
37514
37825
37838
39438
39862
40862
40971
41186
41186
42190
42910
42910
43595
45490
45567
45605
45605
45605
45808
45808
47111
47111
48472
49431
51426
51426
51430
51430
51430
51430
51430
51430
51856
53426
53608
54329
55486
56028
56886
58278
58659
58659
58659
58662
58745
