449
471
689
689
1266
1546
1565
1846
1859
1864
1909
2201
2390
2390
2392
2392
2394
2416
2422
2448
2670
2752
2752
2752
2752
2752
2752
2759
4006
4006
4072
4185
4231
4280
4797
5937
6391
6392
6563
6618
6618
6618
6618
6619
6681
7199
7228
7236
7516
7519
7635
7635
7661
7737
7901
7901
8001
8122
8132
8146
8435
8457
8610
8849
8849
8881
8910
8992
8997
8997
8997
9007
9029
9029
9317
9460
9923
9924
9986
10080
10164
11191
11495
11496
11608
11831
12776
12930
13070
13134
13208
13326
13349
13467
13649
13657
13731
13990
14492
14653
14834
14877
14889
15450
15602
15602
15602
15602
15602
15602
15602
15602
15602
15602
15602
15602
15602
15602
15602
15602
15603
15603
15603
15603
15603
15603
15603
15603
15603
15603
15603
15608
15608
15741
16001
16320
16320
16320
16331
16339
16356
16416
16904
17469
17542
17550
18174
18178
18178
18178
18254
18274
18293
18293
18340
18485
18558
18656
18671
18734
18771
18794
18800
18800
18803
18843
19081
19149
19173
19173
19173
19173
19173
19200
19200
19715
19948
20174
20174
20256
20256
20262
20322
20666
20739
21016
21075
21495
21764
21970
22558
22776
23239
23239
23401
23401
23404
23404
23411
23411
23411
23439
23508
23740
23740
23942
24105
24107
24111
24111
24111
24274
24639
24677
24760
24815
24841
25012
25037
25167
25309
25553
25704
26078
26078
26078
26090
26435
26435
26435
26438
26440
26457
26457
26457
26539
26996
27058
27070
27211
27211
27588
27650
27650
28157
28157
28341
28543
28921
29493
29494
29495
29831
29831
30014
30024
30425
30491
30656
31016
31441
31552
31859
31994
32074
32258
32262
32543
32619
32656
32674
32885
32917
32917
33038
33253
33253
33369
33369
33369
33369
33369
33607
33679
33742
33815
33874
34113
34322
34348
34368
34694
34694
34694
34694
34694
34694
34694
34694
34694
34694
34694
34694
34694
34694
34694
34694
34694
34694
34875
35128
35128
35128
35728
35737
35814
36022
36061
36061
36130
36814
36820
36842
36842
36854
37055
37055
37055
37103
37233
37390
37514
37537
37656
37765
37972
38184
38468
38469
38513
38812
38812
38976
38985
39185
39304
39304
39304
39385
39475
40286
40317
40383
40383
40743
40985
41046
41046
41212
41419
41442
41890
41949
42162
42162
42165
42190
42276
42276
42276
42524
42557
42610
42829
42910
42910
42910
42910
42910
43134
43163
43330
43490
43592
43595
43785
43985
43987
44013
44132
44182
44182
44182
44182
44182
44182
44185
44185
44185
44413
44503
44785
44785
44973
45281
45293
45293
45304
45308
45360
45847
45847
45870
45982
46741
47973
48221
48229
48242
48551
48703
48873
49063
49386
49481
49532
49532
49532
49532
49562
49729
50031
50335
50392
50604
50764
51421
51444
51456
51480
51672
51906
51906
52031
52394
52560
52859
52862
52866
52871
52871
52886
52886
53028
53028
53028
53208
53579
53926
54129
54554
54801
55486
55486
55605
55633
55633
55633
55633
55844
56003
56270
56486
56554
56599
56599
56599
56640
56651
56820
57073
57132
57186
57496
57597
57608
57628
57628
57700
57944
57967
58006
58006
58059
58109
58129
58564
58943
59259
59333
