1124
1166
1479
1850
2424
2695
5320
5456
5648
7199
7439
7695
7695
7788
7851
7851
7966
8308
8316
8460
8859
8937
9673
9709
10668
10669
10673
11053
11196
11838
12234
12234
14377
14649
15010
15017
15596
18018
18199
18284
18800
18803
19200
19200
19500
19792
20237
20535
20572
20636
20636
22558
23725
23819
23819
25597
25597
25675
26368
26716
27439
28324
30124
30317
30338
30341
31258
32045
32606
32917
32918
33329
33329
33329
33329
33451
34508
34508
35452
35452
35460
35885
35918
35936
36432
36903
37060
37162
39186
39385
41489
41489
42400
42471
42610
42610
42912
42912
43080
43101
43104
43544
43985
44178
44351
44946
45083
45083
45490
45516
45808
45808
45808
45874
46340
46819
47417
48874
48943
49186
49541
49541
50025
50200
51219
51672
51936
52341
55747
56326
56732
56877
56903
57707
58464
58471
58732
