682
698
1479
1479
1767
1826
1850
1850
2240
2240
2359
2491
2491
2794
3479
3479
3625
3775
3920
4051
4051
4170
4171
5134
5134
6618
6628
6725
6853
6991
7199
7199
7696
7696
7770
7770
7901
8457
8725
8726
8818
9176
9633
9633
9659
10680
10680
10680
10766
10790
10790
10960
10960
10960
10964
11057
11466
11941
12142
12384
12497
12497
12497
12497
12497
12497
12497
12497
12497
12497
12501
12501
12502
12910
13070
13070
13070
13369
13731
13916
13916
14252
15024
15333
15375
15386
15451
15451
15456
15456
15565
15689
16014
16320
16320
16331
16331
16347
16918
16956
16965
17564
17564
17564
17564
17779
17779
17779
17779
18168
18178
18285
18288
18315
18473
18803
19500
19697
19833
20572
20636
20974
21016
21016
21016
21016
21495
21608
21608
21608
21608
21608
22158
22250
22409
22539
22539
22539
22546
23283
23306
23312
23316
23757
23757
23766
24107
24184
25635
25877
26233
26433
28153
28646
28753
28829
30003
30124
30124
30124
30399
31121
31719
31859
32712
32917
32917
32928
33134
33540
34048
34048
34110
34245
34265
34265
34579
34579
34803
34992
35093
35123
36261
36266
36266
36266
36266
36266
36431
36432
36553
36820
37064
37066
37153
37243
37271
37276
37629
37968
38468
38812
38822
39175
39205
39205
40194
40985
41186
41246
41246
41246
41246
41246
41246
41246
41246
41246
41246
41246
41469
41949
42126
42190
42798
42910
42961
43009
43584
43645
43985
44092
44182
44182
44182
44196
44414
44416
44480
44487
44828
44978
44980
45293
45308
45423
45639
45874
48058
48058
48059
48059
48059
48935
49018
49019
49019
49019
49341
49668
50949
50949
50949
50949
50949
51672
51672
51672
51672
51906
52119
52497
52622
52886
52886
52886
52886
52886
53222
54085
54085
54738
55134
55430
55486
55673
55691
56245
56326
56626
56695
56702
56992
56992
58089
58158
58278
58561
58573
58808
58863
58874
58925
