220
872
1129
1479
1517
2424
2873
3683
3696
3696
3856
4171
5863
6587
7149
8344
8344
8485
8487
8487
8487
8489
8489
8614
8761
9633
9707
9782
9923
10080
10354
10912
10915
10920
12108
12108
12145
12673
12694
12697
12831
13473
13612
13826
13826
13888
14726
15326
15602
15602
16320
16516
16869
17924
18178
18800
18803
18803
20029
20174
20543
20636
20665
20666
20739
21149
21153
21495
21581
21581
22010
23084
23309
23664
25125
26832
26975
27670
28220
29486
29493
31156
31175
31813
32794
33524
33866
34694
35042
35644
36071
36071
37016
37066
37243
37478
39304
39304
39662
39761
40985
41180
41263
41524
42125
42484
42610
42694
42910
43191
43191
43191
43191
43374
43792
43985
43987
44338
44568
44785
44785
44785
44785
44785
45095
45178
45554
45901
46090
47558
48703
49251
50407
50640
51672
51675
51960
52236
52399
52705
53357
54930
55580
55606
56219
56773
57468
58109
58152
58152
58731
