872
872
876
1396
1396
1811
2390
2390
2418
2491
2491
2491
2491
2491
2491
2949
3004
3557
3557
4006
4137
4340
6991
7737
7770
7782
7866
7901
8714
9633
9633
9744
10080
10255
10299
10330
10512
10876
11092
11104
11173
11339
12042
12059
12806
12941
13501
13501
13501
13501
13501
13501
13574
13735
13826
13826
14504
15168
15168
15171
15312
15550
15596
15596
15596
15606
15606
15608
15608
15689
15689
15690
15690
15691
15986
16399
17166
17422
18082
18400
18400
18604
18665
18665
18665
18800
18803
18876
19888
19920
20013
20273
20273
20275
20275
20275
20275
20275
20275
20275
20275
20275
20275
20279
20279
20279
20285
20285
20285
20290
20290
20331
21152
21495
22102
22536
22539
22558
22558
22616
22696
23185
23185
23245
23283
23729
24111
24111
24406
25215
25682
25840
26423
28972
29716
29716
29884
30122
30124
30341
30341
30341
30899
31104
31104
31458
31546
31679
31867
32613
32613
32613
32615
32615
32615
32615
32794
32928
33063
33241
33241
33367
33922
33927
34223
34348
34348
34348
34348
34423
34561
34878
35093
35151
35151
35152
35509
35846
36136
36136
36336
36676
36676
36683
36683
36700
36700
36710
36710
36793
36820
36820
36820
36991
36991
37117
37117
37117
37162
37348
37475
37478
37514
37572
37692
37866
38061
38487
39385
39480
39482
40171
40196
40960
40960
40960
41263
41678
41678
41678
41955
41964
42078
42095
42171
42399
42611
42625
42887
42910
42910
42910
42910
43374
43595
43705
43930
43932
44131
44287
44487
44567
44972
44972
45008
45055
45067
45243
45293
45299
45760
45808
46244
47428
48099
48123
48592
48871
48962
48962
48974
49019
49082
49082
49082
49082
49082
49082
49082
49082
49082
50272
50573
51049
51504
51675
51676
52117
52118
52118
52118
52376
52392
52717
52717
52717
53216
53289
53571
53935
53935
54194
54398
54488
55134
55163
55233
55486
55550
55552
55562
55580
55580
55580
56255
56255
56562
56690
56692
56695
56727
56737
56786
56903
57304
58278
58456
58567
59422
59422
59422
59422
59422
59422
