192
680
680
680
1133
1349
1479
1692
1692
1698
1699
1814
1850
1937
2350
2392
2649
3004
3167
3252
3808
3808
3808
3811
3811
3811
3811
3811
3940
3983
3990
4006
4185
4185
4185
4230
4244
4244
4244
4244
4325
4522
4786
4982
5387
5387
5387
5686
6698
6701
6720
6720
6758
6765
6812
6990
7199
7199
7199
7541
7541
7698
7848
7849
7851
7901
7901
7967
8132
8308
8457
8581
9114
9127
9659
9659
9659
9663
9687
9823
9950
9964
9974
9974
10160
10276
10322
10330
10349
10751
11044
11091
11092
11196
11196
11750
11750
12063
12209
12619
12620
12620
12767
12887
13107
13499
13612
13612
13735
13735
14624
14761
14953
15333
15596
15641
15692
15724
15737
15769
15922
16221
16331
16331
16331
16364
16622
16646
16731
17220
17529
17529
17629
17924
18292
18315
18658
18658
18658
18758
18803
18803
18875
18875
19948
20174
20174
20419
20520
20636
20636
20740
21266
21385
21495
21495
21502
21713
21713
21713
22045
22205
22257
22355
22359
22359
22411
22539
22558
22558
22558
22558
22558
22568
22586
22944
22944
23283
23283
23283
23287
23664
23664
23665
23766
23866
24111
24111
24461
24524
25597
25597
25675
26030
26248
26248
26248
26355
26428
27677
27943
27998
28529
28609
28969
29020
29361
29525
29683
29683
29687
29690
29690
29690
29690
29692
29716
30114
30145
30145
30145
30145
30165
30165
30317
30332
30341
30488
30499
30502
30502
31228
31357
31457
31571
31590
31631
31936
31936
32048
32321
32419
32424
32558
32918
32918
33131
33174
33175
33351
33381
33441
33451
33451
33881
34089
34093
34093
34093
34093
34405
34405
34437
34538
34768
34794
34968
35288
35288
35329
35446
35461
35461
36261
36266
36266
36277
36357
36385
36433
36466
36538
36635
36718
36718
36718
36765
37140
37478
37514
37648
37838
37947
38177
38180
38248
38469
38541
38550
38751
38812
38812
38822
38997
39022
39046
39175
39181
39215
39475
39475
39504
39504
39504
40170
40224
40311
40463
40478
40532
40971
40971
40971
40983
41040
41040
41041
41050
41051
41082
41180
41262
41489
41678
42078
42078
42190
42205
42205
42207
42326
42552
42610
42910
42910
42910
42910
42910
42982
43064
43064
43066
43068
43080
43101
43103
43104
43253
43595
43636
43710
43903
43985
44029
44182
44203
44238
44713
44979
45112
45310
45336
45336
45336
45336
45490
45567
45567
45567
45567
45707
45760
45808
45808
45855
45874
45874
45881
45881
45881
45976
46005
46520
46520
47287
47411
47848
47882
47883
48022
48275
48472
48644
48644
48704
48704
48871
49174
49277
49317
49579
50567
50567
51005
51307
51584
51676
51690
51767
51801
51801
52000
52059
52119
52119
52435
52488
52579
52875
52875
52875
52886
52935
52943
53297
53410
53431
53431
53608
53744
54049
54115
54406
54411
54436
54440
54489
54564
54738
54744
55134
55134
55163
55549
55580
55580
55580
55654
55654
55654
55773
56255
56320
56320
56320
56320
56326
56326
56326
56326
56326
56327
56472
56791
56873
56903
56941
56941
57149
57155
57155
57511
57938
58243
58243
58423
58463
58463
58463
58722
58723
58732
58732
58732
58745
58808
58871
58871
58908
58909
