1220
1339
1339
1343
1347
1349
1349
1349
1349
1349
1732
1838
2268
2491
2826
3008
3267
3267
3296
3335
4020
4051
4051
4052
4134
4340
4616
4982
6578
7199
7846
7901
7901
8214
8568
8581
8606
8606
8606
8606
8781
8782
9765
9765
9765
9765
9765
9782
9791
9928
10335
10335
10536
10536
11857
11857
11857
11857
11857
11857
11902
11902
13612
14209
14624
14861
14861
15236
15602
15602
15741
16268
16268
16345
16510
16969
17529
17529
17542
18274
18274
18800
18800
18803
19163
19766
19776
20101
20174
20377
20377
20424
20424
20542
21246
21357
21495
21495
21976
22541
22558
22558
22558
22558
22558
23010
23664
23664
23703
24111
24228
24459
24987
25682
25751
26446
26689
27425
28048
29322
29361
29361
29361
29854
29854
29854
29884
29970
30059
30100
30265
30317
31121
31221
31247
31859
31859
32500
33205
33240
34358
34558
34800
34800
34800
35162
35162
35162
35162
35162
35162
35162
35162
35165
35165
35165
35396
36025
36025
36025
36025
36081
36737
37276
39185
39482
39482
40008
40971
40985
40985
41098
41182
41607
42162
42241
42400
42400
42400
42673
42910
42910
42912
43002
43002
43002
43292
43356
43985
44436
44440
45456
45456
45456
45567
45705
45707
45707
45774
45808
45808
45987
46120
46120
46524
47035
47035
48257
48644
48960
49170
49715
49907
49994
49994
50742
51129
51421
52031
52059
52059
52117
52180
52386
52735
53221
54421
54796
55455
55486
55486
55610
56118
56269
56320
56326
56695
56791
56791
56791
56791
56886
56941
56941
57857
58080
58242
58278
58307
58376
58462
58466
58624
58624
58665
58743
