409
743
951
1166
1479
2061
2471
2807
2807
2807
3338
3816
4165
4171
4182
5709
6795
7132
7381
7381
7381
8485
8678
9687
9687
10330
10959
10975
11016
11041
11052
11053
11053
11175
11289
11289
12234
12234
13171
13468
14265
14863
14877
15564
15596
15596
15817
15986
15986
16432
18129
18178
18800
18800
19362
19369
19652
20636
21385
21401
21495
21495
21495
21495
21713
21828
22015
22358
22411
22561
22996
22996
23819
23875
23895
26868
26868
27563
27606
28853
31914
32373
32970
33451
33891
34348
34348
34508
35043
35454
36582
36627
36627
37246
37537
37537
37537
37537
37538
39175
39440
39609
40396
40869
41146
41186
41188
41620
42110
42316
42912
43536
43536
43558
43799
43813
44026
44160
44440
44785
44946
45008
45283
45283
45296
45297
45619
45890
45891
45893
45902
46694
47111
47169
47550
47577
48130
49204
51676
52059
52399
52705
52705
52717
52794
52886
52957
53431
53431
53608
54436
55387
55439
55439
55439
55439
55441
55441
55441
55522
55706
56208
56326
56326
56652
57122
57149
57155
57368
57511
58269
58278
58471
58673
