164
577
1266
1448
1460
1644
1782
1815
1850
2108
2491
2491
3004
3312
3816
3863
4167
4168
4526
4775
4775
4775
4797
4982
4982
5387
5743
6126
6152
6285
6540
6581
7283
7381
7381
7381
7381
7710
7851
7851
7851
7901
7901
7901
7903
8187
8439
8546
8552
8837
9454
9659
9659
9659
10159
10921
11092
11112
11173
11196
11196
11384
11538
12264
12270
12281
12767
13831
14578
15024
15602
16331
16331
16486
16500
18274
18288
18315
18315
18656
18656
18665
18759
18800
18826
19179
19179
19280
19402
19609
19609
19766
19776
19951
20179
20247
20490
20722
21062
21495
21495
21593
21736
22045
22409
22539
22558
22558
22754
22754
22762
22768
22865
22997
23283
23287
23351
23402
23738
23819
24105
24107
24111
24557
24764
24764
25299
25299
25675
25990
27309
28719
28820
29020
29130
29220
29825
29825
29826
29826
29884
29963
29963
30016
30016
30488
30502
31718
31873
32367
32373
32839
33029
33183
33183
33183
33183
33183
33340
33713
33815
33869
33927
34176
34244
34794
34992
34992
34992
34999
35183
35227
35284
35452
35741
35741
35968
36385
36404
36404
36404
36404
36404
37153
37514
37514
37894
37950
37950
37950
38093
38465
38812
39080
39163
39215
39215
39215
39480
40186
40913
40985
41075
41098
41262
41296
41443
41642
41642
41642
41733
42089
42190
42195
42195
42694
42910
42910
42910
42910
42919
43101
43104
43247
43248
43356
43372
43535
43544
43636
43645
43645
43647
44137
44192
44192
44203
44687
44729
44828
44952
45283
45310
45567
45720
45808
45808
46294
46604
47204
47259
47615
48567
48614
48644
48644
48961
48964
49431
49481
49481
49481
49491
49547
49752
50696
51421
51421
51672
51690
51736
51801
52399
52417
52435
52658
52859
52862
53114
53115
53115
53580
53613
53935
54738
54903
55486
55620
55757
55844
55918
56255
56269
56269
56326
56327
56707
56791
57728
58828
58831
58872
