1262
1479
1479
1613
1644
2201
2240
2392
2418
2418
2424
2531
2767
3004
3004
3195
3558
3921
4051
4051
4052
4072
4334
5091
5091
5091
5387
5434
5643
5643
5648
5650
5906
5943
6671
7187
7199
7199
7307
7381
7501
7710
7710
7849
7851
7901
7901
7901
7901
7901
7901
7903
7912
7912
7955
7955
7966
7966
8440
8468
8471
8546
8581
9300
9459
9659
9659
9659
9659
9659
9659
9672
9689
9695
9888
9982
9982
10070
10297
10655
10655
10655
10843
10848
10856
10928
11196
11196
11196
11196
11324
11538
11624
11831
11902
12280
12281
13331
13646
13646
13646
13646
13731
13783
13826
13888
13890
13921
14073
14230
14863
14863
15200
15596
15602
15602
15602
15693
15779
15894
16014
16087
16268
16331
16331
16331
16331
16516
16694
16695
17110
17421
17529
17529
17924
18007
18274
18274
18520
18520
18658
18778
18778
18778
18778
18778
18778
18778
18800
18800
18800
18861
18875
19735
20174
20495
20539
20606
20636
21035
21357
21495
21495
21687
21713
21713
22020
22036
22048
22157
22164
22358
22539
22539
22558
22558
22754
22754
22995
23010
23261
23287
23528
23664
23678
23748
24105
24107
24111
24228
24232
24784
25106
25106
25299
25299
25299
25299
25764
26082
26433
26687
26698
26867
27345
27439
27453
27497
28151
28157
28492
28602
28820
28934
29010
29854
29854
29963
29963
29963
29963
30059
30289
30331
30331
30332
30341
30377
30377
30377
30502
31009
31328
32048
32292
32296
33020
33240
33652
33763
33819
33927
34048
34176
34302
34351
34437
34508
34547
34892
34968
34995
35000
35063
35123
35135
35144
35201
35454
35616
35616
35625
36199
36269
36269
36277
36277
36386
36431
36466
36764
36972
37021
37042
37153
37162
37475
37475
37475
37616
37648
37691
37691
37950
37950
38389
38441
38513
38663
38812
38988
39181
39215
39475
40093
40100
40773
40814
40814
40913
40913
40969
40971
40976
40985
41040
41050
41075
41186
41207
41262
41263
41444
41916
42190
42203
42203
42203
42203
42203
42263
42608
42610
42673
42675
42688
42887
42910
42910
42910
42910
42912
43004
43004
43004
43072
43072
43072
43072
43072
43072
43072
43072
43072
43072
43077
43079
43079
43079
43080
43080
43080
43080
43101
43104
43247
43247
43409
43636
43930
43985
44002
44013
44029
44121
44131
44224
44287
44443
44443
44443
44443
44450
44450
44745
44946
44946
45084
45198
45350
45354
45405
45490
45567
45615
45615
45720
45760
45808
45808
45808
45810
45881
45987
46268
46520
46706
46820
47116
47518
47820
47852
48445
48487
48578
48636
48704
48709
49154
49381
49579
49579
49839
49908
50696
50772
50848
51114
51504
51801
51966
52007
52059
52059
52078
52321
52436
52436
52436
52557
52866
53224
53431
53626
53626
53729
53772
54381
54406
54406
54598
54690
54733
54738
54761
54920
54920
55302
55344
55348
55493
55539
55688
55756
56051
56072
56207
56209
56237
56269
56299
56320
56320
56326
56327
56466
56469
56469
56470
56547
56575
56695
56695
56774
56791
56791
56819
57494
57612
58174
58242
58302
58428
58463
58463
58464
58464
58464
58464
58525
58573
58702
58731
58731
58741
58779
58874
58912
58925
59374
