1055
1124
1185
1448
1677
1850
1980
3004
3696
4171
4292
4340
6455
6989
6990
7049
7049
7049
7346
7346
7346
8045
8067
8310
8310
8485
8487
8489
8738
8738
9659
9659
9782
10080
10340
10673
10687
10756
11053
11053
11737
11902
14036
14220
14368
14877
15044
15568
15596
15737
15986
16688
17922
17922
18250
18293
18800
18803
18803
19258
19270
19615
19615
19615
19615
19776
20424
20511
20525
20774
21144
21170
21489
22409
22558
22776
22782
23212
23807
24315
25224
25597
25597
26185
26868
26868
26868
27090
27090
30084
30124
30152
30488
30488
30493
31254
31356
31356
31356
31356
31433
31716
32090
32219
33089
33089
33089
33350
34241
34244
34244
34244
34474
34547
34800
34800
35227
35227
35452
36025
36688
36820
37023
37066
37162
37695
37698
37950
37950
39385
39385
40531
40535
40632
41075
41186
41191
41197
41201
41620
41620
42195
42195
42452
42910
42910
42910
43004
43079
43101
43253
43253
43253
43536
43755
44095
44121
44121
44211
44602
44602
44693
44847
45026
45527
45810
46018
46137
46244
46967
47732
48046
48466
48466
48466
48828
49018
49018
49019
49361
49361
49393
51584
51705
51726
52059
52341
52438
53138
53301
53303
53324
53324
53575
53589
53842
54183
54375
54721
55549
55631
55909
56088
56255
56326
56327
57358
58080
58247
58247
58463
58464
58540
58711
58856
58925
58974
