684
1104
1181
1239
1850
2360
3322
4051
4051
4051
4051
4060
4107
4171
6991
6991
7381
7901
7901
7901
7912
8206
8206
8206
8785
9459
9767
9774
9774
9774
10164
10994
11134
11196
11196
11196
11196
11297
11902
12056
12838
13912
13975
13975
14073
14864
14972
15178
15178
15189
15189
15189
15189
15189
15380
16331
16961
16980
17756
17779
18178
18293
18369
18386
18800
18803
18803
18803
18854
18861
19325
20290
20312
20313
20490
20602
20666
20666
20666
20863
21316
21318
21318
21318
21495
21962
22243
22411
22411
22558
23766
24293
24317
24424
24776
25356
25675
25682
26957
28188
28188
29225
29225
30117
30293
30338
30338
30731
31464
31775
31775
31775
32619
32656
32764
32904
32904
32904
32917
33092
33248
33511
33511
34223
34620
34884
34884
34884
34884
34884
35444
36631
36693
37246
37348
37348
37348
37475
37486
37857
37939
38746
39181
39482
39482
39482
39504
39504
39828
39828
41180
41186
41964
42077
42078
42078
42610
42910
42910
42910
43312
43903
43903
43903
43930
44092
44164
44211
44305
44487
44570
44574
44574
45066
45066
45067
45067
45293
46023
47831
48398
48591
48704
49251
50407
50438
50518
50521
50786
50813
50813
51775
51776
52033
52395
52404
52705
52707
52875
53431
53785
54551
56255
56320
56732
57149
57575
58273
58487
58565
58595
58731
