744
1410
1448
2110
2241
2357
2872
3557
3684
3684
3684
3696
3910
3910
3921
3921
3921
4313
4982
5271
5271
5324
5387
5397
5647
5828
6220
7381
7394
7394
7727
7727
7901
7901
7901
7901
7966
8132
8151
8381
8381
8425
8425
8610
8610
8610
8610
8610
8610
8610
8610
8610
8610
8751
8992
9029
9029
9058
9077
9170
9170
9170
9170
9226
9226
9430
9481
9538
9659
9696
9880
10655
10655
11158
11196
11207
11737
11861
11862
12255
12349
12831
12910
13145
13244
13731
13731
13731
13826
14031
14036
14036
14399
14422
14561
14624
14624
14624
15235
15236
15546
15546
15596
15596
15596
15602
15669
15793
15805
15986
16146
16622
16622
16622
16956
17638
18658
18800
18803
19282
19282
19500
19500
19500
19946
19946
19946
20124
20636
21016
21016
21017
21017
21017
21017
21017
21266
22409
22409
22409
22539
22539
22558
22558
22616
22696
22944
22944
22946
22946
22946
23766
23766
24107
24111
24111
24111
24869
25013
25100
25294
25751
26248
26248
26248
26248
26353
26355
26355
26836
26836
26836
27243
27243
27243
27243
27381
27453
27669
27840
27840
27840
28220
28869
29029
29361
29520
29520
29854
30118
30118
30317
30331
30331
30331
30331
30331
30331
30331
30424
30424
30635
30635
30635
30635
30635
30635
30635
30635
30981
32315
32367
32537
32537
32537
32984
33050
33171
33367
33367
33367
33367
33387
33387
33496
33784
33784
33974
34048
34800
35162
35778
35778
36269
36269
36460
36460
36460
36460
36466
36466
36466
36466
36466
36485
36627
36627
36648
37478
37478
37590
37821
37821
37821
37821
37821
37821
37821
37838
38309
38309
38467
39186
39215
39288
39385
39504
40049
40913
41098
41098
41098
41098
41186
41186
41558
41717
41717
41717
41719
41748
42070
42072
42072
42078
42078
42190
42205
42205
42673
42673
42764
42888
42888
43104
44013
44118
44130
44130
44130
44138
44185
44211
44687
44701
44871
45080
45249
45249
45489
45567
45808
46104
46233
46520
47518
47598
48257
48470
48470
48470
48703
48874
48960
49317
49341
49579
49747
50669
51241
51241
51456
51676
51676
52117
52488
52621
52621
52717
52717
52859
52967
52967
53358
53359
53423
53589
53589
53589
53589
53589
53589
53589
53589
53589
54049
54542
54542
54743
54743
54875
55079
55079
55441
55490
55490
55562
55691
56098
56239
56239
56326
56327
56331
56331
56331
56695
56695
56701
56701
56702
56791
56791
56791
56791
57149
57149
57242
57242
57628
57628
57636
57636
57801
57923
58130
58187
58242
58242
58269
58465
58465
58688
58688
58785
59378
59378
59378
59378
59378
59378
59378
59378
