406
532
716
741
741
742
1055
1410
1546
2018
2057
2208
2390
2390
2392
2418
2491
2491
2554
2807
2846
2868
2996
3213
3347
3562
3775
3803
3804
3806
4021
4120
4120
4182
4182
4185
4207
4325
4340
4522
4775
4784
4789
4982
4982
5387
5387
5399
5870
6576
6576
6781
7381
7381
7777
7851
7901
7901
8045
8052
8072
8132
8158
8159
8528
8552
8552
8552
8552
8552
8675
8675
8740
9007
9029
9659
9659
9659
9659
9687
9710
9894
9894
10080
10086
10546
10680
10710
11066
11098
11098
11111
11284
11737
11737
11762
11831
11831
11941
12128
12145
12234
12234
12300
12658
12710
12761
12910
12927
12985
13153
13574
13612
13628
13651
14155
14286
14294
14471
14972
15098
15596
15596
15596
16268
16331
16334
16403
16403
16597
16597
17135
17780
18274
18288
18293
18396
18520
18800
18800
18800
18800
18855
19084
19084
19114
19450
19737
19737
20044
20174
20174
20666
20666
21270
21270
21271
21377
21516
21555
21608
21608
21751
21764
22130
22130
22130
22470
22558
22558
22755
22776
22996
23122
23283
23283
23330
23330
23473
23766
23901
23901
23901
23927
23974
24075
24088
24111
24111
24111
24111
24184
25220
25294
25597
25597
25597
25597
25787
25929
25929
26423
26428
26454
26810
27669
27921
28269
28508
29210
29907
30317
30332
31028
31546
32258
32258
32356
32474
32558
32558
32661
32858
32918
32956
33072
33240
33577
33849
34126
34312
34816
34831
34884
35013
35284
35617
35626
35658
35930
35942
36378
36379
36434
36712
36718
36972
37127
37145
37145
37145
37145
37145
37401
37430
37475
37478
37542
37697
38527
38624
38668
39098
39185
39385
39481
39487
39580
40619
41075
41180
41186
41197
41208
41258
41335
41442
41442
41489
41489
41512
42162
42190
42190
42364
42649
42798
42910
42910
42910
42910
42910
42910
43004
43004
43004
43004
43008
43014
43104
43104
43104
43291
43499
43499
43641
43646
43759
43828
44057
44173
44382
44567
44568
44663
45293
45535
45774
45902
46104
46123
46269
46269
46287
46315
46657
46815
46854
47111
47281
47387
47388
47473
48175
48466
48717
48871
48871
49091
49146
49225
49307
49307
49307
49310
49464
49668
50118
50407
50573
50589
50589
50589
50589
50589
50703
50784
50795
51121
51584
51672
52033
52059
52118
52120
52396
52717
52717
52721
52784
52784
52784
52859
52875
53002
53285
54368
54388
54920
55134
55233
55233
55233
55445
55486
55486
55562
55691
55912
56326
56331
56406
56654
56695
56717
56717
56791
56852
56941
56941
56992
56992
57115
58717
58719
58719
59422
