4340
7332
7368
7369
7369
7541
7541
7735
7901
7901
8067
9035
9659
9762
10160
10171
10708
11126
11424
11424
11424
11424
11459
11463
12352
13731
14496
16331
16454
17712
17765
17924
18274
18274
18656
18656
18803
18921
18989
18989
18989
19500
20174
20174
20360
20419
21216
21266
21368
21368
21962
22158
22539
22754
22754
22995
23438
24107
24108
24111
24406
24406
24406
25630
26593
27385
27385
27385
27385
27385
27385
27434
27453
27669
27863
28959
29209
29210
30488
31696
32183
32626
33140
33577
34547
35024
35144
35760
35760
35761
35761
36458
36617
36790
37066
37110
37162
37514
37645
37648
37648
37648
38469
38469
39098
39098
39385
39487
40312
40599
40599
41489
41489
41547
41552
42169
42176
42205
42207
43163
43355
43538
43985
44121
44414
44525
44527
44529
45367
45760
45881
47264
47266
47518
47598
47610
47853
48499
48548
48935
48935
49579
50407
50971
52457
53613
53613
55043
55315
55610
55631
55826
55826
56255
56280
56560
57132
57132
57418
58617
58731
58912
58967
58967
59422
59424
59424
