707
1127
1219
1421
1448
1479
1479
2390
2423
2424
2425
2431
2491
2491
2491
2491
2491
2491
2491
2491
2491
2491
2491
2491
2491
2757
3004
3004
3587
3920
3920
3920
3920
3920
3921
3983
3984
4006
4021
4152
4185
4244
4244
4244
4244
4340
4522
4525
4526
4863
4982
5863
5880
6330
6330
6618
6858
7199
7348
7381
7381
7497
7501
7695
7695
7698
7698
7901
7901
7901
7901
7901
7912
8158
8479
8546
8552
8581
8880
9673
9857
10049
10080
10080
10080
10080
10163
10171
10175
10253
10330
10338
10345
10384
10526
10584
10673
11098
11230
11297
11761
11762
11762
11762
12255
12720
12910
12910
12910
13865
13975
14012
14032
14156
14471
14564
14664
14985
15375
15390
15456
15477
15477
15477
15596
15596
15614
15614
15645
15689
15986
16331
16331
16331
16331
16331
16331
16331
17211
17347
17378
17451
17596
17779
17832
17920
17924
17924
17930
18274
18274
18274
18274
18274
18354
18394
18426
18523
18803
19017
19198
19447
19447
19447
19518
20174
20290
20321
20477
20477
20636
20636
20636
20666
20670
20952
21214
21216
21495
21495
21876
21962
21962
21962
22067
22067
22073
22409
22409
22471
22471
22539
22558
22568
22735
23024
23329
23329
23703
23706
23706
23706
23706
23731
23766
23807
23875
24105
24105
24105
24475
24619
24735
25037
25042
25597
25597
25597
25597
25597
25597
25597
25597
25597
25597
25597
25597
25597
25682
26687
27649
28043
28858
28953
28955
29117
30286
30317
30498
31167
31167
31167
31167
31167
31167
31167
31373
31869
31869
32321
32355
32796
32852
32861
32861
33043
33150
33482
33717
33717
33781
33843
34223
34348
34348
34638
34768
34768
34805
35227
35445
36010
36022
36099
36200
36202
36203
36328
36710
36718
36718
36718
36972
36972
37021
37162
37162
37362
37426
37475
37475
37475
37478
37894
37968
38513
38583
38624
38700
38703
38746
39181
39186
39226
39288
39420
39545
40551
40862
40913
41044
41045
41057
41126
41180
41182
41186
41194
41194
41194
41249
41442
41478
41478
41696
41696
41696
41696
41696
41696
41699
41699
41735
41740
41740
41740
41890
42073
42078
42205
42210
42308
42489
42594
42594
42594
42594
42910
42910
42910
42910
42910
42910
42910
42910
42910
42910
43004
43004
43004
43004
43004
43080
43277
43467
43536
43567
43595
43595
43645
43985
44013
44013
44265
44305
44305
44382
44418
44440
44739
44739
44739
44827
44835
44866
44953
44953
45308
45490
45720
45808
45808
45810
45874
45881
45881
46247
46252
46269
46604
47248
47248
47411
47411
47411
47411
47411
47411
47511
47546
47573
48304
48320
48829
48960
49072
49169
49169
49169
49174
49174
49174
49174
49174
49175
49288
49366
49562
49579
49579
49579
49673
49673
50405
50405
50405
50407
50567
50590
50813
51032
51509
51676
51736
52031
52118
52118
52119
52862
52866
52866
52875
53101
53220
53431
53589
54522
54573
54574
54598
54960
54960
54963
55233
55486
55532
56205
56205
56205
56269
56320
56320
56320
56326
56327
56470
56695
56707
56707
56717
56791
57494
57634
57634
57634
58093
58211
58278
58278
58282
58355
58741
