390
701
741
745
1421
1479
1850
2022
2448
2873
3372
3632
3931
4072
4135
4185
5387
5387
5387
5400
5409
5674
5712
6009
6698
7199
7199
7381
7695
7695
7698
7754
7851
7901
7912
7912
7912
8789
8837
9045
9659
9659
9659
9672
9706
9941
10080
10080
10175
10256
10256
10568
10710
11171
11277
11297
11367
11910
12353
12697
13124
13612
13626
13731
13789
13849
13855
14492
14624
15564
15608
15614
16145
16205
16830
16830
16961
16970
17412
18134
18178
18178
18274
18274
18288
18293
18800
19182
19252
19255
19666
19737
19737
19988
20174
20290
20290
20322
20477
20495
20636
20748
21401
21495
21495
22456
22485
22539
22539
22558
22558
22616
22780
22946
22995
23206
23329
23329
23332
23443
23723
23819
23880
24064
24105
24559
24559
24611
24737
24794
24947
25042
25590
25597
25597
25686
25836
25836
26454
26457
26953
27573
27669
27670
28157
28220
28510
28604
28968
29854
29907
31167
31546
31837
32274
32403
32796
32796
32796
32888
33039
33343
33367
34423
34508
35227
36269
36779
36803
36972
37021
37162
37162
37376
38469
38469
38563
38670
39142
39185
39215
39475
39487
40317
40317
40317
40894
40894
40988
40995
41044
41126
41126
41174
41696
41717
41906
41949
41951
41960
41963
42090
42213
42256
42610
42887
42910
42910
42910
43195
43985
43985
44006
44128
44194
44417
44450
44683
44693
44785
44785
44785
44957
44973
44973
45068
45293
45311
45336
47219
47228
47411
47411
47411
47411
47411
47411
47416
47518
47973
47973
48105
48528
49169
49169
49174
49389
50930
51141
51233
51675
51740
52033
52422
52548
52875
52875
53034
53034
53299
53299
53304
53312
53431
53690
54194
54914
54914
54914
54934
54937
54960
54960
54960
54960
54960
54960
54960
54960
54960
54960
55486
55570
55580
55635
56255
56255
56320
56326
56326
56326
56327
56327
56327
56487
56490
56626
56791
57358
57358
57358
57358
57379
58080
58109
58295
58462
58607
58716
