68
265
406
472
782
968
1224
1227
1227
1227
1479
1690
1728
1850
2245
2390
2390
2390
2390
2448
2449
2491
2600
2781
3004
3271
3417
3772
3772
3772
3954
3983
3985
3985
3985
3991
4051
4120
4138
4340
4367
4522
4523
4526
4526
4632
4633
4633
4667
4667
4671
4789
4789
4789
5134
5190
5190
5487
6355
6576
7089
7381
7747
7747
7846
7849
7849
7849
7851
7851
7851
7851
7851
7901
7912
7912
8068
8132
8132
8149
8149
8149
8149
8158
8271
8358
8666
8702
9026
9463
9582
9659
9908
9914
10029
10160
10256
10275
10341
10622
11196
11196
11266
11297
11503
11779
11831
11846
11860
11957
11957
12814
12910
12910
13445
13521
13612
13612
13888
14508
14863
15262
15596
15689
15741
15741
15741
15741
15741
15741
15741
15986
15986
16121
16331
16331
17714
17757
18224
18291
18315
18315
18315
18800
18800
18800
18803
19423
19447
19991
20062
20174
20174
20275
20290
20346
20810
20990
21007
21555
21555
21555
21608
21608
21608
21608
21608
21608
21608
21608
21608
21608
21608
21608
21608
21608
21608
21608
21608
21608
21608
21608
21652
21929
21962
21962
22435
22456
22456
22516
22558
22754
23011
23312
23401
23401
23413
23439
23664
23703
23875
24038
24039
24609
24640
24735
24910
24910
24989
25597
25635
25710
26399
26423
26423
26423
26423
26423
26423
26428
26512
26685
26687
26687
26792
27067
27497
27707
27711
28219
28220
28316
29116
29210
29402
29907
29907
29907
29907
29907
29907
30098
30099
30124
30317
30317
30317
30326
30387
30414
30473
30488
30927
30961
30999
31316
31566
31641
31812
31869
32098
32656
32969
32969
32970
33043
33570
33638
33638
33915
34048
34321
34322
34348
34367
34367
34811
35508
35705
35804
35818
35839
36099
36122
36202
36252
36304
36304
36304
36548
36550
36631
36820
37066
37153
37246
37335
37475
37475
37475
37478
37478
37478
37629
37629
37968
38366
38812
39215
39342
39399
39399
39475
39475
39479
39480
39482
39482
39487
39504
39662
39674
40233
40291
40651
40654
40827
40828
40832
41194
41194
41271
41489
41621
41678
41735
41906
41943
41955
41964
41964
42072
42072
42073
42078
42078
42629
42694
42758
42758
42758
42758
42910
42910
42910
43080
43292
43430
43499
43536
43987
44246
44351
44423
44503
44503
44503
44503
44567
44567
44567
44567
44567
44645
44645
44645
44645
44760
44960
44982
45573
45675
45705
45720
45808
45901
45997
45997
46090
46240
47566
47652
47933
47933
47933
47938
48935
48953
48960
48960
48964
49150
49169
49169
49175
49307
49308
49310
49310
49311
49386
49386
49389
49389
49389
49389
49495
49673
50254
50328
50407
50590
50813
50813
50813
50862
51029
51032
51141
51297
51491
51509
51509
51509
51509
51550
51672
51707
51904
51904
52007
52031
52031
52033
52070
52115
52115
52118
52435
52705
52784
52784
52966
53034
53359
53382
53409
54421
54491
54573
54573
54582
54830
54977
55190
55190
55190
55233
55233
55233
55233
55912
55941
56207
56207
56254
56255
56255
56326
56496
56695
56791
56960
57332
57502
57863
57922
57950
58072
58109
58282
58494
58628
58688
58744
58744
58744
59384
59384
59384
