220
273
466
466
1219
1219
1360
1983
2058
2426
2491
2491
3004
3004
3004
3004
3372
3696
4006
4051
4051
4184
4184
4231
4982
5087
5206
5387
5863
5863
5863
7347
7348
7648
7695
7695
7695
7695
7753
7849
7851
7851
7851
7901
7901
7901
7901
7903
7903
7912
7912
7922
7945
8308
8308
8557
8581
8583
8606
8884
9659
9659
9659
9659
9672
9915
9915
10023
10056
10056
10056
10056
10078
10080
10248
10330
10341
10461
10461
10461
10469
10584
10659
10711
10752
10778
11096
11196
11361
11367
11663
12145
12148
12234
12281
12281
12497
12910
12910
13127
13609
13612
13731
13975
14013
14031
14191
14191
14191
14462
14508
14624
14929
15024
15040
15596
15614
15986
16268
16331
16364
16481
16511
16573
16830
16957
16957
17072
17337
17533
17683
17924
18178
18178
18183
18204
18274
18520
18665
18800
18800
18800
18803
19261
19371
19371
19447
19661
19661
19661
19776
19951
20040
20174
20321
20384
20495
20636
20636
21149
21246
21266
21495
21495
21495
21502
21628
21736
22409
22539
22539
22539
22539
22539
22539
22539
22558
22754
22754
22754
23029
23029
23029
23659
23664
23728
23766
23914
24105
24869
25009
25009
25042
25185
25188
25597
25597
25597
25597
25597
25597
25597
25597
25597
26016
26016
26019
26104
26689
26774
27669
28157
28294
28341
28977
29821
29821
29884
29884
30124
30456
30498
30498
30502
30502
30895
31024
31458
31723
31837
31839
31996
32170
32296
32355
32626
32861
32870
32871
32917
33038
33089
33089
33124
33205
33441
33451
33482
33482
33871
33922
33922
33964
34274
34437
34547
34828
34835
34992
34992
34995
35144
35460
35494
35658
36496
36779
36820
37024
37145
37162
37162
37257
37355
37537
37822
37894
38061
38469
38469
38700
38700
38700
38700
38700
38701
38701
38812
38812
39288
39288
39385
39731
40196
40317
40317
40317
40511
40515
40969
41041
41098
41126
41126
41126
41126
41126
41275
41396
41489
41678
41696
41696
41717
41717
41733
41733
41810
41824
41957
41960
41960
42190
42276
42276
42573
42573
42594
42594
42594
42610
42910
42910
42910
42912
42912
43024
43024
43024
43024
43101
43104
43104
43291
43385
43409
43411
43467
43467
43467
43538
43728
43796
43985
43985
43991
44013
44013
44182
44182
44182
44350
44440
44440
44572
44679
44681
44682
44739
44761
44785
44946
44972
44972
44972
44972
45350
45351
45554
45658
45808
45808
45810
45874
45874
45901
45969
46012
46018
46090
46294
46296
46555
46923
47040
47387
47411
47481
47497
47515
47515
47515
47573
47738
48168
48201
48403
48513
48640
48640
48644
48709
48960
48965
49168
49169
49169
49169
49174
49174
49366
49553
49553
49553
49579
49673
49768
49985
49985
50053
50407
51144
51570
51672
51675
52117
52118
52119
52870
52875
52875
52875
52875
52875
53212
53216
53224
53224
53224
53409
53629
53684
53684
53684
53691
54329
54381
54406
54436
54738
54914
54914
54920
54920
54960
54960
54987
55344
55476
55476
55580
56209
56255
56255
56320
56320
56326
56326
56327
56499
56695
56791
56791
56791
56987
56992
56992
56992
57418
57671
58171
58171
58278
58547
58699
58711
58735
58808
58808
58910
