472
848
865
952
1479
1850
2382
2382
2448
2491
2491
2781
2812
4051
4157
4228
4237
4244
4244
4509
4509
5190
5190
5339
6619
7141
8013
8132
8150
8738
9353
9650
9687
10093
10093
10403
10673
10876
11125
11818
11871
11897
11897
12145
12941
12941
13151
13326
13888
13975
14863
15148
15188
15456
15596
15596
15702
15702
15741
15741
16290
16320
16331
16516
16965
16965
17470
18343
18354
18800
19766
19776
19776
19951
20370
20963
21495
21495
22358
22735
23309
23316
23316
23330
23330
23717
24184
24461
25167
25562
25597
25809
26207
26715
26715
26715
26792
26810
29275
29828
29854
30414
31443
31679
32577
32793
32796
33451
34260
34322
34684
34684
34684
34684
34992
35063
35144
35162
35166
35166
35227
35494
35494
35661
35857
37052
37052
37055
37165
37165
37478
37629
38092
38094
38127
40985
40985
40985
40985
41478
41943
42910
42910
42910
42912
43072
43107
43985
44178
44567
44567
44568
44642
44767
44946
45293
45311
45345
45808
46111
46209
46741
46892
46967
46967
47521
47546
48470
48814
49664
50404
51382
51482
51736
51999
52870
52875
52875
52875
53145
53145
53431
54436
55635
55976
55988
57333
58095
58330
58388
58388
58388
58388
58808
