62
414
673
680
680
680
680
680
1181
1349
1448
1448
1479
1479
1479
1479
1546
2201
2201
2390
2416
2520
2614
2614
2793
2846
2910
3548
3557
3777
3777
3777
3811
3920
3983
3986
4079
4079
5003
5227
5434
6005
6220
6362
6440
6440
6445
6473
6909
7199
7203
7381
7512
7802
7851
8172
8449
8457
8598
8661
8719
8719
8719
8719
8719
8719
8736
8751
8852
8852
8852
9659
9687
9737
9737
9737
9737
9762
9767
10350
10350
10572
10584
10708
10780
10891
10901
11016
11196
11196
11196
11196
11196
11196
11196
11555
11580
11608
12108
12213
12303
12313
12479
12479
12479
12479
12479
12479
12479
12479
12479
12479
12479
12479
12479
12480
12745
12750
12750
12808
13070
13268
13468
13609
13937
14014
14377
14542
14589
14650
14761
14889
15221
15254
15254
15312
15564
15596
15608
15692
15692
15741
15808
16047
16096
16296
16495
17312
17482
17652
17726
17761
17779
17862
17899
17956
18031
18072
18291
18292
18315
18315
18315
18315
18315
18369
18520
18737
18800
18803
18803
18803
18803
18855
19339
19339
19447
19447
19451
19500
19500
19525
19525
19525
19666
19737
19737
19797
19952
20174
20174
20290
20445
20636
21017
21313
21353
21495
21799
21923
22041
22375
22566
22568
22568
22568
22754
22791
23098
23098
23098
23098
23123
23242
23500
23739
23819
23850
23915
24009
24111
24111
24111
24422
24495
24508
25013
25075
25077
25815
25914
25929
25929
26683
26967
26967
27072
28272
28534
28707
28748
28947
29710
29884
29907
29992
29995
30016
30317
30317
30317
30337
30377
30417
30418
30424
30502
30502
31068
31546
31546
31624
31626
31816
31837
31996
32307
32402
32405
32412
32430
32860
32869
32918
32918
33052
33243
33421
33443
33451
33451
33459
33459
33459
33459
33459
33459
33459
33459
33459
33459
33793
33896
33927
33927
33927
33927
33927
33934
34129
34348
34373
34508
34538
34547
34547
34662
34803
34884
34884
34884
35124
35227
35284
35444
35955
36022
36432
36466
36676
36676
36676
36700
36716
36820
36871
37153
37153
37153
37153
37821
37838
37874
37874
38108
38131
38281
38468
38468
38469
38513
38513
38938
38985
39039
39054
39181
39417
39425
39453
39935
39949
40271
40971
41045
41098
41383
41417
42031
42072
42421
42610
42673
42745
42910
43101
43101
43101
43292
43535
43595
43648
43785
43829
44131
44132
44133
44137
44139
44178
44305
44305
44305
44305
44352
44456
44525
44652
44652
44652
44652
44652
44652
44652
44652
44972
44985
45049
45117
45490
45540
45707
45760
45976
46152
46227
46263
46263
46269
46552
46595
46595
46697
46701
46706
46706
46706
46706
46975
47000
47050
47284
47725
47880
47882
48280
48348
48390
48473
48473
48497
48551
48562
48794
48794
48821
48914
49090
49345
49695
49844
50310
50392
51584
51672
51672
51808
51914
51915
52033
52033
52119
52383
52384
52470
52707
52717
53346
53608
53924
53924
53924
53924
54412
54421
54738
54793
54984
55095
55134
55427
55430
55510
55564
55631
55631
55912
56329
56484
56521
56680
56774
56791
56791
56992
57421
57628
57707
57753
58035
58059
58060
58242
58243
58423
58423
58503
58547
58550
58790
