406
411
449
1181
1227
1301
1405
1479
2014
2392
2491
2491
2491
3868
3869
4051
4051
4182
4381
4509
4509
4615
4752
5127
5135
5339
5795
6081
8072
8103
8326
8326
9659
9765
10132
10161
10171
10250
10921
11044
11191
11737
11737
11869
12145
12873
12901
12902
13011
13056
13768
13891
14031
14031
14899
15057
15057
15058
15128
15178
15178
15596
15596
15692
15829
16046
16364
17538
17538
18007
18007
18007
18178
18803
19163
19224
19500
20152
20312
20322
20322
20326
20520
20636
20639
20716
20716
21216
21267
21267
21267
21495
22037
22539
22539
22539
22791
22964
23042
23329
23912
25009
25009
25082
25082
26286
26446
26446
28543
29489
29907
30118
30118
30494
31170
31228
31464
31532
31564
31564
31564
31564
31564
31564
31949
32249
32342
32656
32691
32918
33069
33203
33381
33421
33540
34220
34220
34258
34322
34322
34322
34322
35809
36824
36824
36824
36824
37243
37306
37306
37848
38168
38469
38469
38812
38985
38985
39098
39385
39475
39480
39480
39482
39932
40134
41126
41249
41275
41275
41565
41768
41960
42910
43592
43785
43805
43903
43903
43903
43985
43985
44006
44092
44092
44121
44349
44435
44435
44568
44693
44701
44716
44716
44729
44729
44734
44785
44785
44785
44785
44794
44828
45614
45614
45614
45614
45614
45615
45615
45615
45615
45615
45641
45641
45705
45760
46057
47811
48123
48123
48213
48213
48219
48221
48221
48221
48227
48653
49012
49012
49019
49034
49261
51307
51479
51479
51480
51642
52395
52404
52859
52862
52862
52875
52875
52959
53340
53577
54274
54577
55901
56207
56326
56554
56562
57400
57400
57401
57401
57401
57413
57944
58095
58174
58187
58388
58388
58388
58409
58567
58717
58808
