312
917
919
919
919
1181
1266
1448
1479
1517
1658
1850
2049
2842
2871
2950
3422
3776
4051
4051
4314
4314
4314
4314
4314
4314
5387
5387
5798
5863
7098
7116
7199
7203
7381
7711
7729
7802
7846
7903
8018
8880
9138
9482
9659
9659
9659
9659
9737
9737
9737
10479
10877
10883
10928
11041
11041
11041
11041
11041
11041
11041
11044
11044
11044
11044
11044
11044
11044
11196
11196
12063
12064
12108
12264
12384
12697
12931
13057
13213
14417
14485
14506
14624
14649
14649
14650
14699
14773
14773
14773
14773
14773
14773
14773
14773
15112
15153
15241
15396
15512
15602
15603
15608
15608
15608
15608
15744
16021
16399
16419
16471
16571
16622
16622
17779
17779
17781
17781
18274
18800
18800
18800
18800
19500
19500
19500
19952
20174
20424
20636
21266
21495
21495
21608
21608
21652
21821
21827
21883
21904
22263
22411
22411
22539
22539
22558
23366
23439
23573
23659
23807
23903
25145
25526
25710
25882
26078
26252
26252
26252
26252
26252
26252
26252
26252
26252
26252
26687
26687
26687
26687
26687
26855
26855
27581
28157
28635
28751
29061
29219
29225
29402
29907
29907
29907
30386
30386
30386
30386
31016
31108
31108
31108
31108
31108
31108
31258
31389
31389
31389
31621
31707
31769
31782
31837
31916
31986
32500
33367
33367
33482
34224
34224
34224
34348
34348
34348
34348
34348
34348
34373
34373
34405
34474
34547
34547
34609
34887
34931
35123
35148
35227
35284
35444
35444
35459
35459
35459
35459
35459
35644
35644
35644
35644
36485
36693
36972
37243
37308
37390
37423
37475
37862
37972
38469
38513
38537
38613
38630
38671
38671
38819
39098
39181
39215
39215
39279
39279
39281
39281
39281
39385
39411
39678
40128
40128
40913
41019
41423
41423
41645
41960
42205
42205
42276
42610
42767
42767
42768
42768
42768
42768
42768
42768
42768
42800
42910
42912
42912
43292
43574
43792
44224
44417
44417
44712
44785
44847
44946
44946
44946
44946
44972
44972
44972
44972
44972
45308
45395
45395
45573
45573
45676
45710
45977
45977
45977
46090
46093
46283
46283
46283
46358
46419
46777
47284
47325
47455
48123
48640
48833
49060
49060
49090
49116
49116
49116
49121
49168
49168
49168
49168
49176
49664
49664
49668
50738
50745
50859
51382
51382
51672
51672
51740
51740
51740
51740
51743
51743
51743
51969
52078
52119
52172
52386
52870
52967
52967
52967
53322
53382
53404
54366
54521
54568
54571
55552
55556
55652
55705
55705
55705
55705
55705
55705
55705
56255
56326
56560
57149
57149
57186
58538
58540
58540
58540
58548
58554
58624
58702
58731
58731
58823
58823
