281
528
528
1479
1728
1728
1782
1782
1782
1783
1814
1850
2022
2316
2321
2930
3096
3381
3625
4140
4180
4185
5058
5401
5500
6012
6701
7199
7199
7710
7830
7830
7830
7830
7830
7831
7901
7901
7901
7901
8058
8067
8068
8527
8738
8848
9762
10463
10716
10882
10928
11076
11713
11869
12108
12145
12558
12558
12910
13232
13430
13612
13835
14079
14096
14315
15024
15596
15986
15986
16126
16454
16454
16454
16542
16869
16869
17283
17283
17292
17368
17509
17513
17513
17513
18015
18104
18274
18479
18803
18822
18911
19044
19159
19163
19163
19382
19652
19737
19737
19809
19809
20385
20385
20508
20570
20636
20666
20744
21131
21318
21318
21318
21525
21589
21593
22054
22158
22558
22568
22786
22791
23238
23239
23283
23871
23871
23871
23871
24111
24184
24184
24184
24529
24775
24987
25009
25082
25686
25932
27873
28149
28219
28313
28323
28512
28551
28551
29004
29006
29008
29209
29907
30377
30473
30490
30858
31067
31067
31631
31679
32249
32877
32877
32904
32928
33038
33069
33398
33398
33443
33829
33940
34220
34220
34239
34344
34358
34374
34374
34831
34992
35617
36198
36433
37478
37537
37537
38469
39098
39175
39175
39175
39175
39385
39475
39482
39487
39487
39602
39662
39933
40985
40985
40985
40985
41075
41125
41186
41271
41490
41565
41960
41964
42485
42910
43062
43101
43312
43535
43985
44139
44178
44505
44571
44679
44961
45308
45573
45665
45902
46470
46777
47387
47618
48257
48470
48964
49261
50854
51261
51263
51295
51535
51585
51585
51801
51906
52031
52369
52422
52705
52705
52772
52859
53431
53431
53775
54347
54464
54489
54490
54738
55043
55286
55430
56159
56159
56159
56255
56326
56326
56406
56695
56695
56852
57364
57367
57367
57367
57368
57368
57634
57634
58474
58731
58808
59091
