878
1128
1128
1406
1782
1808
1850
1850
1850
1850
1850
1850
1850
2319
2812
3004
3004
3004
3877
4051
4182
4182
4182
4182
4216
4244
4340
4811
5614
6177
6285
6408
7193
7381
7445
7676
7901
8149
8155
8565
8614
8771
9482
9673
10401
10871
10972
11196
11694
11737
11857
11857
11857
11902
12047
12068
12208
12348
12394
13629
13975
14986
15689
15692
15693
16268
16268
16331
16331
16421
16979
16980
17538
18289
18315
18426
18426
18459
18505
18800
18800
18800
18803
18861
19500
19666
20136
20424
21016
21495
21960
21960
21992
22411
22411
22539
22728
23261
23263
23283
23366
23664
23705
23819
23915
24227
24228
24232
24232
24232
25009
25221
25299
25865
26832
26832
26832
26832
26832
26992
27439
27439
27497
27534
28029
28254
28930
29220
29235
29238
29238
29483
29907
29963
30103
30122
30122
30122
30122
30122
30341
30341
30521
31012
31156
31228
31467
31631
32154
32207
32969
32969
33089
33427
33493
33733
34452
34508
34858
35093
35240
35449
35449
35449
35449
35449
35449
35450
35452
35912
36085
36321
36458
36529
37016
37243
37243
37475
37475
37514
37691
37840
38469
38746
38891
39385
39932
40923
40985
40985
40985
40993
41088
41098
41186
41257
42326
42910
42910
42910
42912
43002
43002
43003
43072
43072
43077
43077
43077
43077
43077
43077
43077
43077
43078
43079
43080
43080
43288
43355
43361
43535
43613
43903
43930
44220
44440
44443
44447
44933
45707
45707
45760
45760
45808
45808
45808
45881
45902
45987
46244
46832
46959
47035
48298
48470
48548
48592
48597
48704
48960
48962
49579
49579
50113
50425
50506
50567
50696
50770
51057
51057
51218
51218
51218
51430
51676
51736
52875
52964
52991
52991
52991
52991
53431
53884
54101
54763
54872
54919
55119
55163
55454
55564
55610
55610
55610
55691
55691
55972
56118
56122
56326
56791
57899
57960
58080
58161
58187
58269
58269
58273
58464
58487
58535
58535
58741
