848
848
848
849
951
1054
1164
1173
1181
1439
1636
1689
2087
2109
2305
2392
2392
2392
2416
2491
2491
2491
2512
2896
2934
3297
3627
4006
4006
4006
4006
4020
4051
4051
4182
4185
4185
4244
4244
4340
4667
4684
4698
4775
4982
4982
5148
5387
5387
5403
5404
5880
6671
7347
7575
7635
7770
7770
7901
7901
7901
7909
7909
7909
7909
8147
8308
8308
8308
8308
8308
8359
8369
8425
8517
8583
8614
8626
9300
9481
9692
9909
9928
10049
10331
10331
10331
10499
10499
10572
10577
10687
10687
10968
11323
11323
11857
11857
11861
12198
12281
12497
12497
12655
13826
13834
13837
14631
15375
15602
15643
15690
15741
15741
15986
16004
16307
16331
16495
16571
16791
17204
17393
17509
17529
17533
17724
17862
18293
18294
18315
18520
18800
18803
18941
19044
19110
19362
19435
19513
19951
19972
20100
20179
20679
21016
21458
21495
21495
21495
21962
21962
22010
22159
22431
22558
22558
22615
22944
23247
23283
23664
23665
23766
23870
24098
24111
24111
24111
24111
24111
24111
24111
24111
24111
24111
24167
24184
24184
24206
24776
24778
24778
24869
25062
25109
25635
25675
25675
25675
25675
25710
25747
26004
26034
26078
26428
26446
26810
26810
26830
26832
26832
26832
26836
27078
27078
27114
27501
27501
27501
27670
28151
28244
29004
29021
29021
29041
29493
29517
29854
29854
29884
29904
29907
29907
29987
30010
30010
30010
30010
30010
30010
30010
30010
30010
30010
30010
30100
30124
30317
30329
30331
30331
30331
30331
30331
30331
30331
30331
30331
30331
30332
30332
30332
30338
31484
31571
31798
32118
32249
32262
32372
32778
32879
33381
33381
33603
33603
33605
33605
33605
33605
33605
33605
33605
33605
33605
33605
33605
34265
34297
34394
34405
34452
34547
34727
34800
35123
35162
35240
35508
35644
35872
36627
36627
36710
36903
37016
37042
37382
37417
37537
37537
37537
37782
37857
37894
37937
38018
38485
38812
38822
38822
38822
38822
39098
39098
39385
39385
39483
39483
39915
40946
40971
40971
40985
41041
41186
41197
41235
41249
41678
41714
41719
41808
42070
42071
42071
42073
42077
42093
42094
42097
42190
42241
42402
42610
42610
42683
42764
42910
42910
42912
42912
42995
43043
43045
43101
43101
43101
43101
43101
43104
43104
43104
43104
43104
43247
43361
43361
43409
43469
43636
43636
43985
43985
44013
44182
44182
44211
44236
44574
44668
44677
44678
45281
45281
45308
45336
45336
45362
45490
45567
45707
45774
45808
45808
45808
46524
46524
46595
46926
47109
47109
47109
47109
47117
47117
47320
47328
47520
47520
47522
48095
48114
48123
48466
48475
48476
48592
48644
48823
48871
48873
48874
48965
48966
49169
49464
49563
49614
49614
49614
49747
50764
51333
51676
51801
52031
52031
52059
52119
52336
52549
53300
53304
53608
53608
53608
53851
54406
54421
54432
54436
54598
54689
54738
55344
55454
55517
55691
55762
55762
55762
55762
55762
55763
55763
55763
55763
55763
55763
55912
56255
56269
56320
56320
56326
56331
56331
56700
56789
56885
56888
57075
57149
57636
57693
58066
58262
58278
58307
58732
58745
58785
58896
58908
59198
59288
