117
549
2437
3811
4155
4180
4180
4659
4712
4712
4863
5091
5445
5445
5825
6567
6567
7244
7676
9633
9659
9659
9687
9729
10330
10330
11173
11902
12709
12774
12822
13124
13125
13349
14593
14624
15485
15596
15596
15602
15689
15693
16009
16184
16184
16184
16191
16191
17829
18028
18031
18031
18656
18803
18803
19283
19447
19662
20408
20628
20739
21318
21495
21495
21589
21802
22355
23531
23766
24105
24105
24111
24764
24764
27272
27893
28273
29274
29274
29572
29685
29689
29907
30253
30253
30502
30502
30502
30927
31252
31546
32077
32422
32591
32917
32918
33240
33367
34452
34461
34461
35169
35240
35396
35925
36458
36605
37153
37162
37162
37321
37514
37838
38988
39163
41045
41197
41239
41708
41708
42077
42128
42910
42910
42910
42910
43985
44092
44450
45554
45601
45681
45760
45891
46090
46198
46262
47002
47286
47455
47577
47577
47979
48099
48640
48873
49070
49146
49344
49356
50588
51141
51200
51200
51509
53304
53382
53431
54747
54943
55655
56695
56886
57450
57598
58590
58808
58808
58915
