684
684
684
1297
1675
3632
3999
4020
4797
5271
5272
7009
7445
8449
8614
8738
8983
9174
9466
9633
9633
9893
9894
10384
10384
10384
10398
10598
10673
10876
11191
11191
11191
11191
11196
11196
11436
11750
11995
12387
12387
12387
12387
12575
12594
12594
12594
12594
12594
12831
13338
14342
14513
15128
15179
16129
16146
16320
16392
16397
16398
16399
16542
16961
16961
17309
18291
18315
18315
19200
19200
19203
19900
20029
20385
20636
20666
20666
21224
21357
21422
21431
21502
21581
21686
21686
21875
22263
22409
22539
22791
22860
23087
23238
23238
23238
23238
23238
23238
23238
23238
23238
23238
23316
23766
23912
23931
24105
24108
24111
24249
25414
25416
25597
25710
25710
25710
25937
27254
27268
28311
28315
28316
28318
28318
28318
28318
28318
28543
28664
28664
29029
29209
30128
30862
31716
32171
32172
32258
32258
32269
32269
32656
32918
32918
33451
33524
33748
33748
33927
34223
34884
34884
35210
35590
35658
36022
36820
36903
37055
37162
37162
37345
37514
37537
37553
38468
39504
39600
39600
39600
39600
39600
39888
39949
39951
39953
40023
40171
40515
40771
40877
40985
41258
41898
42076
42081
42347
42910
42929
43069
43104
43483
43483
43934
44118
44182
44645
44785
44785
44794
44794
45049
45049
45292
46333
46340
46554
46804
47530
48153
48156
48466
48466
48704
50024
50885
51456
51479
51504
51509
51509
51509
51509
51509
51509
51509
51509
51509
51509
51509
52033
52091
52395
52395
52399
52707
53043
53074
53074
53589
53613
53897
54085
54085
54085
54132
54133
54144
54432
55318
55318
55633
55633
55652
56320
56732
57149
57332
57505
57698
58388
58881
