148
272
859
876
953
1055
1262
1616
1767
1993
2065
2241
2241
2390
2392
2491
2491
2491
2920
3004
3281
3295
3392
3497
3625
3804
4006
4006
4072
4182
4182
4185
4235
4244
4244
4340
4340
4982
5316
5316
5387
5387
5642
5647
5863
6382
6382
6706
6991
7111
7199
7199
7347
7347
7347
7541
7541
7710
7710
7849
7852
7868
7901
7901
7901
7901
7901
7901
7901
7901
7901
7901
7901
7901
8029
8029
8029
8029
8032
8118
8185
8543
8581
8583
8738
9571
9650
9888
9908
10034
10093
10396
10471
10619
10673
10727
10843
11196
11297
11846
11860
11869
11869
12062
12194
12265
12910
13048
13062
13127
13175
13175
13470
13609
13657
13657
13657
13826
14005
14035
14036
14329
14368
14624
14862
14864
15010
15010
15010
15017
15235
15293
15375
15550
15596
15596
15683
15741
15943
16331
16346
16410
16416
16416
16454
16738
16901
16901
17794
18178
18288
18441
18656
18800
18800
18800
18803
18861
19253
19737
20114
20424
20424
20622
20722
20872
20974
21170
21202
21256
21266
21595
21772
21962
22158
22164
22269
22558
22558
22558
22754
22754
22760
22864
22864
22864
23098
23113
23113
23113
23113
23283
23664
23703
23703
23808
23912
24105
24105
24107
24107
24107
24111
24111
24111
24111
24111
24614
24619
24636
24636
24636
24636
24636
24636
24636
24636
24636
25098
25099
25106
25224
25224
25303
25303
25371
25371
25371
25635
25675
25682
25741
25741
25762
26126
26126
26126
26126
26132
26132
26132
26687
26688
26832
26832
27669
28344
28748
28929
29129
29210
29478
29828
30100
30122
30128
30287
30287
30386
30966
31121
31484
31484
31485
31803
32488
32778
32778
32785
32799
33253
33253
33253
33253
33253
33876
33940
34423
34547
34547
34800
34800
34965
35380
35380
35444
35552
35577
35616
35740
35968
36497
36631
36631
36631
36727
36727
36820
37243
37243
37475
37475
37537
37537
37537
37537
37537
37541
37749
37857
38383
38383
38812
39098
39175
39385
39392
39482
39482
40022
40023
40046
40194
40849
40923
40960
40985
41100
41125
41302
41313
41327
41362
41362
41362
41362
41362
41362
41364
41396
41413
41618
41618
41618
41618
41808
41828
42057
42057
42061
42061
42072
42072
42078
42078
42083
42162
42162
42190
42203
42205
42205
42791
42857
42910
42910
42910
42910
42910
42910
43103
43366
43372
43645
43819
43985
44006
44006
44138
44178
44178
44178
44178
44182
44182
44182
44182
44211
44246
44529
45365
45567
45567
45567
45567
45567
45705
45705
45707
45808
45808
45808
45808
45808
45881
45901
46090
46147
46414
46604
47049
47288
47481
47577
47958
48123
48203
48472
48541
48562
48871
48960
49018
49121
49133
49146
49340
49341
49345
49431
49579
49579
50049
50124
50172
50173
50310
50895
51177
51356
51456
51736
51801
52109
52398
52436
52948
53164
53175
53177
53273
53385
53393
53398
53598
53608
53626
53779
53781
53781
53781
53781
54376
54598
54722
54738
55163
55163
55441
55486
55691
55984
56028
56032
56205
56209
56255
56255
56255
56269
56326
56326
56327
56695
56791
56791
56829
56831
56903
56976
57582
57966
58059
58059
58059
58174
58218
58278
58460
58745
