427
2491
2894
3933
4006
4244
4244
4367
5131
6355
6362
6362
6362
6362
6362
6362
6406
6991
6991
7050
7909
7912
8938
9774
10067
10824
11323
12108
13116
13495
13646
13646
13646
13657
13826
14003
14508
14508
14863
15564
15596
15596
15596
15596
15689
15690
16331
16901
17069
17069
17368
18440
18608
18608
18608
18608
18608
18608
18658
18800
18803
18921
19968
19969
19970
19970
20174
20779
20880
21353
22041
22154
22154
22754
22754
23098
23098
23285
23374
23664
24111
24674
25564
26129
26405
29008
29904
29907
29907
29907
30317
30338
30517
31859
31859
32542
32542
32542
32542
32626
32900
32900
32900
33421
33482
33540
33815
34113
34120
34220
34467
35444
35444
35839
36122
36585
36585
36585
36693
37199
37478
37544
37698
39098
41489
41906
42380
42381
42381
42610
42910
43316
43374
43409
43409
43985
43987
43987
43990
44182
44182
44484
44570
45705
45902
46252
46365
48703
48703
48704
49018
49223
50292
51736
52079
52780
52859
52859
52875
53216
54504
54876
55506
55506
55668
56326
57149
57149
57298
57499
57515
57515
57515
58540
58547
59194
