66
701
701
707
1479
1479
1850
1850
2491
2491
2491
2491
2491
2491
2491
2491
2491
2491
2491
2491
2491
2491
2491
2491
2870
3004
3004
3004
3775
3775
3775
3775
3932
3985
3985
3985
3985
3985
3985
3985
3985
3985
4017
4180
4340
4522
4522
4522
4522
4522
4522
4775
5570
5570
6862
7613
7620
7698
8552
8552
8552
8552
8552
8552
8552
8552
8552
8552
8552
8557
8557
9286
9919
10755
10881
11191
11191
11621
12569
12569
12569
12761
12761
12859
12859
13629
14040
15097
15097
15097
15097
15097
15097
15097
15596
15596
15596
15596
15693
15693
16210
17080
17080
18291
18291
18291
18315
18658
18876
18876
18876
18876
19030
19030
19030
19500
19737
20023
20023
20023
20174
20636
21264
21495
22946
22946
22946
22946
23283
23283
23283
23915
23915
24111
24111
24111
24111
24869
24869
25727
25727
25727
26284
26284
26423
26423
26423
26428
26428
26836
26836
26836
26937
26937
27804
27829
28165
28421
29177
29187
29187
30124
30124
30124
30124
31027
32379
33571
34440
34440
35661
35811
36136
36136
36797
36797
37060
37064
37064
37066
37475
37968
37968
37968
38615
38838
38838
38839
38839
39098
39098
39098
39098
39098
39098
39181
39181
39487
39504
41075
41075
41075
41075
41075
41098
41098
41180
41182
41187
41187
41262
42078
42078
42078
42078
42078
42078
42078
42078
42078
42078
42910
42910
42910
42910
42910
42910
42910
43004
43004
43004
43004
43004
43004
43004
43004
43004
43004
43004
43004
43004
43004
43004
43004
43004
43004
43004
43004
43004
43004
43004
43004
43004
43004
43004
43004
43004
43004
43004
43004
43004
43004
43004
43004
43004
43004
43004
43004
43004
43214
43253
43253
43253
43253
43755
43755
43755
43755
43755
43759
43987
44413
44413
44413
44745
44755
44894
45299
45619
45619
45619
45650
45650
45650
45650
45650
45650
45650
45650
45650
45808
45808
46090
46269
46269
46269
46269
46661
46784
47058
47264
49224
49224
49445
49448
50407
50564
51786
51786
51801
51801
52077
52077
52077
52717
52721
53302
53307
53473
53844
53844
53844
53844
54989
54989
54989
55233
55233
55233
55233
55233
55233
55233
55233
55233
55233
55233
55233
55233
55233
55233
55233
55486
55486
55486
56707
56852
56852
56852
56852
56852
56852
56852
56852
56852
56852
56852
56852
56852
56852
56852
56852
56852
56852
56852
56852
56852
56853
56853
56855
56855
56855
56904
56904
56904
57749
