1479
1515
1761
1761
1762
1763
1850
1850
2156
2300
2392
2424
2424
2424
3274
3684
3758
3758
3758
3808
3921
4079
4171
4182
4182
4244
4340
4685
4685
4685
4685
4765
4765
5434
5444
5644
5648
5650
7710
7770
7901
8048
8161
8216
8434
8434
8434
8434
8663
8738
8738
8828
9018
9729
10619
11196
11608
11857
12642
13612
13657
14036
15596
15689
15692
16331
16331
16364
16646
16646
16763
16975
17533
17542
18017
18224
18315
18397
18549
18658
18658
18658
18800
18800
18800
18800
18800
18803
18803
19766
20174
20174
20431
20495
20539
22363
22558
22944
23084
23098
23840
24135
24524
24524
24525
24525
25682
25764
25850
25940
26185
26278
26308
26687
27658
28028
28180
28510
28510
28715
29225
30118
30118
30146
30416
30822
31325
31325
31710
32015
33459
34110
34242
34265
34265
34803
36025
36269
36269
36431
36432
36458
36631
36662
36843
37335
37335
37475
37475
37838
37852
38089
38104
38672
38822
38859
38859
39385
39580
39580
39843
40132
41136
41259
41964
42072
42072
42078
42078
42078
42078
42078
42715
42910
42912
43072
43072
43072
43072
43072
43072
43288
43291
43310
43792
43985
43985
43987
44092
44145
44211
44238
44643
44846
45614
45856
46273
46777
48949
49225
49236
51426
51672
51672
51672
51672
51672
52059
52705
52723
53139
53397
54314
54808
54808
54816
54908
55455
55552
55652
55985
55995
56004
56903
57050
57062
57062
57149
57780
57923
58080
58243
58388
58388
58388
58548
58548
58743
58743
59422
