741
977
1850
3198
4180
4185
5434
5906
5906
5906
7049
7049
7049
7583
7901
8270
8359
9751
10080
10290
10673
10898
11196
12145
13743
14864
15596
16869
18168
19402
19615
19615
19727
19727
20174
20385
20495
20495
22539
22757
23098
23567
23567
23567
24111
24111
25750
27130
27130
27529
30454
31258
32588
33915
34321
34684
34887
35162
35616
35644
35865
35865
36097
37390
38092
38093
38093
38094
38985
38985
38985
39523
40478
40925
42276
42276
42276
42412
42412
42910
42910
42910
43009
43072
43631
43631
43631
43831
43985
44153
44527
44827
44953
44972
45522
45641
47747
48094
48537
48644
48814
52117
52457
53715
54987
55609
55678
55844
56269
56652
58409
58409
58785
