742
759
1055
1452
1452
1850
1850
2142
2142
2208
2491
2491
2554
2697
2868
3213
4006
4216
4841
4865
4869
4869
5401
6579
7445
7445
7591
7770
7847
7901
8132
8432
8432
8449
8614
8614
8818
8977
9007
9029
9299
9659
9687
9710
10080
10086
10270
10345
10384
10710
10742
10915
11284
11297
11736
11737
11814
11814
11831
12234
12831
13006
13533
13678
14274
14276
14294
15085
16047
16320
16751
17542
18089
18178
18288
18641
18800
18803
18803
19084
19114
19173
19340
19881
19881
20273
20666
21390
21495
21751
22407
22409
22559
22841
23062
23071
23122
23927
23927
24107
24107
24111
24111
24111
24878
25009
25062
25076
25076
25597
25675
25929
26428
26428
26433
26690
27243
27243
27528
27696
28508
29927
29987
29995
30317
30332
30416
30522
31028
31413
31443
31716
31958
32372
32396
32696
32956
32961
33243
33252
33351
33927
34437
34437
35135
35162
35183
35224
35444
35534
35590
35590
35626
35760
35844
35846
35846
35846
35846
35846
35846
35846
35846
36025
36379
36399
36718
36790
36891
37066
37162
37162
37426
37537
38921
38921
39481
39487
39809
39827
40516
41258
41263
41296
41296
41396
41937
42040
42078
42165
42301
42450
42450
42610
42816
42910
42910
42910
42912
43292
43292
43641
43985
43985
43987
44057
44236
44440
44503
44572
44714
44734
44794
44794
45164
45336
45336
45614
45774
45808
46233
46590
46657
46869
47035
47111
47281
47388
47750
47953
48110
48127
48175
48407
48466
50670
50703
50784
51456
51462
51672
51829
51829
52059
52079
52091
52396
52623
52717
52938
54175
54296
54366
55079
55134
55134
55163
55445
55486
56269
56320
57149
57573
57668
57733
57923
58278
58376
58376
58388
58388
58388
58573
58692
58692
58740
