790
919
919
927
929
929
929
1181
1239
1357
1358
1360
1360
1360
1403
1479
1707
1767
1767
1850
2016
2050
2050
2050
2422
2448
2491
2857
2868
2882
3004
3338
3339
3637
3637
3637
4006
4185
4185
4231
4231
4244
4337
4337
4527
5007
5139
5673
5708
6106
6579
6874
6874
6874
6875
6884
7347
7347
7381
7381
7698
7699
7846
7851
7901
7955
8078
8149
8657
8683
9659
9737
9737
9737
9737
9835
9923
9982
10034
10080
10171
10176
10350
10365
10384
10708
10749
10853
10876
10913
10918
11091
11154
11196
11196
11196
11196
11289
11361
11902
12655
12797
13059
13731
13731
13735
13740
13740
13740
13830
13831
14073
14287
14506
15044
15053
15053
15241
15315
15375
15596
15608
15689
15693
15741
15741
16154
16208
16210
16486
16954
17003
17108
17779
17780
18007
18070
18183
18274
18315
18343
18549
18665
18665
18665
18665
18665
18665
18665
18800
19438
19500
19500
19737
19993
20003
20174
20319
20636
20636
20636
20988
21495
21525
22040
22265
22300
22558
23098
23098
23098
23222
23283
23287
23307
23309
23317
23376
23653
23653
23706
23706
24105
24105
24105
24105
24111
24561
24601
24735
24735
24736
24869
24869
25042
25106
25590
25597
25597
25635
26218
26313
26380
26423
26428
26554
26685
26687
26937
27562
27669
28157
28157
28324
28341
28421
28422
28602
28615
28640
28726
28898
29002
29002
29315
29736
29854
29854
29854
29854
29907
30185
30317
30341
30341
30341
30896
31641
31641
31782
31782
31782
31782
31837
31837
31837
31845
31845
31876
32558
32656
33063
33063
33063
33063
33063
33063
33063
33063
33174
33183
33451
33843
33843
34085
34237
34348
34348
34348
34348
34423
34800
35144
35284
36432
36433
36433
36494
36779
37129
37145
37376
37417
37475
37478
37478
37514
37514
37537
37629
38469
38811
38812
39098
39181
39215
39288
39288
39385
39399
39475
39475
40197
40303
40303
40317
40459
40553
41082
41132
41186
41186
41263
41268
41522
41522
41696
41735
41735
41937
41943
42075
42078
42484
42910
42910
42910
42910
43024
43170
43292
43300
43312
43645
43754
43789
43985
44013
44092
44131
44132
44146
44211
44338
44338
44338
44418
44443
44480
44480
44627
44642
44679
44785
44785
44785
44792
44794
44794
44962
44975
45308
45336
45336
45336
45707
45874
46247
46494
46502
46520
46967
46967
47411
47411
47511
47511
47511
47515
47515
47573
47801
47849
47851
48058
48523
48562
48637
48871
48871
49146
49169
49169
49169
49169
49169
49169
49169
49169
49169
49169
49169
49169
49169
49169
49169
49169
49169
49169
49175
49237
49425
49839
50604
50696
50862
50865
50865
50982
51047
51382
51382
51382
51382
51382
51479
51479
51690
51740
52117
52340
52398
52802
52862
52866
53034
53034
53034
53035
53382
53431
53435
53668
53668
53684
54082
54960
54960
54960
54960
54960
54960
54960
54960
54960
55233
55454
55486
55580
55705
55705
55705
55705
55705
55706
55918
56028
56320
56320
56320
56326
56326
56326
56326
56327
56331
56469
56703
56704
56706
56717
56717
56727
56941
56987
57358
57358
57358
57358
57358
57358
57634
58278
58355
58540
58718
58745
58808
58826
58911
