15
449
1448
1502
1502
1502
1503
1503
1503
1508
1508
1767
1985
1985
2022
2022
2022
2398
2398
2786
2873
3378
3683
3683
3812
4051
4051
4051
4139
4185
4249
4381
4388
4388
4775
4790
4793
5271
5272
5338
5338
5338
5338
5338
5338
5338
5711
6009
6009
6012
6698
7116
7116
7199
7199
7228
7381
7695
7770
7788
7788
7788
7901
7901
7912
8067
8314
8785
8785
9035
9300
9412
9659
9850
10409
10595
11171
11196
11902
11941
11941
11983
12090
12104
12145
12601
12922
12922
13612
13612
14595
14620
14620
14624
14854
15065
15326
16394
16495
17380
17754
17756
17756
17757
17757
18274
18800
18921
19173
19639
20275
20290
20490
20636
20636
20666
20746
20913
20985
21127
21352
21495
21495
21495
21728
21962
22039
22039
22039
22040
22040
22040
22947
23042
23098
23613
23664
23664
23664
23664
23703
23766
24111
24337
24798
25710
25710
25929
26286
26685
26685
26687
26687
26687
28421
28543
28662
28662
28662
28662
28663
28663
28663
28873
29144
30341
30704
31382
31484
31679
32070
32249
32380
32713
32971
32971
33451
33451
33524
34423
34884
35210
35617
36022
36022
36031
36631
36794
37049
37086
37086
37246
37881
37964
37968
38046
38562
39326
39481
39487
39677
39677
39887
39949
40022
40530
40768
40913
40985
41026
41182
41253
41490
41494
41824
41914
41943
41943
41955
41955
42072
42078
42154
42154
42162
42210
42325
42624
42694
42694
42694
42694
42694
42910
43008
43008
43017
43292
43768
43987
44013
44132
44132
44211
44436
44729
44785
44785
44785
44785
44785
44785
44794
44972
44973
45843
45890
45893
46417
46585
46765
47359
47780
47876
48094
48466
48703
48703
48703
48703
48703
48703
48847
48960
49063
49146
50029
50031
50031
50527
50604
50885
50885
51022
51509
51509
51801
52031
52118
52471
52613
52631
52642
52972
53072
53072
53072
53072
53911
54194
54374
54488
54489
54738
54823
54823
54960
54960
55300
55302
55314
55315
55344
55486
55580
55616
55617
55919
56320
56320
56320
56320
56320
56327
56331
56331
56492
56599
56640
56640
56640
56648
56652
56652
56652
56652
56695
56727
56903
56903
57400
57502
57510
57521
57863
57863
57863
57863
58311
58378
58388
58409
58668
58719
58719
58731
58872
59027
