303
876
2156
3142
4051
4051
4182
4182
4185
4633
4639
5618
5619
6854
7849
8738
9673
9735
10080
10093
10384
10454
10454
11459
12018
13445
15547
15819
15819
16320
16969
17420
17435
18230
18289
18315
18315
18761
18803
20043
20048
20431
20495
20665
21114
21115
21115
21115
21608
22493
22546
22615
22615
22615
22615
22753
22768
22768
22768
22944
22944
23330
24255
24329
24701
24764
25326
25682
25682
25929
26428
27067
27269
27658
27670
29239
30122
30122
30377
31001
31121
31662
31719
32640
32956
33427
34538
34870
34895
35243
35839
36432
36493
37064
37655
38214
39385
39843
40132
40322
40334
40540
41186
41839
41948
42078
42078
42673
42910
43072
44232
44232
44538
44645
44701
46690
47520
48130
49227
49544
51456
51456
51491
51509
51509
51672
52014
52862
52862
52866
52886
52886
52886
52887
53393
54406
54643
55550
56255
56541
56791
57401
57446
57502
57863
58085
58925
59331
