211
1448
1798
1850
1972
2061
2382
2382
2390
2396
2491
2794
3161
3261
3269
3281
3293
3295
3297
3298
3299
3317
3462
3497
4051
4180
4185
4244
4244
4340
4552
4742
4982
5387
5708
5709
5709
5712
5863
5863
5994
6020
6020
6345
6925
7445
7591
7696
7802
7901
7909
7909
8099
8149
8158
8569
8569
8569
8569
8614
9453
9677
9678
9694
9729
9782
10779
10836
10836
10848
11405
11559
11694
11694
11694
11737
11902
12212
12212
12348
12844
13268
13646
13646
14038
14038
14589
14864
14864
15500
15522
15690
15719
15978
16145
16226
16331
16965
17069
17069
17069
17748
17750
17779
17779
17786
17786
17924
17924
17928
18183
18183
18315
18315
18658
18665
18665
18665
18665
18665
18665
18778
18778
18800
18803
18803
18803
18815
19081
19500
19638
19737
20100
20174
20174
20279
20495
20522
21246
21357
21521
21521
22170
22409
22456
22539
22558
22940
22940
22940
22940
22946
22946
22946
22946
22946
22946
22946
22946
22946
22946
22946
22946
22946
22947
23077
23247
23261
23265
23541
23541
23766
23766
23807
23807
23813
23819
23819
23884
23993
23993
24116
24764
24798
25106
25929
25929
25932
26559
26687
26715
26715
27439
27439
27439
27841
28011
28151
29210
29278
29603
30097
30122
30124
30284
30331
30331
30331
30331
30338
30338
30338
30357
30357
30360
30498
30517
31009
31372
31372
31770
32366
32888
33001
33240
33927
33927
33964
34110
34223
34508
34552
35017
35017
35162
35446
35450
35450
35451
35451
35451
35452
35452
35453
35453
35453
35453
35453
35453
35453
35461
35461
35533
35597
35597
35597
35597
35600
35600
35600
35600
35600
35600
35604
35616
35616
35616
35658
35658
35658
35690
35778
35778
35779
35779
35839
35839
35839
35839
35839
36792
36792
36792
36792
36804
36833
37023
37028
37060
37162
37162
37514
37690
37697
37698
37890
37894
38108
38108
38139
38168
38168
38441
38441
38441
38441
38746
39474
39580
39682
40506
40599
40599
40599
40600
40600
40872
40985
40985
40985
40985
40993
41152
41158
41186
41186
41207
41262
41263
41263
41949
42078
42165
42610
42610
42610
42610
42610
42610
42610
42610
42612
42616
42910
42910
42912
43004
43072
43072
43072
43072
43072
43072
43072
43072
43077
43077
43078
43079
43080
43080
43080
43080
43101
43430
43497
43636
43645
43645
43903
43903
43903
43903
43903
43985
43987
44350
44443
44780
45067
45859
45859
45881
45994
46269
46269
46269
46290
46650
46819
46917
47050
47455
47994
48067
48068
48107
48109
48258
48342
48507
48512
48632
48632
48644
48644
48644
48644
48644
48644
48644
48644
48644
48644
48644
48704
48779
48833
48833
49148
49431
50113
50113
50113
50113
50113
50113
50113
50121
50696
51099
51218
51241
51241
51289
51456
51672
51736
51801
51801
51829
51904
51921
52059
52059
52059
52059
52103
52383
52875
53224
53409
53589
53902
55106
55134
55163
55163
55441
55441
55445
55486
55610
56209
56269
56296
56331
56331
56331
56454
56456
56791
56791
56791
56903
56941
56987
57141
57149
57521
57867
57980
58080
58080
58080
58080
58269
58269
58463
58463
58464
58464
58464
58466
58477
58735
58808
58808
58925
58925
