243
410
701
718
718
953
1054
1097
1239
1239
1241
1479
1479
1479
1479
1619
1850
2035
2035
2037
2424
2491
2826
2852
3004
3004
3008
3294
3297
3626
3627
3632
3775
3778
3920
4051
4739
4759
4914
4914
4926
5091
5264
5264
5828
7089
7089
7243
7244
7381
7381
7381
7381
7489
7489
7704
7770
7851
7851
7851
8049
8425
8509
8625
8785
9097
9097
9131
9461
9504
9651
9659
9659
9659
9659
9687
9809
10338
10413
10416
10431
10584
10968
10968
10996
11109
11395
11447
11593
11593
11897
12056
12063
12321
12479
13211
13211
13268
13349
13464
13468
13574
14061
14799
15379
15511
15596
15596
15596
15596
15620
15737
16110
16159
16184
16184
16189
16191
16191
16191
16191
16191
16191
16191
16191
16191
16191
16799
17529
17541
17542
17542
17760
17781
17917
17920
17921
18017
18178
18495
18800
18800
18800
18800
18803
18803
19282
19500
19951
19951
20174
20174
20174
20275
20428
20603
20674
20702
20758
20862
21127
21256
21316
21316
21368
21495
21495
21495
21495
21495
21495
21495
21495
21495
21736
21950
22358
22409
22409
22446
22516
22539
22602
22615
22754
22754
22755
22785
23098
23188
23870
23915
24009
24111
24184
24184
24333
24764
25009
25009
25014
25020
25221
25224
26453
26687
27067
27380
28219
28367
28447
29209
29758
29907
30118
30200
30200
30301
30341
30341
30488
30502
30918
30927
30927
31068
31068
31385
31527
32655
32656
32656
33166
33351
33423
33451
33560
33563
33563
33573
33578
34100
34547
34605
34758
34824
34858
35153
35169
35169
35244
35444
35917
35917
35917
35917
35917
36252
36431
36718
36718
36727
36820
36820
37016
37066
37117
37162
37162
37243
37243
37257
37276
37475
37514
37821
37954
38056
38131
38197
38988
39181
39392
39392
39399
39468
39725
39798
40100
40960
41065
41065
41066
41066
41066
41066
41066
41075
41182
41508
41607
41607
41707
41707
41707
41707
41707
41707
41707
41707
41707
41708
41708
41844
41897
42073
42073
42190
42198
42210
42210
42210
42610
42615
42625
42694
42910
42910
42910
42910
42910
42910
42910
42910
43004
43024
43062
43253
43280
43386
43411
43536
43536
43544
43734
43746
43746
43791
43791
44062
44092
44211
44434
44447
44450
44450
44450
44455
44456
44456
44456
44525
44574
44645
44645
44679
44818
44848
44910
44910
45049
45155
45156
45281
45490
45573
45614
45638
45638
45641
45658
45707
45707
45707
45735
45808
45844
45881
45891
46244
46350
46956
46967
47086
47248
47255
47284
47306
47520
47573
47620
48103
48354
48477
48716
48857
48964
48997
49146
49664
49664
49664
50669
50738
50784
50813
50965
51200
51456
51456
51456
51456
51504
51584
51672
51676
51801
51819
51963
52031
52046
52059
52597
52894
52966
52967
53273
53358
53409
53409
53608
53775
53804
54029
54368
54381
54406
54568
54711
54738
54738
54746
54746
54747
54747
54797
54826
54830
54834
54919
54920
54977
55387
55631
55675
56320
56320
56327
56329
56695
56701
56903
56904
57201
57372
57421
57462
57543
57775
57824
57867
57923
57923
57944
57944
57945
58166
58429
58470
58528
58592
58592
58595
58595
58731
58732
58735
58808
58875
59424
