444
766
1054
1191
1357
1357
1357
1357
1357
1448
1479
1850
1850
2049
2424
2480
2491
2807
3737
3776
3790
3920
4006
4051
4051
4051
4051
4051
4051
4051
4185
4315
4837
4863
4982
5401
6533
6744
7199
7203
7421
7541
7696
8159
8284
8564
8568
8902
9255
9755
10028
10299
10300
10300
10300
10807
10898
11196
11623
11751
11831
11860
11860
11883
12141
12145
13229
13803
13803
13975
14003
14003
14003
14222
14708
14708
14773
14864
15085
15202
15235
15241
15246
15309
15394
15394
15394
15394
15547
15596
15602
15602
15689
15986
16364
16622
16970
16979
16988
17044
17066
17449
18224
18224
18224
18224
18224
18257
18656
18656
18656
18656
18800
18800
18934
18934
18934
18934
19447
19500
19500
19672
19672
19673
19673
19673
19685
20636
20665
21259
21267
21267
21555
21589
22159
22159
22558
22558
22568
23258
23664
23899
24091
24111
24111
24111
24111
24609
24989
25675
25879
27406
27556
28822
28822
28867
29004
29044
29044
29044
29115
29225
29403
29412
29412
29413
29433
30034
30034
30034
30034
30387
30502
30502
30962
31121
31262
31782
31859
31859
31859
31859
31859
31930
32115
32486
32486
32486
32486
32489
32489
32489
32489
32489
33014
33139
33367
33882
34048
34048
34048
34048
34241
34334
34405
34606
34925
35093
35459
35644
35839
36022
37470
37537
37537
37537
38056
39215
39215
39385
39417
39417
39843
41045
41098
41182
41263
41644
41723
41906
42072
42078
42141
42162
42600
42673
42910
42910
42912
43253
43264
43264
43265
43266
43511
43600
43712
43746
43949
43949
43987
44092
44418
44480
44481
44481
44481
44678
44785
44982
44985
44985
44985
45057
45151
45367
45808
45881
45901
45902
46635
46889
46926
46926
47106
47557
47573
47573
47573
47756
48174
48174
48320
48704
48704
48821
48833
48949
49023
49091
49222
49496
49664
49664
49664
49668
50379
50451
50451
50451
50544
50558
50784
50784
50784
50786
50949
51047
51595
51690
51740
52079
52079
52119
52396
52471
52488
52561
52655
52875
52875
53177
53355
53359
54406
54512
54744
55564
55605
55605
56028
56300
56331
56818
56818
56965
58095
58095
58268
58269
58278
58278
58456
58456
58456
58456
58456
58540
58721
58822
59288
