963
963
1009
1055
1479
1479
3603
3632
3851
4051
4171
5387
5713
5713
5713
5713
5713
6795
8149
8149
8885
9854
10771
10968
11098
11196
12010
12010
12234
14863
14971
14976
15312
15596
16967
17125
17533
19447
20520
21489
21495
23330
24105
24105
24105
24105
24105
24108
24108
24111
25682
29236
29271
30317
30341
30489
30899
30899
31937
31938
32656
32956
32956
32956
32958
32988
33485
34884
36718
36718
36820
37162
37162
38468
39185
39186
41098
41186
42610
42799
42912
43308
43355
43799
44164
44447
44910
45634
45634
45760
45760
45808
46222
46222
46225
46358
48466
48472
48964
49158
50786
50813
52033
52419
52717
54825
55631
56255
56329
58808
58871
