385
473
716
743
743
743
1479
1607
1767
2031
2053
2424
2656
3004
3004
3497
3632
3640
3696
3752
3752
3816
4032
4160
4340
4340
4340
4685
4789
4978
5271
5271
5387
6004
7199
7339
7362
7541
7846
7851
7851
7851
7887
7901
7912
7968
8068
8308
8314
9255
9678
9751
9782
9791
9922
10141
10276
10330
10659
10673
10673
10673
10809
11196
11196
11241
11270
11272
11297
11300
11395
12056
12234
12234
12234
12234
12270
12680
12910
12910
13000
13120
13468
13735
13888
13888
14249
14458
14624
14739
14798
14870
14972
15235
15236
15325
15597
15602
15602
15608
15690
15703
15703
15703
15703
15703
15703
15711
15986
16529
16705
16957
16957
17069
17532
17543
17671
17938
17938
18174
18178
18178
18178
18183
18205
18378
18539
18656
18656
18795
18800
18803
18803
18861
18876
18876
18876
18876
18876
18877
19195
19203
19371
19448
19474
19737
19737
20115
20117
20174
20174
20584
20666
20666
20666
20666
20862
20992
21495
21495
21495
21495
21713
21736
21875
21877
21878
21947
21994
22156
22355
22409
22539
22539
22539
22558
22558
22561
22735
23226
23766
23807
23807
24105
24111
24764
24869
24869
24869
25009
25106
25597
25597
25597
25597
25597
25597
25597
25820
26016
26016
26687
26687
26687
26687
26687
26687
26687
26687
26687
27731
28751
28822
30016
30339
30341
30488
30488
30488
30490
30518
30520
30530
31208
31238
31306
31316
31489
31837
31986
32356
32558
32611
32680
32680
33063
33089
33351
33421
33459
33519
33568
33570
33869
33903
33993
34048
34342
34348
34348
34440
34443
34483
34506
34521
34547
34694
34803
35227
35284
35616
35616
35644
36024
36025
36354
36404
36431
36631
36631
36718
36718
36807
36961
37153
37153
37153
37153
37165
37165
37165
37246
37475
37475
37968
38122
38537
38703
38746
39181
39215
40116
40278
40278
40530
40543
40549
41040
41044
41075
41126
41182
41186
41275
41467
41473
41701
41701
41701
41741
41844
41906
41906
41960
41960
42190
42205
42205
42209
42276
42412
42640
42910
42910
42910
42910
43066
43406
43409
43430
43536
43538
43544
43617
43645
43809
44006
44013
44134
44620
44633
44633
44700
44785
44813
45490
45808
45808
45808
45881
46125
47261
47522
47573
47573
48156
48407
48493
48493
48529
48644
48644
48964
48965
48966
49664
49664
50113
50598
50604
50604
50604
50604
50784
50784
50784
50786
50813
50929
51456
51480
51480
51480
51480
51584
51584
51672
51675
51675
51675
51676
51904
51904
52622
52862
52862
52875
52965
52977
53216
53221
53221
53406
53407
53407
53431
54436
54522
54522
54920
54920
55006
55365
55366
55477
55478
55486
55486
55524
55705
56326
56652
56652
56695
56695
56695
56695
56695
56695
56695
56695
56695
56695
56695
56695
56707
56707
56707
56707
56743
56791
56791
56791
56941
57418
57418
57511
57597
57600
57944
58033
58184
58278
58718
58780
59333
