410
2718
3274
4051
4140
4182
4982
4982
5387
7736
7901
7901
7912
8326
8338
8439
8690
8818
9482
10416
10416
10416
11256
11736
11736
11756
11883
12206
12549
13826
15526
15596
15596
15596
15846
16331
17014
17159
17542
17637
17637
18224
18672
18672
18672
18672
18672
18672
18672
18673
18800
19267
19443
20247
20304
20495
20495
22158
22158
22409
22539
23263
23819
24619
25710
26428
26446
27439
28219
29130
29132
29132
29513
30377
30488
30488
30488
30498
30511
32074
34358
34508
35284
35839
36790
36790
37204
37629
37656
38550
40501
40501
40669
40928
41267
41494
41943
42072
42078
42190
42205
42484
42485
42640
42640
42910
42912
43008
43008
43008
43072
43077
43077
43077
43080
43080
43080
43277
43374
43616
44313
44822
45107
45707
45808
46023
46049
47486
48110
48172
48374
48383
48383
48388
48829
48832
50502
51070
51853
53061
53679
54738
54753
54785
55486
56255
56449
56903
56941
56941
57923
57923
57949
57967
57984
57987
57988
58428
58741
58743
58790
58808
59422
59422
