178
1239
1266
1415
1421
1689
1699
1989
2491
2777
2807
2807
2807
2807
2822
3004
3011
3554
3683
3983
4032
4072
4185
4185
4231
4234
4244
4244
4279
4402
4716
4716
5150
5206
5271
5271
5387
5387
5399
5998
6412
7228
7348
7846
7901
7955
8666
8779
8837
8977
9460
9466
9659
9751
9751
9930
10241
10809
10921
10921
10948
10948
10948
10948
11272
11593
12010
12108
12108
12128
12234
12234
12622
12750
13154
13268
13701
13735
14079
14513
14624
14624
14854
15034
15596
15608
15608
15741
16396
16399
16957
16957
17069
17135
17662
18018
18224
18665
18800
18800
18800
18800
18800
18803
18803
18876
19173
19195
19280
19300
19500
19963
20029
20477
20490
20541
20666
20681
20744
20862
21270
21307
21385
21581
21589
21591
21591
21608
22530
22734
22791
23332
23489
23502
23529
23819
23927
24105
24105
24111
24406
25675
25675
25682
25682
25710
25793
25937
26955
27453
27529
27714
28157
28219
28313
28449
28612
28612
29175
29210
29494
29516
29520
29740
29740
30490
30659
31024
31167
31290
31375
31466
31466
31631
31667
31707
31837
31837
31994
31996
32159
32159
32258
32410
32466
32871
32879
32988
33369
33369
33441
33482
33482
33577
33638
33638
33829
33999
34040
34048
34110
34242
34538
34538
34547
35093
35616
36061
36553
36718
37055
37075
37246
37382
37478
37537
37537
37950
38184
38469
38469
38513
38637
38837
38915
39181
39253
39600
40100
40324
40330
40383
40531
40531
40971
41046
41046
41046
41046
41046
41046
41075
41099
41151
41194
41420
41489
41721
42610
42648
42694
42694
42694
42694
42694
42767
42887
42910
42910
42912
42919
43101
43104
43104
44620
44763
44897
44973
44973
44973
44973
44973
44973
45178
45308
45808
45808
45901
46252
46623
46623
46777
47049
47265
47387
47707
47782
47782
47858
47891
48128
48153
48257
48427
48644
48709
49307
49307
49344
49386
49445
49564
50590
50696
50784
50813
51509
51801
51801
51818
51818
51906
52394
52394
52488
52842
52859
52871
52886
52886
52886
53028
53034
53034
53037
53382
53613
54303
54440
54934
55006
55237
55242
55242
55244
55455
55633
55633
55633
55637
55705
55705
55757
56320
56320
56515
56554
56554
56599
56695
56732
57054
57136
57186
57358
58080
58462
58671
58688
58689
58731
58790
