605
1409
1619
1850
2923
3788
4051
4051
4051
4051
4051
4072
4235
4571
4669
5653
5863
7011
7362
7901
7901
7901
8067
8132
8449
8498
8552
8581
8738
9020
9300
9650
9650
9659
9699
10416
10416
10416
11593
11593
11651
11846
11902
12831
12910
12953
12953
14232
14551
14624
15378
15596
15596
15690
16454
17533
17980
18224
18274
18315
18315
19099
20174
20567
21962
22305
22539
22539
22572
22754
22754
23664
24111
24116
25675
26062
26428
26685
28031
28510
30317
30338
30896
30946
31234
31234
31631
32095
32296
32605
33375
33377
33441
33449
33966
34048
34173
34176
34182
34184
34184
34405
35169
35911
36113
37478
37478
37537
37537
37964
39328
39487
40657
41186
41187
41197
41328
42141
42205
42209
42400
42910
42910
42912
43291
43291
43645
43645
43990
44063
44284
45641
45705
45808
45843
45901
46427
47076
48151
48470
48592
48827
49005
49175
49224
49237
49300
50590
51032
51622
52115
52117
52488
52859
53028
53138
53221
53221
54406
54468
54781
55163
55387
55486
55486
55556
56032
56326
56326
56326
56326
56326
56326
56331
56702
56707
56903
56988
58330
58330
58618
58721
58908
59258
59258
59424
