572
1128
1850
1861
1861
3546
5434
5437
8751
8751
8751
10330
10416
10771
10882
11066
11196
11260
11593
12234
12234
12234
13657
13912
14138
14138
14138
15235
15401
15602
15689
16331
17267
17529
17778
17924
18315
19500
21016
21016
21017
21061
21217
21275
21357
21461
21581
21773
22558
22754
22754
24105
25025
25224
25597
25597
25597
25757
26687
27696
29330
31478
32764
32764
33089
33089
33263
33451
34800
34887
35444
35508
35917
35917
35917
36025
36571
36693
36693
37271
37475
37537
37838
37838
38064
38812
40478
40862
40913
41041
41045
41045
41051
41489
42190
42910
43373
43373
44246
44916
44946
45808
45808
45881
45894
46595
47573
47773
48821
48871
49248
51672
51672
53221
54113
54436
55686
56205
56205
56326
56626
56791
56941
56941
56941
56941
58037
58225
58542
58624
