563
743
744
848
874
882
1297
1479
1479
1850
2069
2156
2241
2424
2424
2720
2763
2813
3004
3004
3030
3800
3986
4020
4051
4171
4182
4244
4244
4340
4775
5190
5227
5227
5261
5387
5532
5712
6221
6373
6533
6579
6719
6744
7045
7131
7199
7381
7541
7695
7760
7770
7849
7901
7901
7909
8132
8132
8149
8308
8381
8485
8485
8546
8624
8624
8818
8957
9641
9659
9659
9659
9686
10034
10072
10416
10416
10416
10680
10680
10754
11091
11161
11196
11196
11818
11831
11860
11902
12010
12010
12135
12234
12234
12234
12234
12300
12357
13120
13154
13614
13657
13975
13975
14003
14032
14032
14377
15128
15548
15596
15596
15596
15741
16086
16145
16268
16320
16331
16331
16419
16420
16678
16901
16901
16901
17538
17538
17538
17538
17665
17726
18196
18266
18288
18289
18315
18446
18800
18861
18952
19200
19200
19203
19426
19500
19951
20174
21061
21495
21495
21762
21762
22409
22409
22409
22409
22409
22539
22539
22558
22558
22754
22755
22755
23098
23283
23348
23706
23757
23758
23813
23927
24105
24105
24105
24107
24107
24111
24111
24111
24111
24642
24995
25009
25009
25009
25009
25145
25181
25297
25597
25597
25675
25682
25757
25764
25895
26433
26433
26454
26687
26757
26909
27731
27883
28617
28951
29037
29052
29335
29422
29854
29854
29911
30076
30317
30341
30539
30795
30795
30795
30795
30795
30882
31029
31029
31068
31170
31396
31413
31612
31782
31782
31782
32029
32261
32656
32680
32764
32764
32773
32904
32917
32917
32917
32917
33037
33053
33263
33263
33301
33301
33723
33851
34030
34048
34126
34146
34404
34491
34521
34538
34784
34884
34887
34905
34970
34992
34995
35166
35227
35242
35444
35677
35757
35839
35843
35867
35911
35917
35917
35917
35917
35917
35917
35949
36299
36299
36538
36727
37052
37153
37162
37162
37162
37162
37162
37496
37542
37972
38059
38329
38342
38469
38550
38624
38812
38812
38822
39181
39181
39186
39385
39480
40055
40232
40333
40749
40749
40906
40971
40985
40985
41136
41186
41186
41186
41249
41263
41263
41361
41361
41361
41489
41489
41489
41642
41741
41809
42190
42190
42190
42205
42245
42245
42675
42887
42910
42910
42910
42910
43066
43104
43193
43299
43312
43406
43544
43544
43595
43777
43991
44006
44052
44058
44108
44182
44246
44385
44538
44572
44574
44633
44734
44872
45281
45281
45293
45300
45350
45490
45514
45567
45573
45707
45808
45808
45843
45901
46092
46217
46217
46217
46269
46314
46604
46615
46615
46615
46694
47248
47994
48123
48472
48592
48704
48853
48853
48856
48856
48873
48873
49019
49019
49579
49889
50640
50655
50784
50784
50786
50786
50797
50813
50813
50813
50813
50813
51141
51509
51672
51675
51676
51856
52033
52033
52059
52059
52117
52119
52220
52408
52717
52735
52870
52959
52966
53072
53250
53303
53431
53431
53589
54043
54043
54082
54329
54370
54384
54406
54406
54406
54421
54432
54738
55061
55134
55171
55223
55306
55425
55505
55678
55686
55686
55686
55689
56320
56469
56469
56703
56732
56774
56791
56791
56791
56907
56941
56941
57418
57947
57978
58028
58038
58528
58810
58925
59198
59198
