680
1251
1410
1479
1479
1623
1808
1850
1850
2118
2256
2392
2756
2768
2994
3625
3630
3670
3816
3841
3920
3931
3990
4051
4051
4051
4051
4185
4230
4672
4852
5421
5610
5797
5863
5870
5902
6126
6126
6126
6795
6800
6853
7129
7143
7143
7143
7143
7143
7144
7185
7199
7199
7695
7912
7912
7912
8069
8536
8583
8835
8937
8937
8937
8937
8945
8945
9459
9659
9659
9709
9814
10034
10330
10330
10416
10416
10416
10416
10416
10487
10655
10700
10700
10700
10700
11020
11196
11310
11902
11905
12010
12234
13096
13125
13144
13400
13451
13612
13612
13755
13975
14223
14513
14624
14624
14702
15163
15238
15386
15445
15596
15963
16098
16146
16146
16200
16334
16745
16940
16946
16946
16961
16970
17007
17186
17629
17629
17862
17924
17999
18066
18178
18178
18183
18274
18290
18537
18656
18800
18803
18850
19000
19203
19435
19501
19518
19533
20023
20039
20275
20490
20636
20636
20636
20636
20674
21385
21495
21516
21589
21713
22020
22239
22409
22411
22456
22539
22539
22548
22558
22558
22734
22787
22939
22946
22946
22946
22946
23218
23619
23875
23888
23892
24009
24111
24230
24405
24405
24764
25100
25100
25104
25104
25221
25597
25597
25597
25635
25673
25673
25686
25937
26016
26184
26313
26832
26832
26836
26854
26954
26981
27074
27669
27705
27753
27801
28246
28341
28342
28633
29510
29513
29711
30105
30317
30332
30870
30899
31877
32118
32262
32566
32913
33140
33140
33140
33277
33833
33993
34182
34190
34267
34373
34405
34508
34508
34521
34521
34794
34821
34847
34884
34892
35169
35240
35644
35839
35917
35994
36269
36290
36458
36466
36469
36538
36718
36718
36811
36849
36870
36986
37060
37066
37544
37821
37821
37882
38063
38467
38514
38624
38633
38812
38812
38812
38812
39098
39186
39215
39215
39304
39326
39326
39487
39519
39663
39687
39758
40041
40042
40274
40749
40749
40815
40997
41040
41207
41378
41934
42072
42072
42072
42073
42078
42078
42090
42190
42205
42210
42210
42707
42728
42799
42910
42910
42910
42910
43078
43104
43247
43248
43254
43374
43406
43406
43413
43640
43645
43740
43975
43975
43975
43991
44006
44146
44164
44205
44288
44447
44456
44468
44503
44620
44620
44620
44620
44637
44661
44693
44703
44713
44946
44983
45049
45049
45117
45398
45398
45567
45614
45614
45705
45874
45881
45891
45901
45901
45902
45944
45961
45964
45974
45974
46205
46777
47121
47328
47411
47449
47449
47923
48107
48123
48127
48274
48472
48668
48821
48871
48872
48964
49146
49168
49431
49579
49579
49916
50183
50183
50221
50742
50813
50813
50813
50885
51121
51672
51675
52031
52033
52059
52118
52120
52170
52427
52718
52862
52865
52875
52886
52950
52965
53034
53195
53219
53354
53359
53431
53552
53575
53608
54134
54139
54145
54145
54329
54329
54647
54709
54744
54753
55134
55205
55302
55448
55486
55486
55486
55590
55615
55706
56169
56320
56320
56327
56331
56331
56331
56331
56331
56331
56375
56554
56695
56695
56717
56737
56740
56941
56985
56991
57365
57743
57780
58243
58278
58278
58278
58278
58463
58528
58565
58668
58925
58939
58939
58944
59122
59199
