956
1906
2423
2821
3632
3682
3682
3742
4051
4051
4367
4765
6068
6362
7199
7423
7570
8072
8231
8231
8352
8425
9659
9722
10355
10355
11016
11075
11572
11593
11593
11776
11788
13612
14869
15565
16127
18641
20775
21495
22306
22399
22411
22411
22411
22414
24020
26687
28223
28225
29173
29187
30036
30731
30731
30732
30732
30732
31228
31891
31891
32060
32698
33443
33869
34048
34048
34379
34800
35104
35104
35104
35114
35911
35917
35917
35917
35917
35917
36631
37767
37972
38277
38624
38626
38626
39175
39181
39609
40534
40634
40645
40912
41075
41396
42072
42205
43004
43024
43024
43398
43645
44092
44503
44620
44953
45299
45707
46232
46422
46595
48174
48950
49168
49168
49317
50696
50696
50798
51128
51999
52017
52794
53304
53304
54134
54369
55387
55387
56018
56018
56331
56331
56903
56903
56903
57333
57379
57921
57923
58187
