453
821
1850
3004
8132
8308
8308
9659
9659
9950
10365
10416
10416
11750
11902
12315
13468
14138
14138
14864
15471
15596
16108
16869
16942
16978
17069
17533
17538
18178
18178
18183
18800
18874
19163
19371
19372
19372
19500
19946
20174
20507
20585
21495
21777
22237
22237
22242
22539
23435
23561
25009
25597
25597
28220
28418
29306
30076
30341
32157
32217
32680
33097
33263
33586
33784
34113
34267
34547
34925
34992
35093
35093
35165
35839
35839
35839
35911
37162
37162
37162
37162
38746
39385
40008
40008
40231
41194
41194
41564
42276
42276
42276
42573
42694
42694
43004
43277
43792
43985
43985
43985
43985
43987
43990
44138
44139
44211
44414
44663
44664
44760
45717
45774
45808
45843
47653
48116
48212
48407
49019
49146
49276
49839
50655
50813
50813
51676
51676
52470
53221
53303
53668
54082
55562
55635
56327
56499
56501
56903
56903
57978
57978
58125
