205
348
406
406
406
406
684
705
741
742
763
1479
1850
2821
3271
3375
3375
3378
3378
3379
3381
3381
3381
3538
4051
4180
4182
4182
4184
4185
4185
4188
4193
4383
4639
4797
5272
5359
6763
7020
7695
7782
7802
7901
7901
8132
8369
8425
8785
9459
9659
9659
9659
9659
9659
9687
9687
9713
9751
10416
10416
10416
10416
10416
10416
10416
10416
10416
10584
10809
10838
11008
11044
11044
11044
11044
11162
11288
11737
11986
11990
11990
12010
12010
12010
12108
12108
12108
12109
12145
12234
12234
12234
12234
12355
12384
12497
12497
12497
12499
12499
12499
12501
12501
12501
12502
12502
12502
12502
12502
13098
13244
13459
13612
13628
13657
13731
13791
13826
13975
14233
14316
14342
14342
14342
14624
14856
14869
15128
15440
15596
15596
15737
16056
16545
16982
16988
16988
16988
16988
16988
17293
17321
17756
17756
17940
18144
18152
18178
18204
18205
18274
18274
18291
18315
18656
18800
18800
18803
18803
18861
18972
19287
19287
19287
19447
19500
19500
19584
19591
19737
20385
20495
20607
20740
21495
21495
21962
22102
22186
22411
22539
22607
22791
23011
23066
23267
23267
23267
23664
23670
23866
24107
24111
24111
24111
25012
25048
25675
25682
25682
25682
25682
25750
25751
25757
25929
25929
25929
25937
25937
26200
26200
26210
26446
27453
27453
27990
28246
28324
28326
28341
28613
28822
28822
28822
28822
28822
29201
29225
29225
29225
30341
30498
31556
31716
31780
31780
31780
31962
31962
32048
32091
32356
32656
32857
33140
33381
33381
33381
33434
33482
33482
33607
33628
33628
33656
33922
33991
34267
34373
34784
35444
35609
35611
35617
36273
36273
36275
36718
36727
36779
36972
37376
37382
37382
37382
37478
37486
37972
38082
38082
38151
38169
38633
39181
39185
39186
39186
39422
39475
39480
39487
39487
39600
39600
39600
39600
39602
39897
39897
39897
39897
39897
39897
39897
39897
39897
39949
39949
40140
40501
40505
40515
40634
40780
41099
41099
41113
41159
41184
41259
41522
41678
41723
41834
41906
41906
41906
41906
41906
41949
41958
41960
41960
41960
42074
42078
42205
42210
42767
42767
42767
42768
42768
42910
42910
42910
42910
42912
43104
43253
43355
43355
43360
43485
43535
43546
43595
43641
43645
43647
43744
43846
44013
44121
44157
44413
44480
44492
44621
44639
44693
44703
44703
44729
44729
44734
44952
44958
44960
44973
44973
44973
44973
45281
45281
45308
45573
45573
45760
45760
45770
45774
45810
45811
45874
45891
46252
46252
46252
46269
46551
46878
47124
47165
47362
47388
47704
47743
47780
48058
48058
48058
48058
48058
48058
48127
48414
48448
48704
49082
49146
49229
49237
49389
49839
50221
50674
50784
50784
50784
50784
50784
51141
51146
51479
51479
51921
51921
52031
52031
52031
52115
52471
52717
52717
52784
52862
52862
52862
52866
52875
52886
52886
53028
53034
53034
53224
53259
53431
53431
53608
53702
53703
54030
54030
54098
54551
54551
54960
54960
55486
55486
55486
55590
55591
55754
55754
55755
55755
56292
56326
56327
56331
56661
56695
56718
56718
56718
56732
56929
57785
58187
58187
58278
58613
58688
58731
58871
