85
827
963
1054
1346
1850
1850
1850
2390
2491
2807
2826
3497
3758
4006
4051
4051
4367
5387
5870
5880
6153
6408
6550
6768
7698
7716
7770
7770
7885
7885
7885
7901
8067
8080
8937
8953
9395
9470
9659
9659
9659
9673
10416
10416
10968
11196
12072
13233
13468
13574
13826
14063
14301
14785
14863
15689
15690
16109
16159
16268
16331
16486
17368
18274
18315
18598
18603
18803
19160
19468
19683
20035
20174
20174
20174
20174
20275
20290
20290
20424
20636
21256
21495
22158
22204
22241
22360
22531
22558
22558
22558
22568
22568
22754
22754
23084
23283
23351
23351
23351
23664
23664
23968
24111
24111
24758
24758
24987
25710
25748
25802
26355
26355
26355
26355
26359
26359
26361
26423
26832
26899
27453
27538
28119
28868
29884
29884
29884
30122
30122
30122
30124
30341
30420
30420
30420
30420
30420
30420
30969
31076
31076
31203
31262
31546
31745
32061
32634
33268
33361
33451
34223
34267
34800
34814
34909
35276
35288
35839
36212
36304
36493
37016
37514
37857
38374
38550
38550
38591
38746
38822
39181
39288
39401
39480
39482
39609
40226
40463
40802
40960
40960
40960
40960
41717
42203
42347
42672
42672
42910
42910
42910
42910
42912
42982
43279
43313
43595
43757
43991
44006
44027
44063
44132
44349
44373
44440
44443
44574
45057
45250
45489
45659
45702
45808
45808
45814
45814
46269
46777
46832
47518
48116
48257
48479
48704
48704
48704
48704
49276
49579
49910
50747
51078
51307
51307
51307
51309
51444
51672
51690
51759
51906
51918
51966
52059
52059
52059
52875
52875
52875
52955
53277
53283
53284
53296
53362
53608
53696
54186
54263
54397
55549
55550
55552
56255
56320
56320
56326
56326
56326
56329
56791
56853
56903
56903
56904
56941
58187
58242
58243
58624
58659
58732
58741
58874
59288
