79
275
378
395
742
814
921
1050
1479
1479
1689
1745
1754
1850
1850
2201
2461
2491
2491
2491
2491
2802
3632
3788
3910
3910
3920
3920
3921
4051
4051
4171
4208
4245
4667
4671
4746
4966
5437
5610
5828
5863
5902
6177
6588
6619
6621
6621
7199
7203
7381
7381
7695
7753
7754
7866
7867
7903
7912
7912
8112
8132
8326
8517
8517
8530
8581
8945
9559
9659
9723
9894
9894
10299
10306
10326
10622
10882
11066
11066
11171
11172
11196
11299
11361
11762
12234
12234
12234
12234
12234
12280
12473
12901
12932
12986
13162
13768
13841
13975
14068
14624
14624
14863
14972
15128
15128
15596
15596
15596
15602
15602
15735
16101
16290
16292
16320
16331
16334
16416
16486
16495
16510
16516
16529
16529
16729
16869
17079
17136
17470
17533
17564
17564
17949
18007
18110
18237
18315
18315
18469
18520
18549
18800
18800
18800
18803
18803
18803
18803
19195
19198
19198
19200
19200
19317
19662
20174
20174
20217
20256
20385
20636
20636
21357
21368
21368
21368
21368
21378
21495
21495
21495
21503
21555
21555
21555
21555
21555
21555
21555
21555
21555
21555
21555
21555
21589
21589
21589
21589
21589
21591
21591
21593
21595
21856
21875
21962
21962
22237
22237
22409
22409
22490
22514
22530
22530
22539
22539
22539
22558
22558
22601
22734
22755
23222
23283
23283
23312
23404
23413
23664
23757
23875
23912
23914
24105
24107
24108
24111
24144
24225
24642
24763
24776
25642
25757
26209
26708
27184
28323
28325
28346
28456
28825
28893
29187
29513
29754
30424
30424
31718
32221
32221
32262
32262
32483
32820
32869
32983
32983
32986
33143
33143
33240
33240
33240
33421
33625
33872
34110
34110
34267
34312
34329
34423
34423
34875
34884
35123
35945
36179
36198
36202
36432
36496
36718
36718
37055
37239
37243
37246
37537
37544
37557
37559
37572
37572
37572
37572
37925
37970
37972
37972
38468
38468
38633
38668
38812
39098
39098
39215
39304
39304
39304
39304
39385
39585
39586
39778
39888
40226
40226
40286
40749
40997
41186
41489
41489
41489
41490
41896
41960
41960
42052
42053
42205
42364
42694
42800
42800
42910
42910
42910
42910
43104
43104
43104
43248
43398
43406
43536
43544
43544
43646
43987
44013
44013
44025
44063
44295
44412
44702
44705
44716
44785
44785
45293
45308
45311
45423
45423
45424
45619
45760
45810
45844
45902
45946
46102
46102
46604
46967
47547
47782
47787
47787
47980
48511
48568
48717
48812
48874
48966
48991
49175
50057
50548
50604
50678
50784
50813
51087
51215
51302
51303
51480
51736
52119
52490
53034
53072
53072
53072
53224
53224
53490
53842
54085
54087
54115
54134
54138
54329
54329
54329
54766
54987
55163
55233
55316
55425
55486
55486
55486
55580
55580
55581
55581
55691
55989
55989
56018
56205
56250
56320
56320
56320
56326
56331
56562
56774
56820
56903
56904
56941
56941
57136
57332
57332
57634
57789
57789
58037
58080
58295
58295
58317
58540
58617
58618
58732
58732
58732
58808
58939
59422
59422
59422
59422
59422
59422
59422
59422
59422
59422
59424
