211
535
535
535
535
550
550
552
766
968
1181
1181
1181
1181
1239
1479
1479
1690
1770
2855
3004
3004
3004
3008
3298
3626
3627
3730
3813
3920
4760
4864
6897
6897
7199
7747
7977
8132
8132
8369
8425
8785
8785
8786
8786
8937
8937
8937
8937
8937
8937
8937
8937
8945
8945
8945
8945
9459
9914
10248
10417
10719
10771
10771
10968
11109
12234
12290
12290
12709
13062
13501
13826
13826
13826
13853
13856
14094
14094
14336
14506
14711
14864
15168
15168
15168
15168
15262
15330
15375
15390
15485
15486
15741
15921
16331
16471
16471
16529
16799
16961
17868
17868
17887
17891
17919
17919
18315
18315
18386
18800
18800
18800
19079
19079
19079
19160
19160
19163
19163
19163
19163
19163
19163
19422
19422
19500
19500
19683
19683
19683
19683
19683
19683
19683
20275
20275
20275
20275
20275
20275
20275
20275
20275
20275
20275
20275
20275
20477
20477
20636
20639
20640
20640
21127
21127
21128
21335
21495
21495
21736
21736
21736
22308
22446
22456
22965
23283
23283
23283
23435
23604
23664
23664
24019
24247
24311
24372
24372
24720
24780
24780
24780
24781
24958
24989
25221
25224
25224
25597
25675
25929
25937
25937
25937
25937
25937
25937
25937
25937
26913
26913
27149
27164
27257
27669
28248
28248
29526
29739
30099
30099
30125
30125
30317
30317
30341
30488
30488
30490
30946
31805
32061
32249
32249
32249
32249
32249
32249
32321
33166
33240
33573
33573
33801
34379
34379
34440
34547
34552
35093
35093
35093
35093
35093
35093
35135
35802
35911
35911
35993
35993
35993
36025
36029
36122
36122
36122
36122
36122
36122
36433
36469
36631
36632
36640
36640
36718
36718
37145
37145
37243
37243
37246
37514
37902
37972
38097
38469
38537
38847
39098
39098
39100
39181
39326
39326
39385
39679
40321
40322
40760
40814
40814
40960
40960
40960
40960
40960
41180
41194
41194
41194
41194
41194
41194
41194
41194
41194
41439
41439
41439
41463
41678
41678
41920
41921
42073
42073
42073
42077
42077
42077
42077
42077
42176
42176
42176
42176
42176
42176
42176
42347
42610
42610
42610
42610
42912
42912
43024
43080
43253
43277
43277
43283
43283
43284
43409
43409
43536
43829
43833
43833
44085
44125
44349
44434
44435
44435
44503
44761
44954
44954
44981
45049
45053
45095
45281
45658
46182
46408
46599
46989
46989
46990
47615
48257
48259
48262
48301
48301
48304
48304
48354
48354
48354
48354
48590
48706
48706
48706
48821
48821
48833
48953
48953
49146
50407
50640
50784
50784
50786
50786
50786
51150
51307
51672
51676
51801
51808
52029
52031
52031
52031
52388
52862
52862
52953
52967
52991
53069
53221
53222
54030
54411
54414
54960
54994
55387
55387
55486
55486
55486
55486
55486
56250
56320
56320
56331
56331
56331
56331
56706
57332
57446
57506
57944
58278
59424
59424
