688
744
849
1055
1189
1456
1479
1548
1548
1905
2070
2390
2392
2599
2821
3004
3004
3004
3004
3065
3196
3556
3556
3556
4006
4017
4017
4051
4051
4139
4335
4340
4340
4340
4686
4731
5271
6455
6795
6795
6795
7111
7381
7729
7802
7846
7849
7851
7851
7885
7901
7901
8013
8032
8151
8151
8308
8308
8528
8546
9633
9659
9737
9786
9998
10589
10602
10673
10849
10864
10972
11016
11041
11044
11044
11196
11737
11860
11860
11860
11860
11860
11860
12102
12142
12227
12549
12697
12910
12910
12953
13010
13612
13629
13888
13888
13975
13982
13982
14003
14012
14031
14354
14417
14422
14422
14426
14624
14796
14863
15034
15256
15689
15692
16090
16282
16364
16364
16364
17418
17550
17564
17650
17800
17924
17953
18267
18274
18274
18293
18315
18520
18656
18665
18665
18665
18665
18665
18665
18803
18897
19297
19398
19447
19554
20495
20636
20747
21378
21591
22130
22154
22159
22164
22363
22411
22411
22411
22411
22411
22411
22411
22411
22539
22548
22548
22558
22558
22558
22558
22558
22696
22776
23054
23271
23271
23287
23648
23766
23797
23888
23979
24107
24107
24330
24330
24330
24330
24330
24406
25009
25037
25145
25145
25597
25682
25929
25940
25974
26400
26836
26862
26871
26878
27049
27266
27669
27672
28151
28510
28604
28612
29174
29210
29688
29854
29966
30144
30294
30377
30394
30394
30414
30423
30423
30488
30498
30940
31024
31068
31158
31458
31480
31546
31689
31742
31989
32249
32286
32498
32640
32656
32870
33097
33369
33428
33441
33443
33611
33869
34113
34223
34463
34463
34794
34822
34884
35093
35093
35123
35144
35240
35284
35380
35767
35767
35767
35913
35913
36269
36431
36431
36431
36432
36432
36432
36432
36432
37053
37461
37537
37537
37537
37950
37950
38180
38180
38180
38180
38180
38531
38915
39118
39118
39175
39181
39215
39385
39385
39399
39482
39482
39602
39643
39796
39814
40635
40672
40731
40731
40731
41045
41051
41075
41075
41186
41249
41263
41489
41489
42190
42205
42207
42610
42647
42673
42910
42910
42912
42919
43004
43064
43101
43312
43413
43430
43430
43538
43544
43645
43987
44025
44182
44211
44288
44503
44503
44503
44664
44664
44692
44692
44978
45297
45302
45351
45490
45535
45573
45705
45707
45738
45808
45808
45856
45890
46008
46135
46247
46270
46904
47035
47109
47109
47164
47328
47750
48548
48703
48703
48703
48704
48704
49341
49341
49344
50407
50696
51014
51464
51481
51584
51584
51631
51672
52079
52398
52705
52821
52821
52859
52859
52875
52890
52890
53204
53204
53204
53571
53589
53883
54412
54573
54596
54596
54596
54596
54596
54596
54744
54881
55134
55446
55486
55655
55691
55691
55945
56159
56255
56269
56320
56326
56327
56331
56702
56821
56866
56987
57018
57018
57636
58428
58731
58822
58822
58864
58874
58912
58925
59017
59067
59278
59279
59279
59279
59306
59441
59441
59441
