2051
2794
5216
5216
6662
6758
7628
7722
7901
8761
9482
11750
12143
12234
12661
12988
13612
14261
14377
15035
15061
15602
16331
16869
18017
18183
19766
20862
21043
21266
21495
22615
22855
23011
23912
24107
24111
24344
24405
24406
24406
25597
27263
29212
29357
30517
32969
33243
33253
33927
34423
35093
35240
35842
36493
36662
37162
39385
40196
40531
40930
41045
41489
42910
43101
43101
44290
44572
45250
47511
48644
49005
49330
49579
50036
50784
51507
51537
51904
52597
52717
52717
54406
54793
55486
55540
56326
56326
58307
58807
