324
324
325
409
466
466
466
466
466
466
466
466
466
466
466
689
698
698
698
875
878
944
953
1074
1181
1448
1479
2015
2390
2390
2873
2930
2931
3004
3004
3033
3033
3033
3033
3297
3338
3338
3338
3338
3338
3338
3338
3338
3338
3338
3338
3626
3627
3627
3632
4171
4171
4171
5133
5272
5272
6795
6800
7541
7956
8127
8127
8127
8132
8149
8937
8937
9470
9659
9751
9751
9878
9881
9913
9914
10159
10159
10211
10246
10330
10330
10479
10479
10540
10542
10572
10747
10747
10901
11109
11109
11144
11173
11297
11339
11340
11436
11436
11436
11436
11436
11436
11902
11902
12141
12497
12497
12498
13073
13468
13468
13468
13926
14003
14490
14598
14598
14987
15231
15246
15690
16331
16331
16334
16396
16538
16951
17335
17507
17507
17535
17757
17765
17782
17782
17782
17966
18178
18204
18204
18204
18204
18204
18315
18384
18394
18656
18800
18803
18803
18803
18876
18876
19163
19163
19283
19447
19447
19500
19652
19662
19666
19683
19683
20187
20472
20477
20477
20477
20477
20477
20477
20477
20477
20483
20483
20483
20483
20484
20484
20636
20636
20636
20636
20636
20636
20641
20974
21486
21486
21489
21495
21495
21495
21589
21959
21980
22335
22498
22548
22558
22615
22776
23664
23766
23766
23870
23870
24107
24107
24107
24107
24107
24107
24107
24107
24107
24107
24108
24108
24108
24108
24111
24111
24111
24111
24111
24111
24111
25012
25597
25597
25597
25597
25597
25597
25597
25597
25597
25597
25597
25597
25597
25597
25597
25604
25929
26685
27300
27366
27410
28855
29013
29216
30317
30323
30414
30416
30939
30940
30940
30940
30940
31382
31531
31531
31531
31531
31534
31641
31648
31682
32089
32249
32249
32249
32320
32320
32321
32321
32321
32321
32321
32405
32556
32655
32655
32655
32655
32655
32655
32655
32656
33443
33567
33570
33806
33807
33861
33906
34244
34348
34373
34821
35839
35839
35839
36572
36577
36580
36710
37153
37162
37246
37246
37246
37271
37271
37423
37423
37478
37514
37964
38334
38469
38700
39098
39385
39408
39408
39408
39410
39663
39681
39888
39888
39888
39932
39932
40321
40321
40323
40366
40533
40985
40985
41152
41180
41186
41186
41186
41186
41192
41192
41192
41192
41192
41564
41564
41564
41565
41565
42073
42073
42073
42077
42205
42205
42205
42210
42610
42624
43320
43320
43985
43987
44006
44006
44121
44121
44121
44121
44121
44121
44121
44146
44352
44418
44443
44554
44725
44734
44761
44953
44960
45281
45297
45554
45554
46090
46271
46732
46777
47328
47557
47567
47652
47801
47814
47961
47961
48061
48644
48644
48644
48644
48644
48644
48644
48644
48644
48644
48644
48644
48678
48728
48821
48821
48821
48911
49019
51032
51307
51307
51309
51421
51421
51422
51509
51631
51672
51672
51675
52033
52395
52399
52399
52401
52401
52717
52734
53074
53382
54411
54413
54488
54805
55486
55706
56028
56037
56320
56326
56326
56327
57086
57086
57086
57086
57086
57087
57088
57089
57089
57089
57089
57089
57089
57091
57091
57091
57657
58355
58355
58355
58355
58355
58355
58355
58552
58661
58717
58719
58779
58785
