608
828
849
879
1055
1135
1297
1297
1297
1455
1644
1850
1850
1859
1859
2357
2491
2813
3004
3295
3317
3317
3372
3625
3852
4006
4051
4051
4051
4155
4182
4184
4244
4244
4244
4775
4982
4982
5190
5190
5190
5387
5387
5387
5387
5387
5610
5870
6115
6155
6285
6567
6567
6567
6719
6744
6795
6795
6853
6853
7044
7396
7695
7695
7901
7901
8018
8308
8409
8425
8449
8517
8818
9096
9170
9411
9466
9650
9659
9659
9706
9706
9810
9810
10269
10968
11021
11172
11608
12010
12234
12234
12234
12831
12878
13372
13480
13731
14032
14220
14223
14631
14696
14814
14869
14946
15015
15024
15071
15517
15565
15565
15741
16145
16145
16145
16268
16290
16421
16454
16738
16799
16969
17127
17432
17511
17529
17529
17550
17550
17550
17558
17561
17602
17864
17866
17924
17938
18178
18315
18315
18386
18397
18800
18888
19173
19195
19266
19371
19951
19951
20174
20275
20346
20585
20625
20636
20639
20666
20666
20685
21495
21516
21628
21962
22162
22205
22209
22335
22539
22539
22551
22734
22734
22753
22754
23206
23210
23239
23239
23316
23316
23316
23695
23766
23957
24107
24111
24111
24557
24764
25009
25012
25182
25597
25597
25686
25929
26428
26530
26774
26909
28028
28225
28510
28829
30110
30110
30117
30182
30498
30539
30770
30976
31228
31257
31457
31660
31663
31718
31762
32170
32258
32258
32474
32502
32581
32680
32778
32799
32956
33862
34113
34182
34185
34244
34379
34379
34394
34547
34992
34992
34992
35093
35162
35162
35162
35289
35590
35616
35677
35839
35911
35917
35917
35917
35987
36254
36257
36290
36379
36451
36627
36635
36972
37017
37066
37162
37162
37162
37162
37243
37271
37478
37514
37514
37537
37541
37950
38093
38300
38467
38859
39161
39175
39206
39436
39600
39679
39843
39957
40543
40549
40708
40770
40771
40985
40985
40985
41040
41107
41194
41402
41715
41717
41723
41746
41776
42176
42186
42276
42276
42695
42765
42798
42910
42910
42910
42910
42912
43066
43277
43374
43411
43444
43985
44006
44006
44118
44178
44182
44512
44529
44620
44645
44663
44847
44858
44946
44989
45440
45567
45650
45707
45808
45808
45901
45959
46247
46400
46417
46562
46572
47344
47545
47545
47546
47936
48062
48095
48453
48704
48892
48964
49941
50150
50542
50794
51421
51456
51456
51456
51456
51479
51675
51676
51690
51690
51736
51909
52059
52338
52875
52887
53589
53680
53781
53895
53911
54082
54436
54436
54436
54598
54607
55163
55163
55195
55303
55348
55486
55708
55709
56122
56209
56269
56320
56326
56326
56326
56554
56652
56707
56791
56791
56903
56904
56937
56941
57122
57149
57698
58269
58307
58624
58910
