130
674
689
821
1128
1181
1448
1448
1479
1850
2069
2069
2201
2240
2256
2491
2759
3004
3227
3768
3775
3775
3800
3875
3921
4051
4051
4185
4244
4325
4367
4367
4680
4844
4982
5365
5387
5387
5387
5735
6567
7199
7531
7710
7724
7851
7851
7901
7901
8132
8308
8376
8376
8376
8425
8546
8546
9050
9633
9633
9633
9633
9659
9659
9737
9737
9964
10086
10086
10228
10365
10460
10461
10572
10584
10673
10673
10673
10673
10824
10824
10824
10824
11196
11196
11456
11456
12007
12010
12010
12010
12141
13134
13360
13657
14012
14413
14717
14717
14717
15330
15375
15596
15683
15689
15689
15717
16213
16268
16331
16331
16529
16751
16901
17039
17397
17397
17397
17529
17529
17552
17557
17557
17557
17565
17631
17631
17631
17631
17631
17631
17631
17631
17631
17631
17682
18007
18178
18178
18274
18274
18289
18293
18315
18384
18459
18803
19114
19447
19453
19679
19902
20424
20424
20495
20636
20685
21154
21187
21303
21514
21591
21595
21773
21962
22130
22154
22171
22236
22394
22539
22539
22558
22558
23008
23393
23561
23561
23717
23742
23813
24107
24557
24619
25182
25297
25297
25297
25297
25597
25597
25675
25710
25710
26428
26706
27582
27591
27669
28151
28151
28418
28612
28858
29209
29274
29274
29284
30003
30003
30124
30386
30416
30873
30881
30881
30889
31109
31128
31331
31576
31932
32048
32048
32217
32217
32388
32875
32875
32875
32971
32971
33053
33053
33263
33443
33443
33443
33443
33449
33508
33567
33656
33728
33771
33851
34216
34216
34267
34358
34404
34404
34405
34405
34547
34620
34768
34794
34794
34794
34803
34887
34896
34897
34992
35093
35093
35144
35240
35353
35686
35686
36291
36291
36291
36431
36431
36431
36432
36432
36820
37016
37066
37382
37456
37496
37496
37497
37497
37537
37691
37691
37692
38812
38950
39175
39175
39175
39175
39215
39288
39385
39662
39919
39919
39942
39942
40672
40749
40969
40993
40997
41098
41158
41180
41186
41263
41356
41472
41489
41489
41943
41943
42205
42205
42276
42412
42910
42910
42912
42912
43004
43101
43101
43104
43355
43595
43605
43612
43645
43645
43791
43985
43991
44025
44131
44132
44182
44182
44182
44182
44182
44182
44211
44287
44440
44527
44642
44643
44666
44666
44794
44794
45308
45418
45567
45567
45567
45567
45567
45573
45696
45760
45760
45808
45808
45808
45810
45881
46217
46287
46518
46518
46518
46518
46518
46518
46518
46518
46518
46518
46518
46777
46777
46777
46777
46777
46785
47005
47753
47803
47940
47940
47940
47973
47973
48445
48548
48551
48592
48700
48703
48960
49019
49019
49019
49019
49019
49063
49066
49066
49168
49225
49839
49839
50262
50784
50813
51289
51295
51295
51295
51295
51295
51295
51584
51584
51631
51676
52059
52059
52059
52117
52119
52121
52345
52347
52399
52435
52480
52866
53056
53100
53221
53431
53669
54145
54406
54504
54507
54738
55344
55344
55445
55486
55486
55486
55676
55676
56255
56320
56326
56469
56469
56469
56470
56470
56626
56703
56791
56791
56914
56992
57515
58080
58307
58428
58428
58867
59270
59270
59270
59270
59271
59271
59271
59271
59288
59333
59333
