273
1239
1239
1239
1245
1565
1662
1802
1850
2156
2392
2427
2491
2491
2870
2873
2883
3004
3556
3557
3557
3566
3744
4051
4051
4051
4051
4051
4051
4051
4072
4235
4495
4691
4691
4982
4982
5119
5271
5271
5387
5387
5387
5399
5636
5672
6055
6174
6549
6859
7117
7513
7519
7635
7851
7852
7901
7901
7901
7901
7901
7909
7912
7912
7912
7955
7955
7955
7955
8059
8067
8072
8308
8326
8546
8587
8834
8837
9035
9396
9659
9659
9737
9751
9751
9751
9751
9878
10012
10285
10384
10416
10416
10502
10619
10809
11191
11191
11191
11191
11191
11196
11272
11339
12099
12234
12234
12234
12234
12234
12234
12234
12234
12234
12235
12341
12341
12488
12680
12750
13193
13503
13629
13731
13975
13979
14012
14624
14624
14863
15024
15312
15450
15608
15658
16025
16049
16051
16075
16364
16396
16516
16969
17007
17470
17629
17760
17924
17966
18204
18274
18274
18800
18800
18803
18803
18803
19000
19001
19003
19165
19173
19195
19195
19513
19715
19718
19776
19951
20174
20256
20312
20313
20321
20484
20522
20571
20636
20664
20741
21016
21214
21218
21356
21409
21879
21912
21912
21986
22124
22158
22539
22539
22539
22539
22539
22539
22539
22539
22754
22946
23199
23283
23316
23366
23561
23717
23766
23807
24064
24074
24105
24111
24422
25597
25675
25827
25827
25929
25929
26060
26446
26836
27058
27567
27670
27977
28246
28341
28347
28460
28719
28928
29188
29831
29831
29831
30003
30014
30203
30341
30685
30803
30814
31016
31016
31679
31679
31716
31837
31837
31837
32091
32419
32502
32631
32917
32918
32947
33074
33124
33381
33451
33927
34227
34267
34437
34552
34803
34887
34992
34992
34992
35162
35193
35224
35227
35227
35227
35227
35284
35284
35396
35444
35616
35750
35948
36061
36910
36972
37233
37257
37276
37382
37475
37514
37514
37514
37537
37537
37537
37585
37950
37972
38467
38467
38469
38469
38584
38902
38950
38988
39181
39475
40135
40171
40312
40427
40843
40913
40971
41044
41098
41184
41186
41194
41489
41489
41741
41890
41960
41963
42089
42128
42157
42205
42366
42371
42413
42555
42583
42709
42910
42910
42910
42910
42910
42910
42910
42910
42910
42910
42910
42910
42910
43024
43101
43101
43104
43104
43197
43312
43356
43409
43536
43595
43712
43852
44028
44164
44182
44185
44423
44436
44437
44437
44618
44679
44681
44714
44715
44716
45124
45281
45296
45299
45311
45367
45658
45707
45717
45774
45808
45859
45890
46007
46090
46282
46340
46910
46940
47284
47284
47654
47782
48242
48242
48245
48472
48473
48473
48733
48794
48935
48965
49228
49255
49307
49345
49673
49805
50784
50813
50891
50915
51584
51817
51817
51861
52033
52394
52435
52859
52859
52859
52859
52886
52886
52953
53030
53037
53037
53040
53108
53134
53243
53250
53259
53262
53431
53431
53962
53964
54199
54440
54489
54561
54598
54914
55129
55134
55300
55376
55446
55462
55540
55606
55606
55633
55989
56018
56207
56320
56320
56320
56331
56331
56337
56562
56599
56791
56820
56820
56883
56903
56903
56941
57158
57494
57512
58225
58554
58683
58683
58688
58688
58745
59288
59333
59444
