192
192
192
466
466
466
466
1297
1297
1448
1767
1782
1782
1783
2108
2201
2245
2382
2382
2382
2424
2434
2948
3004
3297
3297
3317
3317
3318
3318
3338
3338
3338
3920
4051
4051
4784
5254
5254
5254
5254
5540
5540
6719
6719
6990
6990
6991
6991
7045
7045
7045
7049
7049
7131
7381
7851
7851
7852
7901
7901
7955
8314
8881
9571
9673
9765
10080
10211
10406
10428
10673
10673
11365
12010
12459
13480
13480
13574
13612
13612
13975
14738
14775
15024
15093
15692
15692
15959
16268
16331
16516
16563
17558
17669
18274
18658
18658
18759
19179
19614
19766
19776
20490
20507
20963
21495
21495
21736
21830
22041
23024
23226
23561
23561
23561
23561
23819
24535
24538
24538
24869
24869
24869
25413
25415
25929
26715
27449
28223
30416
30488
31485
31772
32764
33041
33482
34048
34048
34048
34113
34113
34113
34113
34113
34120
34698
34698
34698
34992
35000
35000
35093
35162
35162
35166
35616
35616
35644
35839
36481
37162
38093
38093
38093
38701
38812
39482
39761
39820
39926
40971
40985
40985
40985
40985
40985
40985
40985
40985
40993
41136
41136
41201
41267
41271
42081
42190
42207
42610
42910
43101
43411
43538
43799
43985
43985
43985
43987
43987
43987
43991
44191
44349
44417
44417
45650
45679
45959
45959
46269
46804
47046
47282
47747
48332
48342
48472
48591
48640
48644
48644
48710
48710
48712
48960
48960
48965
49019
49355
50644
50813
51032
51214
51421
51421
51676
51676
51676
51801
51898
52043
52119
52341
52435
52870
52871
53213
53303
53410
53431
54376
54406
54828
55119
55119
55172
55344
55562
55691
55691
56269
56269
56269
56269
56269
56810
56903
56904
56988
58307
58492
58745
58808
58810
58925
58925
58925
