684
698
1415
1783
1965
2854
2870
3339
3965
4051
7264
7851
8314
8392
10210
10968
12010
12255
12498
14138
14319
14342
14422
14649
14714
15486
15692
16109
16969
19163
20023
20290
20636
20974
21880
23123
23462
24105
24105
24105
24108
24111
24111
25014
25682
28510
28510
28517
28924
29146
29209
31228
31869
32655
32956
33438
33443
35011
35243
36710
36718
37155
37243
37610
39185
39482
39935
40128
40960
41489
41489
41565
42078
42610
42910
43062
44092
44131
44447
44803
45117
45638
48254
48703
48703
49233
52866
56320
56732
56997
57122
58080
58571
58777
