99
684
684
684
684
698
769
963
1297
1479
1546
1636
1933
1983
2254
2397
2697
2825
2825
3004
3131
3805
3929
3929
3965
4044
4072
4550
4691
4763
4920
4976
5119
5180
5180
5203
5227
5227
5261
5261
5387
5387
5432
5524
5615
5775
5775
5775
5775
5775
5775
5947
6200
6285
6305
6544
6563
6567
6567
6567
6567
6611
6644
6673
7321
7513
7513
7525
7552
7581
7710
7710
7901
7901
7951
8001
8201
8474
8613
8614
8614
8614
8639
8680
8779
8910
9387
9466
9642
9659
9659
9659
9751
9822
10265
10620
10662
10711
10837
10915
10915
10915
11196
11327
11327
11363
11458
11608
11704
11804
12102
12234
12427
12628
13070
13134
13137
13268
13612
13628
13701
13863
13975
14462
14513
14854
14854
14854
14867
15097
15098
15098
15431
15431
15486
15589
15602
15602
15608
15608
15689
16296
16334
16399
16399
16711
16901
16901
17077
17470
18178
18178
18205
18212
18315
18315
18724
18800
18800
18800
18800
18803
18803
18854
18854
19173
19195
19195
19203
19473
19666
19715
19737
19951
20318
20385
20741
21075
21199
21385
21385
21495
21495
21516
21589
21589
21595
22180
22181
22265
22269
22375
22375
22376
22507
22766
23091
23238
23238
23333
23832
23832
23832
23832
23834
23834
23834
23834
23890
23917
24111
24184
24184
24184
24274
24450
24559
24559
24909
25042
25042
25265
25324
25597
25597
25929
26078
26241
26302
26430
26446
26476
26623
27059
27913
28311
29195
29494
29828
29907
29987
29988
29993
30016
30018
30024
30024
30034
30152
30192
30279
30424
30499
30634
30652
30683
31016
31182
31325
31418
31702
31837
31841
31994
31994
32002
32066
32091
32096
32230
32441
32611
32631
32656
32918
33520
33604
33871
34016
34351
34375
34375
34620
34694
34748
34992
35109
35227
35288
35676
35701
35728
35750
35765
35841
35847
35847
35867
35869
35985
35985
36041
36072
36137
36487
36707
36718
36806
36816
36874
36905
36913
37064
37066
37066
37162
37162
37233
37233
37243
37337
37337
37337
37461
37461
37537
37537
37773
37790
38056
38460
38469
38487
38633
38633
38985
38985
38988
39143
39185
39186
39385
39480
39663
39663
39837
39888
40427
40505
40524
40772
40814
40985
41023
41044
41046
41126
41186
41186
41235
41380
41382
41383
41602
41631
41795
41840
41847
41943
42082
42221
42222
42276
42276
42371
42412
42468
42560
42694
42694
42694
42694
42694
42694
43101
43985
43985
43987
44070
44092
44440
44567
44973
45049
45178
45754
46104
46233
46233
46242
46269
46424
46599
46652
46652
46853
46927
47782
48068
48103
48116
48204
48466
48466
48931
49553
49637
49681
49747
49954
50128
50763
50764
50765
50813
50824
50895
51245
51414
51480
51584
51584
51743
52135
52394
52862
52883
52963
53164
53205
53243
53287
53317
53575
53575
53589
53962
53962
53962
53962
53964
53964
53964
54133
54154
54711
54872
55129
55134
55315
55486
55633
55672
55732
55820
55826
55856
56028
56108
56320
56320
56329
56331
56338
56554
56554
56554
56732
56820
56820
57116
57450
57628
57831
57951
57966
58003
58033
58033
58059
58423
58929
59246
59259
59303
59333
59340
59353
59410
59444
