91
406
1181
1219
1295
1295
1295
1295
1295
2343
2343
2356
2356
2356
2390
2423
3071
4020
4021
4051
4051
4185
4244
4312
4982
5290
6325
6795
6833
7306
7851
7901
7966
7966
7966
8132
8158
8517
8517
8517
9782
10225
10314
10662
10662
10851
11196
11196
11297
12639
12639
12639
13495
13612
14470
14624
14863
14863
14864
15235
15689
16213
16529
16901
16975
16988
18183
18291
18315
18397
19537
19672
19673
19673
20166
20174
20174
20424
20428
20516
20722
20746
20765
20779
20779
20779
21256
21266
21422
21495
21495
21495
23011
23011
23238
23238
25684
25764
25764
25764
25764
25764
26078
27439
27439
27439
27495
27818
28535
28831
28831
28831
29004
29052
29052
29402
29740
30442
30849
30851
30851
30851
30851
30851
30851
30851
30851
30851
31198
31207
31207
31282
31634
31641
31859
31859
32103
32103
32486
32486
32486
32661
32917
32918
33166
34521
35227
35511
35512
36631
36631
36631
36837
37153
37162
37162
37271
37422
37478
37478
37691
37925
39482
40515
40569
41960
42673
42673
42910
43009
43291
43312
43712
43712
43791
43792
43930
44131
44529
44598
44633
44731
44731
45049
45336
45573
45760
45808
46269
46824
46834
46967
47557
47573
48210
48644
48871
49800
49800
49800
49924
49924
49924
49924
50885
51672
52022
52033
52141
52141
52722
53208
54113
54142
54341
54406
54407
54826
54826
54830
56302
56302
57379
57511
58155
58321
58548
58718
