265
742
848
1181
1254
1850
1850
1850
1850
2208
2491
2659
2759
2763
2791
3200
3227
3497
3793
3806
3813
4051
4051
4051
4051
4051
4244
4340
4340
4729
4888
5074
5074
5131
5206
5261
5328
5675
5828
5932
6212
6266
6362
6567
6990
7710
7710
7711
7754
7901
8068
8308
8552
8683
8828
9619
9659
9884
10384
10384
10384
10396
10416
10426
10584
10673
10756
10809
10851
11196
11232
11384
12010
12182
12234
12234
12234
12234
12234
12234
12234
12270
12307
12647
12647
12647
12720
12797
13729
13896
14003
14138
14195
14331
14422
14422
14422
15017
15059
15075
15690
15737
16149
16320
16331
16331
16364
16420
16420
16901
16954
16965
16966
17979
18315
18520
18520
18520
18658
18658
18658
18800
18800
18803
18876
19355
19372
19571
19951
20256
20397
20636
20666
21357
21581
21581
21876
21905
22409
22409
22490
22558
22558
22558
23086
23086
23349
23561
23664
23929
24048
24105
24105
24105
24105
24105
24111
24111
24111
24111
24184
24228
24270
24869
24869
25009
25009
25017
25299
25597
25597
25635
25686
26423
26456
26810
27029
27055
27070
27309
27309
27309
27309
27309
27692
27716
27849
27898
28046
28341
29067
29284
29884
29963
29987
30014
30016
30042
30042
30230
30522
30522
31029
31029
31029
31102
31484
31484
31484
31718
32029
32207
32212
32252
32258
32258
32558
32558
32567
32661
32954
33049
33049
33183
33243
33245
33263
33405
33638
33641
33739
34113
34113
34217
34241
34405
34437
34440
34440
34474
34532
34640
34800
34992
34992
34992
34996
35144
35153
35153
35162
35162
35227
35240
35266
35284
35284
35533
35616
35616
35741
35843
35917
36024
36252
36299
36404
36538
36972
36972
37028
37162
37162
37162
37162
37162
37162
37221
37254
37398
37414
37537
37972
38061
38093
38516
38839
38839
38902
38985
39098
39175
39214
39475
39481
39586
40181
40224
41070
41186
41187
41386
41473
41558
41642
41678
41723
42061
42070
42071
42072
42077
42081
42139
42205
42276
42276
42276
42276
42276
42610
42610
42611
42694
42725
42725
42910
42910
42910
42910
42910
42910
42910
42919
43101
43101
43104
43247
43277
43374
43374
43409
43645
43699
43985
43985
43985
43985
43985
43991
44092
44182
44182
44182
44433
44436
44443
44782
44892
45049
45281
45350
45567
45573
45650
45695
45705
45717
45760
45808
45831
45845
45856
46090
46133
46198
46595
46819
46819
46940
47035
47518
47707
47707
47707
47707
47707
47707
47782
47782
47909
48018
48257
48914
48960
49053
49169
49224
49237
49290
49368
49562
49699
50024
50147
50670
50784
50784
50784
50784
50784
50784
50910
51215
51421
51480
51487
51488
51672
51672
51690
51690
51740
51801
51900
52119
52412
52593
52717
52717
52875
52967
53034
53114
53114
53114
53114
53114
53114
53114
53114
53114
53114
53208
53286
53302
53303
53358
53577
53613
53631
54298
54436
54440
54440
54898
54898
54989
55098
55233
55248
55486
55691
55691
55691
55691
55691
56223
56280
56326
56327
56410
56444
56449
56449
56545
56599
56702
56732
56741
56791
56791
56791
56820
57528
57528
57588
57628
58033
58171
58247
58249
58278
58278
58307
58388
58388
58423
58493
58731
