875
956
1479
2022
2241
2256
2470
2812
3986
4020
4051
4072
4156
4182
4340
4633
4982
5190
5190
7349
7349
7349
7846
8449
8449
8583
8738
9448
9737
9755
9766
9943
10093
10093
10123
10778
11196
11196
11196
11196
11196
11297
11737
11860
12289
13326
13459
13612
14031
15596
15603
15603
15690
16108
16126
16163
16318
16318
16320
16320
16419
16476
17467
17779
17781
18274
18291
18291
18440
18803
18803
18803
19423
19448
19474
19500
19500
19928
19928
19928
20174
20174
20174
20226
20636
20636
21266
21581
21589
22041
22124
22170
22539
22539
22754
23146
23316
23401
23402
23402
23402
23402
23402
24006
24249
24249
24249
24249
24249
24249
24249
24254
24424
24764
24986
25167
25597
27716
27984
28829
28830
29522
29884
30118
30475
31068
31546
31546
31777
31837
32501
34348
34348
34348
34854
34884
34884
34884
34884
34884
36203
36631
36727
36854
37055
37055
37147
37162
37243
37246
37246
37537
37648
37656
37698
38350
38469
38613
39098
39181
39214
39385
39475
39480
39600
39602
39603
40501
40505
40505
40509
41207
41489
41876
41951
41964
42078
42203
42205
42210
42399
42610
43004
43072
43312
43544
43705
43705
43807
44633
44755
44755
45281
45293
45350
45360
45360
45808
46269
46269
46273
46283
46843
46954
46959
46960
47071
47076
48123
48153
49481
49673
50407
51672
52031
52031
52033
52033
52033
52117
52178
52178
52233
52517
52875
53100
53194
53367
55244
55912
56320
56329
56331
56449
56620
56695
56732
56791
57136
57136
57139
57494
58080
58226
58732
58825
