62
261
406
1357
1479
1546
1546
1546
2013
2120
2140
2238
2392
2416
2491
3004
3435
3497
3908
4006
4051
4208
4244
4703
5131
5164
5271
5387
5610
6122
6171
6578
6703
6991
6991
6991
6991
6991
6991
6991
6992
6992
7689
7695
7697
7885
7901
7901
7901
7901
7955
8593
8614
8957
9227
9659
9659
9659
9688
9709
10403
10606
10606
10843
11608
11737
11749
11982
12497
13070
13412
13525
13609
13657
14173
14796
14972
15008
15284
15602
15692
16331
16392
16775
16901
17471
17529
17529
18254
18254
18274
18361
18505
18656
18656
18656
18724
18737
18800
18800
18800
18803
18803
18941
19163
19200
19725
19790
20290
21016
21204
21434
22179
22257
22409
22558
22754
22768
22954
23000
23016
23664
23684
23719
24055
24105
24105
24105
24105
24107
24107
24111
24111
24111
24111
24146
24162
24167
24270
24390
24499
24508
24707
24711
24881
24906
25009
25075
25120
25147
25682
25682
25686
25686
25989
26067
26078
26087
26120
26120
26614
26658
26746
27048
27137
27716
28193
28378
28862
28862
29188
29225
29622
29710
29811
29843
30004
30024
30034
30034
30034
30341
30424
30844
30844
30927
31259
31262
31275
31769
31996
32048
32207
32274
32803
32818
32964
33158
34405
34405
34547
34662
34687
34768
35153
35590
35616
35639
35686
35776
35780
35861
36085
36252
36378
36380
36380
36727
36727
36903
36903
36903
37046
37066
37066
37246
37251
37758
37785
37894
37968
38010
38812
38985
38988
38989
39215
39288
39288
40008
40014
40913
40932
41040
41040
41040
41381
41383
41436
41472
41489
41498
41499
41499
41501
41501
41501
42072
42176
42220
42276
42276
42276
42326
42405
42412
42412
42910
42910
42910
42910
42912
43038
43101
43104
43253
43595
43595
43645
44013
44092
44092
44092
44572
44713
44739
45112
45178
45293
45293
45293
45293
45293
45297
45311
45320
45336
45336
45567
45707
45720
45733
45810
45881
45881
45881
46092
46313
46701
47265
47716
48676
48738
48821
49031
49579
50162
50162
50162
50164
50164
50164
50164
50164
50165
50165
50337
50813
51096
51394
51736
51736
51736
51834
52033
52033
52033
52033
52033
52033
52119
52489
52683
52852
52859
53251
53251
53251
53252
53922
54092
54369
54394
54394
54488
54604
54738
54738
54987
55233
55342
55556
55610
55631
55633
55635
55656
55826
56028
56255
56320
56320
56320
56326
56326
56326
56404
56449
56469
56472
56652
56652
56652
57403
57403
57403
57403
57996
58059
58174
58174
58174
58174
58174
58262
58328
58388
58409
58409
58503
58626
58628
58658
58668
58736
59333
59333
59417
59422
