763
919
1479
1512
1767
2087
2123
2268
2268
2268
2315
2390
2491
2566
2836
3004
3195
3296
3327
3625
3920
4051
4051
4197
4200
4340
4637
4857
5074
5272
5387
5387
7362
7381
7802
7851
7851
7901
7909
7909
8132
8134
8214
8214
8214
8546
8546
9003
9138
9397
9470
9470
9659
9659
9659
9659
9737
9737
9876
9876
9876
9876
10080
10160
10673
10673
10680
10687
10687
10687
11098
11173
11174
11196
11394
11703
11857
11902
12053
13353
13574
13612
13731
13731
14342
14834
14863
15036
15044
15291
15378
15378
15378
15384
15384
15386
15596
15602
15603
15608
15608
15608
15614
15678
16149
16216
16339
16393
16454
16536
16957
17535
17535
17599
17782
17782
17924
18274
18365
18800
18800
18803
19447
19447
19447
19447
19451
19683
19683
20273
21495
21495
21713
21715
21762
22006
22102
22124
22539
22539
22546
22546
22548
22558
22558
22558
22584
22616
23222
23283
23283
23283
23664
23703
23703
23703
23807
23807
23807
23901
24601
25009
25009
25009
25046
25174
25186
25205
25224
25597
25597
25597
25597
25748
25929
25929
26202
28157
28602
29208
29319
29736
29775
29854
29854
29987
29987
30118
30414
30414
30414
30416
30896
31040
31333
31333
31389
31484
31821
31837
33072
33097
33221
33435
33532
34348
34348
34348
34821
34875
34909
34992
35106
35146
35153
35153
36631
36710
36727
36764
36820
37243
37308
37321
37430
37691
37972
37972
38469
38469
38635
38812
38893
39046
39137
39215
39475
39475
39482
39487
39580
39580
39888
39888
40325
40478
40478
40923
40923
41019
41082
41098
41275
41565
41678
41937
41949
41964
42074
42162
42205
42610
42800
42910
42912
43024
43101
43355
43411
43645
44013
44119
44153
44153
44182
44185
44411
44527
44541
44785
45178
45178
45367
45456
45456
45554
45567
45567
45760
45807
45902
45902
46412
46741
47507
47530
47530
47530
47803
47913
47961
48156
48640
48703
49050
49492
49492
49635
50159
50159
50159
50987
51144
51151
51307
51307
51307
51307
51307
51307
51309
51309
51316
51382
51509
51690
51740
51818
51821
52031
52031
52031
52033
52117
52118
52489
52871
53364
53589
53589
53690
53697
54403
55486
55570
55596
55631
55705
55901
56320
56320
56326
56326
56449
56546
56640
56640
56640
56640
56640
56640
56640
56652
56652
56652
56695
56695
56791
56791
56791
57449
57510
57511
57923
58028
58129
58234
58428
58429
58785
58785
58808
58822
58822
58822
58823
58823
58826
58828
58848
