1020
1990
2392
2392
2392
2392
2491
2491
2491
2768
2934
3004
3004
3004
3198
3296
3300
3557
3602
3920
4006
4006
4051
4064
4139
4182
4184
4185
4340
4520
4834
4852
5387
5387
5387
5387
5449
5828
5863
6177
6177
7111
7381
7746
7757
7814
7851
7851
7909
7909
7956
8530
8581
9026
9026
9470
9529
9532
9576
9659
9659
9659
9659
9915
10037
10049
10049
10114
10114
10569
10583
11040
11174
11688
11688
11688
11688
11688
11692
11869
12108
12141
12141
12141
12145
12145
12300
12348
12349
12503
13612
13612
13612
13753
13925
13975
13975
14222
14222
14222
14222
14222
14609
14864
15596
15683
16258
16282
16320
16346
16396
16465
16574
16688
17529
17596
17629
17717
17787
17924
17924
17924
17924
18178
18315
18426
18450
18518
18800
18800
18803
19200
19460
19500
19683
19683
20013
20023
20023
20023
20290
20490
20585
20636
20665
20666
20725
21131
21494
21495
21495
21495
21495
21495
21495
21495
21516
21687
21717
22539
22539
22539
22558
22558
22558
22584
22615
22615
23222
23350
23718
23720
23807
24105
24105
24111
24139
24179
24900
25062
25100
25106
25106
25290
25692
25843
26034
26185
26668
27242
27377
27377
27377
27377
27377
27377
27501
27631
27884
28149
28958
29421
29598
29825
29854
29854
29854
29854
29854
29854
29854
29854
29854
29854
29854
29854
29854
29854
29854
29854
29884
29884
29970
29987
30100
30122
30124
30198
30317
30317
30492
30498
30498
30498
31221
31368
31531
31531
31534
31716
31742
32048
32065
32249
32917
32917
32956
32956
33243
33243
33286
33358
33803
33915
34437
34547
34803
34831
34831
34909
34945
35166
35169
35284
35747
35993
36103
36103
36215
36503
36635
36635
37066
37066
37066
37384
37475
37478
37537
38300
38466
38482
38584
38821
38835
39098
39215
39288
40628
40628
40828
40913
40913
40913
40913
40913
40913
41032
41034
41034
41034
41040
41041
41051
41051
41108
41123
41194
41258
41489
41489
41489
41489
41763
41934
42078
42162
42162
42162
42162
42165
42190
42190
42190
42195
42205
42349
42576
42621
42725
42799
42910
42910
42910
42910
42910
42910
42919
42919
43101
43104
43355
43636
43636
43636
43636
43636
43636
43711
43991
44000
44013
44527
44719
44785
44794
44978
44978
44980
44980
44980
45281
45336
45362
45396
45567
45567
45567
45567
45567
45567
45626
45676
45688
45707
45707
45707
45720
45720
45720
45808
45808
45810
45874
45874
45881
45881
45881
45881
45881
45881
45881
45881
45901
45976
46069
46163
46269
46474
46520
46591
46647
46909
46941
47530
48246
48260
48902
48935
49276
49579
49579
49579
49579
50236
50236
50542
51099
51100
52007
52117
53253
53775
53926
53929
54175
54272
54781
55348
55425
55486
55610
56255
56255
56255
56255
56255
56255
56255
56255
56255
56320
56326
56326
56326
56421
56507
56562
56703
56707
56726
56941
56984
56992
56992
57757
58262
58278
58281
58312
58688
58731
58731
58736
58745
58872
58900
58913
