543
849
1181
1185
2382
2491
2967
3317
3556
4185
4244
4637
5775
6100
7283
7735
7735
7770
7770
7770
8088
8431
8738
8938
8957
10673
10673
10673
10752
10921
11056
11196
13363
13840
15241
15596
15596
15607
15607
15693
16320
16364
16364
16707
18254
18274
18289
18546
18800
18800
18888
21270
21608
21834
22615
23306
24869
25181
25457
26715
26776
27392
29225
29569
29711
31458
31458
32432
32500
32917
33459
34483
34654
34654
35162
35166
35166
36631
37066
37724
38303
39609
40353
40985
40985
40985
40985
40985
40985
41489
41964
42078
42171
43733
44423
44785
44967
45165
45808
47459
47599
49715
50771
50800
51368
51672
51676
52705
52705
52859
53034
56028
56216
56331
56791
56819
58101
58388
58822
59222
59222
59222
