177
193
390
684
1266
1405
1410
1416
1479
1850
2392
2423
2424
2426
2431
2807
2815
2942
3004
3587
3588
3602
3803
3805
3924
4051
4051
4051
4051
4228
4244
4522
4532
4532
4718
4775
4775
4900
4982
5127
5206
5261
5271
5870
6177
6281
6897
6958
7050
7381
7675
7901
7901
7922
8132
8158
8158
8158
8308
8308
8308
8308
8359
8457
8552
8552
8552
8557
8557
8557
8675
8678
9894
10078
10319
10396
10434
10673
10710
10738
10843
11191
11192
11289
11813
11873
11902
11941
11941
11948
12145
12234
12234
12300
13026
13523
13622
13826
13937
14012
14251
14266
14295
14422
14624
15350
15477
15477
15608
15690
15741
16127
16132
16145
16200
16320
16320
16320
16331
16399
16516
16516
16869
16869
16961
17069
17535
17599
17779
17924
17924
18224
18289
18440
18800
18803
18888
18888
19084
19084
19119
19200
19200
19448
19473
19737
19737
20029
20029
20174
20336
20542
20666
20740
21107
21153
21202
21204
21267
21267
21357
21495
21608
21896
22409
22409
22409
22558
22558
22558
22620
22754
22754
22754
22754
22776
23024
23098
23122
23283
23309
23309
23329
23333
23757
23870
23870
23870
23870
23923
24111
24111
24184
24184
24184
24184
24869
24869
25221
25413
25414
25597
25597
25675
25897
25987
26687
26810
26810
26810
26917
27243
27276
27414
28141
28508
28510
28805
29470
29471
29493
29526
29907
29907
29907
29994
30020
30117
30289
30289
30293
30317
30386
30407
30414
30490
30691
31156
31443
31653
31653
31653
31663
31679
31996
32170
32217
32258
32342
32381
32502
32502
32518
32518
32518
32518
32558
32558
32558
32558
32698
32917
32917
32917
32917
32917
32917
33029
33089
33748
33833
34048
34048
34048
34214
34220
34223
34348
34483
34608
34635
34800
35144
35144
35144
35227
35626
35854
35942
36379
36693
36710
36718
36718
36718
36718
37052
37052
37055
37066
37066
37165
37300
37348
37348
37376
37475
37478
37537
37738
37964
38469
38483
38633
39181
39288
39475
39475
39480
39482
39504
39758
39936
40286
40619
40619
40619
40619
40634
40723
40923
40923
41019
41044
41126
41160
41180
41263
41271
41401
41401
41401
41955
42190
42203
42205
42205
42630
42694
42694
42694
42694
42910
42910
42910
42910
42910
42929
42929
42929
42982
43024
43066
43101
43101
43101
43101
43104
43288
43318
43323
43612
43616
43646
43754
43985
44013
44063
44164
44224
44276
44317
44349
44382
44382
44382
44382
44436
44572
44673
44682
44785
44827
44973
45197
45533
45658
45808
45831
45844
45881
46562
46741
47009
47058
47111
47387
47408
47409
47416
47530
47530
47530
47551
47782
47809
48095
48156
48161
48445
48535
48871
48871
48871
48960
48960
48960
49019
49019
49019
49344
49664
49782
50217
50217
50535
50589
50604
50696
50887
51456
51456
51498
51584
51672
51672
51684
51716
52059
52117
52118
52717
52859
52859
52875
52875
52967
53040
53109
53224
53256
54296
54440
54920
54920
54920
54920
55134
55344
55486
55486
55580
56123
56296
56320
56320
56320
56326
56326
56326
56326
56326
56329
56329
56554
56695
56702
56791
56852
56903
56904
57346
57418
57962
58171
58281
58573
58711
58908
58925
