1634
1777
1850
3317
4185
5773
5773
5793
5793
6567
6567
6567
6567
6567
6991
6991
7044
7044
7049
7901
7901
11585
11831
11857
11857
11857
13338
13338
14036
14864
16145
16331
16944
18301
18658
18800
19881
22546
22584
22768
23071
23312
23351
25106
25106
25174
26832
26836
31207
31484
32712
33357
35162
35162
35162
35162
35162
35169
35971
36433
36631
36922
36922
37162
38746
40913
40985
40985
41040
41082
41201
41473
42162
42798
42910
42919
43356
44373
44411
45753
45760
45808
48116
48445
50430
50430
51672
51672
51741
52435
52967
55163
55163
55533
56941
56941
58306
58908
