1850
2423
2428
2436
2758
3004
3004
3300
3338
3921
5133
5712
5712
7901
9018
9018
9018
9179
9659
9659
9943
10428
10968
10968
10976
11041
11041
13268
13612
14624
14624
15326
15500
16982
17536
17756
18114
18178
18800
19034
19267
19435
19881
20778
21495
22411
22411
22411
22539
22559
23098
23098
24561
25186
25224
25675
27242
27524
28249
29008
29013
29030
29183
31770
32698
34874
35818
35818
36261
36572
36693
36693
36693
36693
36696
36696
36696
36696
37537
37560
37648
37972
39478
39480
39932
40501
40894
41075
41180
41186
41949
41960
42910
42910
42910
43406
43538
43544
43544
43544
43617
43813
43916
43985
44013
44349
44564
44642
44642
44645
44952
45288
45360
45490
45567
45890
46711
46777
47250
47787
47803
48703
48707
48949
52033
52471
52859
53074
53318
53766
53766
53766
54771
56326
56852
56983
56992
57505
57510
57514
57922
58731
