1223
2019
2154
2491
3004
3227
4020
4340
4522
4526
4532
4730
4949
4978
5227
5828
5828
5880
6533
6720
7044
7044
7044
7044
7584
7901
8308
8646
8646
9109
9873
10159
10290
10489
10515
10562
10565
11734
11761
12056
12789
13888
13888
14276
15024
15312
15596
15596
15690
15737
16331
16340
16416
17529
17711
18315
18453
18800
18800
19048
19048
19951
20420
20424
20443
21260
22456
22558
22558
22754
22784
23253
23664
23664
23664
23807
23914
23914
24105
24105
24105
24105
24105
24105
24107
24111
24184
24184
24619
24869
24869
24869
24869
24869
25047
25635
25675
25994
26423
26428
27127
29067
29068
29225
29284
30454
31052
31121
31138
31552
31718
32474
32918
33089
33154
33993
34151
34474
34629
34992
34992
34992
34992
35146
35534
35534
35616
35741
35942
36348
36972
37162
37470
37478
37481
37481
37481
37481
37647
37744
38812
39098
39185
39504
39870
40815
41160
41231
41490
41642
41642
41721
41721
41808
41876
41943
41955
42070
42070
42074
42078
42105
42190
42610
42800
42910
42910
42910
42910
42969
43004
43004
43024
43024
43101
43101
43101
43101
43252
43252
43252
43253
43291
43374
43910
43912
43985
43987
43987
43991
44182
44192
44192
44211
44373
44373
44416
44679
44700
44700
44746
45806
45808
45808
45808
45810
45902
46592
47065
47521
47726
48186
48552
48704
48960
49063
50405
51556
51675
51736
52059
52118
52621
52875
53208
53720
54101
54374
54738
54738
54800
54800
54898
55691
55912
56255
56791
56903
56909
56987
57588
57668
57668
58084
58566
58962
59017
