1448
2491
3004
3227
3227
3227
3297
3775
4020
4020
4020
4325
4522
4522
5165
5165
5227
5828
5870
7044
7044
7044
7584
8425
8941
8941
9659
10290
10756
10756
11173
11196
11734
12131
12940
12940
13888
15734
16331
16364
16364
16364
16364
16364
17717
18336
18336
18336
18453
18658
18658
18800
18800
19951
20290
20424
20424
20639
20770
22558
22782
22782
22782
23253
23253
23807
24105
24105
24105
24105
24105
24111
24184
24184
24184
24869
24869
24869
24869
24869
24869
26303
26303
26423
26810
29068
29279
29284
30016
30454
30454
32258
32258
32379
32474
33114
33114
33152
33154
33482
34992
35534
35534
35534
35534
35644
35658
35741
36024
36404
36764
37162
37478
37478
37647
37647
37647
38819
39504
39773
39870
40158
41490
41603
41603
41642
41808
41808
41808
41808
41955
42071
42071
42078
42078
42205
42910
42910
43004
43024
43024
43024
43101
43104
43527
43910
44006
44182
44192
44192
44211
44373
44373
44373
44373
44373
44574
44574
44700
44700
45297
45626
45888
46592
47040
47054
47521
48568
48568
51672
51672
51672
52118
52119
52121
52121
52121
52717
52870
52870
52871
53114
53307
53844
53844
53844
54738
54738
54898
55676
55691
55918
55918
57588
57668
57668
57668
57668
58423
58423
58731
