168
673
1266
1761
1764
1850
1850
1850
2316
2342
2342
2826
3004
3497
3752
3800
3800
3808
3808
3811
4051
4051
4051
4235
4551
4844
5062
5216
5216
5216
5324
5463
5648
5648
5916
6780
6780
6982
7306
7541
7643
7695
7887
7901
7901
7912
7955
8149
8263
8937
8937
9592
9659
9659
9687
9767
9767
9848
9848
10034
10225
10349
10427
10708
10742
11055
11283
12217
12655
12931
13177
13498
13629
13657
13888
13888
13888
13890
13890
14278
14402
14649
14848
14848
14863
15234
15235
15236
15526
15575
15647
15647
15689
15692
16216
16268
16307
16961
17003
17007
17007
17529
17564
18118
18274
18520
18603
18603
18656
18656
18658
18658
18888
19284
19447
19447
19488
19558
19766
19776
19972
20000
20174
20174
20174
20669
20725
20725
21495
21581
21581
21595
22006
22262
22266
22409
22456
22539
22539
22539
22548
22558
22587
22622
22737
22946
23011
23077
23664
23696
23914
23972
23974
24107
24111
24111
24111
24111
24111
24227
24396
24396
24396
24396
24396
24406
24406
24406
24469
25437
25437
25604
26248
26668
26687
26689
26836
27215
27243
27332
27493
27493
28035
28205
28271
28640
29647
29688
29688
29689
30414
30491
31393
31552
31762
32368
32546
32640
32918
32918
33174
33174
33268
33369
33427
33488
33560
33591
33591
33591
33724
33927
34483
34636
34637
34800
35162
35165
35225
35227
35617
35649
35741
35741
35741
35750
35750
35925
35948
35948
36407
36454
36485
36662
36662
36688
36820
36984
36984
36987
36987
36987
36987
36987
37021
37060
37145
37145
37153
37377
37475
37478
37537
37691
37821
37821
37821
37838
37838
38093
38468
38468
38468
38468
38468
38472
38548
38812
38959
38971
39142
39181
39385
39463
40463
40969
41489
41489
41642
41642
41642
41642
41642
41808
41906
41985
41988
42071
42078
42169
42190
42195
42205
42436
42887
42887
42887
42910
42910
42910
42910
42910
43004
43080
43093
43101
43101
43104
43104
43104
43255
43308
44182
44192
44238
44412
44806
44818
45164
45354
45421
45808
45881
45881
45881
45935
46226
46227
46252
46561
46562
47069
47076
47443
47448
48352
48640
48644
48704
48715
48828
48871
48873
48873
49058
49467
49471
49747
50567
51507
52117
52117
52408
52457
52557
52734
52875
53028
53589
54060
54358
54421
54635
55165
55486
55486
55652
55654
55654
55654
55654
55654
55655
55655
55826
56237
56326
56435
56435
56449
56551
56791
57069
57139
57149
57573
57573
57573
57573
57804
57804
57805
58016
58243
58243
58307
58465
58740
58745
