571
743
1123
1517
1710
1710
2039
2795
3004
3143
3152
3696
3696
3696
3696
3757
3758
3758
3758
4216
4244
4423
5163
5271
5651
6285
6285
6925
6991
6991
7044
7695
7848
7849
7851
7901
7901
7901
7901
7901
7901
7901
8308
8583
8593
8779
9430
9659
9760
9774
10367
11184
11323
11324
11324
11332
11613
11922
12160
12234
12307
12479
12480
12931
13100
14036
14036
14624
15236
15511
15516
15602
15602
15689
15737
15781
16318
16420
16622
16622
16622
16622
17160
17160
17862
18174
18274
18274
18274
18293
18656
18656
18800
18800
18803
20904
21260
21267
21495
21589
22041
22352
22426
22456
22539
22546
22558
22666
22666
22746
23077
23253
23253
23253
23253
23253
23253
23253
23253
23253
23567
23567
23567
23567
23664
23703
23725
23879
23974
24105
24111
24184
24184
24184
24184
24184
24184
24396
24396
24760
25009
25294
25597
25675
26836
27165
27874
28492
28965
28968
29225
29275
29520
29520
30965
31223
31223
31451
31633
31683
32500
33367
33367
33367
33367
33367
33451
33459
33459
33665
34405
34620
34620
34800
34803
35227
35444
35644
35741
35741
35741
35741
36727
37088
37089
37162
37165
37537
37646
37851
37851
38468
38468
38513
38613
38812
38812
38812
38812
38812
38812
38812
38812
38812
38812
39609
40264
40814
40913
41045
41136
41489
41489
41642
41642
41642
41717
41717
41717
41717
41828
42190
42282
42282
42282
42282
42610
43009
43015
43101
43101
43104
43299
43310
43535
43584
43636
43985
44131
44192
44417
45480
45567
46337
46520
46562
47599
47852
47881
48063
48636
48704
48871
48873
48873
49386
49579
49614
49839
50024
50086
50831
50885
51179
51456
51672
51801
51966
52399
52489
52707
52875
54082
54693
54813
54878
55486
56326
56326
56329
56987
57597
57787
57867
57923
58038
58080
58225
58552
58552
58735
