348
688
1181
1405
1410
1410
3497
3617
3921
4017
4797
5434
6228
6228
6228
6229
6229
6252
6701
6905
7620
7620
7620
7620
7620
7710
7802
7846
7852
7901
7912
7955
8072
8072
8665
8694
9307
9659
9659
9878
9878
9913
10027
10080
10080
10160
10519
10673
10673
10687
10876
10921
11191
11192
11761
12002
12017
12017
12017
12017
12023
12108
12128
12128
12128
12142
12145
12145
12147
12300
12735
12761
12761
12776
12901
12902
14316
14316
14624
14624
14624
14624
14882
15097
15097
15596
16331
16396
16490
17135
17135
17135
17267
17309
17779
17780
17924
18293
18441
18656
18656
18656
18656
18800
18800
18800
18800
18854
19497
19500
19837
19845
20029
20174
20174
20650
20665
20666
20666
20666
21490
21495
22041
22045
22219
22223
22308
22558
22776
23309
23309
23331
23664
23664
23664
23706
23813
23870
23870
23870
23870
24012
24111
24609
25012
25012
25019
25188
25597
25599
25635
27259
27414
28157
28268
28327
28675
28901
29005
29209
29907
29907
30122
30473
31170
31228
31228
31228
31716
32518
32518
32518
32956
33145
33146
33567
34348
35534
35534
35574
35626
35626
36710
36778
36820
37246
37475
37475
37656
37972
39098
39181
39215
39385
39385
39385
39482
40505
40515
40634
40634
40634
40753
41186
41603
41718
41777
41934
41943
42073
42073
42506
42506
42506
42610
42610
42910
42910
42912
43299
43299
43355
43481
43544
43595
43985
43985
44480
44645
44668
44679
44693
44729
44729
44827
44829
44961
44972
45017
45281
45351
45532
45532
45532
46595
46771
46946
47411
48055
48529
48590
48717
50103
50590
50598
50598
50604
50604
51421
51479
51479
51584
51986
52031
52033
52488
52705
52784
52784
53074
53575
53697
54022
54082
54133
54489
54582
54869
54869
54869
55119
55564
56320
56320
56320
56331
56362
56414
56695
56715
56717
57358
57358
57439
57668
57668
57724
58423
58721
58825
59384
