93
145
1128
1128
1266
1441
1441
1448
1456
2821
2821
3271
3535
3696
4340
4982
5387
5387
6576
6657
6934
6991
6991
7025
7044
7044
7044
7050
7541
7711
7846
7886
7901
7901
8899
9114
9414
9418
9659
9687
10396
10662
11196
11384
11831
12652
12828
13006
13476
14035
14232
14395
14395
14624
15040
15174
15602
15642
16331
16421
16745
17069
17069
17522
17538
17924
17924
18129
18656
18658
18658
18658
18803
18803
19500
19666
20023
20141
20637
20894
20894
21016
21266
21307
21608
21752
21779
21821
21821
22164
22539
22539
22539
22768
23149
23222
23253
23253
23253
23253
23253
23253
23253
23725
23819
24184
24184
24184
24184
24184
24881
25009
25597
25909
25909
27456
28945
29156
29225
29330
29330
29984
29984
29984
29984
30460
30502
30502
30502
30502
30502
30723
30965
31121
31262
31263
31264
31484
31484
32048
32463
32474
32794
33273
34302
34474
34552
35477
35477
35497
35677
36025
36903
37162
37162
37243
37243
37321
37478
37540
37631
38985
39100
39385
39475
39944
39951
40869
41040
41045
41678
41686
41717
42326
42910
42910
43104
43291
43409
43535
43985
43985
43987
44140
44192
44238
44373
44713
45336
45567
45573
45808
45808
46090
47035
47601
47979
48058
48062
48065
49237
49496
49496
50589
50910
50940
50941
51850
52651
52779
53304
53409
54440
54516
54895
54996
55055
55425
55556
56613
56613
56695
56791
57494
57923
58084
58242
58463
58624
58624
59288
59288
