406
628
749
749
749
1410
1479
1479
1479
1548
1575
1850
1850
1850
2104
2256
2316
2491
2854
3004
3004
3004
3004
3004
3096
3146
3707
3883
3931
4006
4051
4051
4340
4340
4340
4585
4754
5068
5068
5501
5504
5797
5818
5824
5824
6420
6720
6795
6876
6883
6964
7112
7319
7636
7636
7702
7705
7705
7837
7901
7901
7901
7901
8018
8172
8308
8376
8474
8482
8505
8738
8824
9247
9414
9414
9659
9941
9943
10002
10034
10106
10266
10500
10620
10620
10742
10915
11270
11644
12104
12128
12266
12488
12544
13456
13468
13552
13612
13908
13909
13910
14222
14223
14223
14223
14223
14223
14223
14224
14224
14224
14230
15074
15078
15378
15393
15596
15596
16137
16331
16331
16797
16876
16920
17520
17538
17538
17542
17550
17849
18074
18101
18104
18204
18204
18205
18274
18282
18315
18469
18665
18800
18800
18800
18800
19132
19500
19564
19652
19666
19683
19727
19737
19737
20174
20174
20174
20174
20174
20319
20398
20474
20490
20495
20636
20784
20901
21147
21217
21377
21454
21495
21502
21516
21533
21591
21595
21771
22157
22176
22184
22514
22944
22946
22946
22946
22946
22946
22997
23245
23664
23717
23728
24105
24162
24186
24214
24214
24267
24396
24457
24994
25093
25635
25635
25682
25929
26016
26016
26299
26397
26554
26620
26716
26836
27075
27265
27669
27711
28643
29008
29295
29522
29569
29722
29884
29892
29987
30188
30286
30290
30317
30501
30603
30847
31026
31072
31228
31325
31382
31397
31424
31941
31989
32337
32468
32778
32799
33109
33155
33253
33253
33423
33441
33874
34048
34077
34077
34250
34329
34373
34521
34538
34538
34538
34538
34567
34666
34666
34713
34794
34803
34831
34842
34875
34968
35072
35093
35146
35210
35210
35213
35225
35227
35284
35654
35654
35677
35690
35690
35867
35905
36001
36004
36085
36200
36254
36304
36589
37382
37475
37493
37493
37537
37537
37542
37625
37742
37964
38317
38434
38529
38812
38899
38908
39100
39118
39118
39118
39146
39175
39185
39185
39186
39385
39385
39480
39487
39556
39556
39600
39773
39819
40559
40923
41051
41126
41160
41176
41186
41233
41275
41303
41303
41319
41678
41678
41839
41955
41964
41964
42178
42181
42190
42205
42205
42338
42338
42343
42347
42347
42347
42412
42524
42524
42524
42610
42910
42910
42910
42912
42912
43024
43407
43427
43430
43444
43448
43571
43595
43975
43985
43987
43987
43987
43987
43991
44092
44138
44437
44503
44503
44503
44503
44503
44503
44503
44503
44642
44663
44725
44785
44794
44986
45076
45097
45720
45720
45808
46026
46043
46471
46474
46751
46751
46751
46777
46777
46777
46785
46785
46785
46869
46905
46927
46927
47941
48177
48567
48873
48873
48960
49019
49264
49486
49579
49839
49839
49839
49961
51289
51295
51297
51584
52059
52118
52642
53248
53248
53431
54134
54432
54490
54888
54960
55163
55302
55517
55691
55772
55772
55772
55774
55807
55807
55844
56320
56326
56331
56630
56707
56727
56727
56791
56791
56977
56987
56992
57155
57358
57367
57450
57693
57693
58035
58062
58278
58289
58513
58528
58573
58573
58576
58646
58731
58731
58767
58808
58925
59005
