242
389
919
1181
1767
2424
3497
3563
3683
3683
3776
3777
4051
4051
4051
4244
4244
4367
4650
5387
5672
6744
7369
7381
7698
7802
7967
8018
8208
8425
8552
8552
9659
9659
9730
9894
10171
10330
10354
10482
10673
10673
10760
10898
10898
11117
11196
11297
11686
12140
12270
12953
13058
13239
14249
14492
14508
14624
14624
14642
14901
15689
15986
15986
16268
16320
16320
16486
16486
16486
16510
16510
16510
16510
17904
17928
18261
18303
18369
18603
18658
18665
19200
20023
20275
20319
20666
20666
20666
20666
20666
20666
20666
21266
21270
21398
21424
21495
21495
21495
21495
21814
22040
22265
22360
22456
22539
22558
22568
23098
23098
23235
23283
23287
23585
23735
24016
24016
24016
24016
24111
25686
25686
25757
25897
28882
29220
29402
30341
30488
30899
31024
31080
31388
31388
31837
31837
31869
31869
32091
32091
32116
32257
32341
32619
32713
32713
32839
32956
33012
33063
33590
34348
34348
34348
34348
34348
34348
34348
34348
34358
34538
34552
34797
35511
35644
35818
36022
36202
36257
36257
36257
36718
36718
36820
36903
37066
37066
37162
37243
37246
37246
37376
37972
37972
38469
38469
38707
38707
39385
39475
39677
39677
39678
39678
39678
39690
39743
39795
39888
40187
40317
41045
41046
41400
41678
41717
42078
42093
42610
42610
42610
42694
42694
42694
42694
42725
42788
42788
42910
42910
43008
43299
43535
43536
43538
43799
43987
44092
44564
44572
44574
44734
44960
44972
44972
45281
45675
45707
45774
46186
46186
46309
46916
46926
47573
47731
48033
48127
48156
48640
48821
48871
48871
49018
49668
49673
50079
50103
50544
50548
50604
50604
50845
50845
50859
50965
51509
51509
51740
52056
52120
52597
52859
53164
53259
53553
53556
53556
53556
53608
54421
54507
54920
55567
55567
55705
55705
55705
55709
55918
56329
56695
56695
56701
56941
56941
56941
57060
57418
57573
57780
58330
58330
58330
58330
58330
58808
58823
