328
1130
1287
1479
1814
2382
2382
2807
2826
2872
2929
2934
3556
3680
3920
3921
4051
4051
4182
4182
4244
5165
5387
7044
7044
7044
7049
7049
7515
7516
7516
7516
7516
7518
7518
7518
7518
7696
7698
7710
7811
7912
7912
8546
8593
8597
8598
8714
8739
8787
8790
8834
8957
8962
9065
9659
9659
9672
9751
9751
10450
10451
10504
10643
10752
11196
11201
11288
11737
11737
12313
12655
13212
13575
14402
14462
14503
14506
15024
15235
15402
15737
15986
16331
16830
17370
17644
17980
18178
18315
18315
18315
19500
19615
19797
19951
19951
19951
20174
20331
20490
21270
21385
21525
21981
22158
22476
22532
22539
22539
22776
22776
22940
23218
23253
23432
23664
24107
24111
24184
24869
24870
25597
25929
26303
27049
27267
28801
28822
29242
29356
30016
30124
30946
31080
31224
31257
31458
31484
31716
31718
32194
32430
32430
32656
32713
32998
33057
33482
33643
33815
34348
34654
34829
34992
34992
34992
34992
35444
35444
35446
35680
35741
35839
36404
36582
36688
36987
37162
37537
37537
37876
37954
38393
38393
38501
39288
40008
40077
40186
40805
41107
41180
41180
41383
41642
42072
42072
42072
42902
42910
42992
43062
43104
43300
43374
43413
43705
44013
44282
44440
44714
44729
44882
45299
45299
45612
46694
46905
46911
47046
47388
47448
47454
47737
47881
47884
48461
48473
48871
48872
49317
50521
51096
51421
51584
51801
51801
52042
52121
52385
52394
52395
52396
52399
52401
52886
53216
53589
53598
53599
54436
54634
54876
55705
55705
56269
56320
56320
56320
56320
56326
56326
56326
56329
56820
56820
56820
56820
56820
56903
57636
57668
57856
58547
58688
58745
58785
58785
58808
58822
58822
58822
58822
58828
