66
93
200
373
684
892
1055
1130
1767
1777
1778
1899
1899
1899
1899
2392
2794
3603
3625
3626
3737
3758
3906
3990
4051
4051
4279
4280
4281
4323
4334
4334
4340
4729
4729
4906
4949
5005
5132
5165
5408
6330
6990
6991
6991
6991
7049
7050
7851
7851
7901
7901
7901
7901
7901
7901
7912
7912
7912
8535
8546
8552
8661
9356
9410
9542
9576
9659
9659
9659
9672
9678
10039
10049
10093
10732
11109
11173
11174
11196
11202
11237
11362
11762
11861
12077
12281
12354
12392
13629
13913
14156
14567
14624
15024
15128
15402
15456
15596
15690
15737
15986
16024
16331
16331
16331
16347
16364
17305
17924
18315
18640
18658
18658
18658
19282
19498
19609
19776
19951
19951
19951
19951
20321
20991
20991
20991
21188
21216
21411
21495
21736
22409
22539
22539
22558
22558
22558
22568
22615
22615
22754
22754
22776
22969
23253
23253
23253
23253
23253
23253
23253
23253
23253
23253
23253
23401
23703
23706
23725
23725
23731
24105
24105
24184
24184
24184
24184
24184
24184
24184
24184
24184
24184
24184
24184
24529
24557
24619
24869
24885
25123
25606
25871
26303
26423
26687
26810
26810
26810
26810
27418
27672
27696
27714
27902
28157
28917
28940
29050
29053
29486
29854
29854
29884
29884
30042
30187
30502
30502
30965
31484
32048
32048
32257
32258
32566
32605
33243
33243
33253
33342
33369
33482
33593
33879
34082
34176
34307
34348
34437
34784
34785
34794
34794
34794
34803
34854
34925
34992
34992
34992
34992
34992
34992
34992
34992
34992
35144
35153
35213
35227
35227
35251
35741
35917
36037
36533
36533
36727
36820
37055
37055
37055
37162
37162
37162
37162
37475
37478
37545
37691
38300
38569
38613
38624
38812
39215
39932
39952
40223
40913
40913
41262
41489
41489
41642
41716
41732
41824
42073
42485
42486
42610
42610
43024
43101
43255
43258
43291
43312
43356
43409
43535
43645
43645
43645
43985
43985
43985
43985
43990
43991
44192
44192
44201
44215
44373
44382
44529
44729
44729
44729
44897
44953
45141
45418
45426
45534
45567
45707
45752
45774
45774
45808
45808
45808
45808
45808
45808
45808
45856
46414
47614
47671
48123
48255
48466
48568
49169
49175
49224
49235
49579
49579
49579
50053
50081
50407
50543
51444
51454
51570
51675
51742
52117
52117
52117
52119
52489
52870
52871
53221
53303
53575
53575
53598
54440
54577
54895
55149
55486
55594
55705
55890
55972
56129
56265
56320
56320
56320
56326
56326
56326
56326
56717
56791
57005
57552
57588
57922
58171
58171
58174
58181
58181
58243
58247
58409
58731
58785
58808
58867
58879
