192
346
360
921
2424
3004
3004
3338
4051
4051
4244
4367
6252
6652
7044
7044
7199
7381
7541
7912
8103
8546
8937
9255
9255
9255
9659
10175
10462
10673
10687
10898
11041
11196
11670
11813
12910
13826
14041
14063
14289
14395
15128
15325
15689
15741
16084
16268
16331
16684
17069
17781
17782
18293
18549
18656
18800
18861
19098
19450
19683
19703
19766
19951
19951
20326
20685
22001
23283
23664
23901
23912
24111
25597
26016
26697
27740
28141
28220
28669
28751
28822
29043
29501
29984
29984
30016
30323
30341
30386
30691
30940
31030
31468
31468
32219
32249
32392
32502
32558
32701
32928
33404
33451
33643
34048
34348
34348
34348
34443
34547
34800
34992
34992
34992
34992
35093
35093
35224
35396
35444
35616
36348
36404
36764
37101
37162
37246
37348
39271
39662
39851
39888
40186
40278
40278
40278
40985
41401
41955
42610
42637
42910
42910
43292
43812
43985
43990
44063
44139
44178
44182
44246
44287
44373
44435
44541
44729
44785
45199
45808
45808
45831
45902
46232
47255
47284
47402
47411
47411
48644
48644
48712
48960
49091
49136
49431
49665
49668
51672
51675
51676
51676
51963
52435
52435
52499
52862
53256
53303
54406
54412
54804
54920
54920
55606
55705
56242
56269
56326
56695
56695
56695
56695
58540
58566
58732
59381
