208
443
471
688
976
1196
1219
1232
1448
1474
1479
1517
1762
1850
2069
2069
2202
2240
2300
2424
2491
2491
2662
3004
3004
3803
3812
3891
3937
3940
4051
4051
4072
4180
4244
4244
4340
4340
5132
5216
5387
5442
6376
6412
6455
6587
6589
6991
6991
7044
7203
7445
7704
7851
7901
7912
7955
8058
8132
8132
8308
8308
8308
8314
8487
8614
9029
9353
9659
9659
9697
9699
9707
9982
10034
10365
10365
10541
10673
10680
11098
11171
11196
11368
11385
11562
11737
11831
12234
12235
12655
12655
12656
13349
13574
13612
14031
14262
14506
14624
14624
14690
15407
15596
15596
15693
15693
15745
16144
16150
16331
16331
16331
16331
16331
16331
16516
16830
16830
16952
16969
16970
17292
17507
17507
17507
17508
17508
17529
17535
17564
17564
17565
17599
17950
18267
18288
18315
18441
18800
18800
18803
18861
19044
19044
19203
19436
19447
19447
19500
19613
19613
19613
19620
19951
19951
19951
19951
19951
20594
20636
20636
20894
21385
21434
21495
21589
21591
21595
21986
22010
22410
22539
22558
22755
22780
22904
23029
23287
23664
23664
23664
23912
23974
24105
24105
24105
24105
24105
24107
24111
24396
25113
25597
25597
25675
25710
25929
26225
26293
26707
26810
26836
26836
26836
26844
26844
26849
27672
28513
29209
29210
29210
29216
29271
29520
29755
29854
29912
29965
30117
30122
30156
30341
30341
30399
30414
30414
30416
30488
30531
31251
31459
31484
31718
32074
32091
32274
32474
32474
32502
32502
32502
32502
32502
32606
32712
32794
32879
32917
32917
33150
33390
33438
34007
34048
34048
34267
34547
34547
34547
34547
34547
34752
34800
34800
34800
34884
34884
34992
34992
34992
34992
34992
34992
34992
34992
34992
34992
34992
35093
35123
35194
35213
35284
35444
35585
35616
35658
35741
35741
35839
36125
36432
36432
36662
36820
36987
36999
37127
37149
37162
37514
37541
37553
37964
38212
38468
39186
39385
39385
39392
39447
39475
39475
39932
39936
40196
40321
40389
40531
40800
40985
40985
40985
40985
41109
41136
41160
41182
41186
41186
41263
41489
41642
41642
41964
41964
42118
42322
42547
42910
43101
43101
43101
43104
43257
43299
43310
43385
43630
43630
43630
43630
43630
43630
43914
43987
43991
43991
44092
44131
44182
44182
44182
44182
44182
44182
44192
44192
44196
44211
44211
44280
44440
44443
44570
44731
45178
45178
45641
45710
45808
46732
46832
47035
47284
47522
47573
47782
47803
47809
47809
47811
47919
48094
48094
48094
48099
48099
48104
48116
48119
48644
48821
48844
48874
49225
49235
49254
49464
49553
50173
50176
50369
50415
50696
50696
51218
51218
51350
51672
51676
51676
51904
51960
52117
52257
52261
52306
52306
52306
52307
52308
52605
52875
52965
53011
53359
53431
53431
54440
54683
54796
54875
54875
54943
54944
54987
55134
55141
55141
55141
55393
55524
55580
55633
55652
55652
55686
55691
55691
55693
55693
55788
55906
56326
56326
56707
56791
56812
56903
57012
57012
57018
57018
57018
57018
57018
57031
57119
57215
57573
57636
57923
57923
58084
58084
58171
58174
58542
58581
58585
58585
58590
58694
58694
58694
58731
58997
