64
478
684
718
718
718
742
1055
1479
1761
1764
1850
2208
2554
2852
2868
3584
3587
3625
3798
3800
3803
3931
4020
4020
4182
4244
4244
4244
4245
4522
4551
4667
4669
4669
4669
4669
4672
4672
4716
4775
4844
5828
6044
6376
6782
6800
7130
7130
7130
7199
7366
7698
7770
7849
8045
8132
8158
8158
8606
8606
8606
8606
8842
8842
9007
9029
9659
9677
9687
9762
9885
9894
9894
9941
10086
10137
10164
10330
10396
10577
10710
11077
11162
11284
11802
11814
11831
12099
12128
12145
12234
13119
13268
13629
14012
14041
14089
14294
14413
14427
14624
14624
14924
15024
15485
15500
15511
15689
15996
16199
16331
16416
16545
16991
17358
17663
18178
18178
18274
18288
18288
18293
18315
18520
18546
18656
18656
18656
18656
18656
18852
19084
19114
19615
19661
19682
19737
19951
20023
20174
20666
20666
20779
21495
21495
21608
21751
21774
21776
21872
22558
22754
22754
22782
22901
23122
23210
23305
23329
23329
23330
23332
23333
23333
23411
23411
23836
24107
24107
24108
24111
24111
24111
24111
24111
24135
24227
24411
24609
25597
25597
25597
25608
26313
26423
26454
26454
27242
27714
28141
28508
29671
30289
30314
30317
30332
30387
30416
30495
30844
31028
31325
31325
31484
31949
32029
32048
32410
32474
32474
32562
32956
33240
33353
33404
33404
33421
33485
33638
33748
34423
34992
34992
34992
34992
35400
35617
35617
35626
36022
36379
36662
36710
36718
36807
36820
36972
37017
37243
37475
37537
37972
38550
38701
39288
39385
39392
39475
39475
39487
39520
39520
39520
39520
40985
40985
40985
40985
40985
41186
41473
42190
42205
42210
42610
42610
42610
42629
42694
42694
42800
42910
43004
43064
43373
43544
43567
43571
43641
43985
44013
44057
44182
44349
44527
44572
44704
44760
44827
44828
44856
44883
44973
45046
45717
45774
46104
46168
46269
46562
46637
47111
47250
47281
47388
47511
47517
47853
48018
48123
48175
48466
48466
48551
48591
49146
49293
49317
49389
49703
49707
49754
50590
50590
50590
50590
50590
50673
50703
50784
51444
51479
51479
51527
51672
51672
51672
51941
52396
52397
52408
52435
52717
52887
54042
54101
54436
54491
54571
54598
54738
54894
54894
54987
55233
55244
55244
55244
55486
55580
55581
55756
56255
56255
56326
56329
56515
56695
56695
56695
56695
56695
56791
56941
57155
57801
57962
58174
58307
58624
58788
58908
58912
58912
58962
