471
1128
1767
2930
3497
3617
4006
4340
5401
6252
6252
6701
7901
7901
7901
8104
8546
8552
8926
9062
9255
9255
9255
9255
9687
9827
10176
10384
10514
10673
11041
11474
11737
12426
12652
12720
13001
13646
14232
14489
15017
15547
16282
16474
16682
16684
17069
17529
17542
17924
18129
18129
18178
18178
18656
19500
19952
20490
20490
20685
20685
20685
21266
21495
21772
22158
22338
22539
22754
22768
23870
24111
25009
25597
25597
25606
25897
28218
28994
29183
29225
29278
29984
29984
29984
30317
30517
30517
30528
30723
31068
31121
32048
32698
32698
34048
34348
34348
34508
34794
36631
37162
37162
37162
37162
37165
37246
38122
38122
38122
38122
38531
38812
39098
39888
39951
40278
40278
40869
40913
41215
41275
41701
41701
41701
41701
42673
42673
42910
43004
43292
43573
43645
43645
43990
44211
44679
44785
44785
45573
45573
45753
47411
47411
47411
47411
47858
47858
48068
48119
48227
49137
49174
49237
49276
49288
49319
50542
51141
51801
52119
52594
52779
52967
53128
53231
54406
54996
55590
56326
56695
56695
56695
56695
56695
56695
56695
56695
57923
58174
58624
58872
58913
