680
1055
2869
3921
4180
4244
6991
7199
8072
8738
8761
8761
8881
9659
9659
9737
10020
10080
10284
10284
12655
12910
14557
14624
14862
15489
15546
15596
15690
15741
16205
16268
16290
17629
18178
18800
19014
19609
19609
19613
19613
19620
19766
19766
20023
22409
22514
22539
22541
22754
23174
23285
23285
23664
23807
24105
24249
28710
29884
30416
31837
32207
32408
32918
34267
34267
34371
34405
34992
35144
35396
35494
35616
36458
36710
36710
37055
37066
37134
37377
37475
37478
37616
37616
38469
39215
39475
40196
40463
41275
42078
42910
44092
44182
45573
45573
45808
46967
47979
48967
49018
49018
49018
49018
49290
49793
50542
50674
51356
51473
51675
51946
52190
52866
53303
53844
55486
55562
55590
55654
56209
56237
56269
56269
56695
58181
58225
58306
58745
58745
58745
58828
