1767
1850
1850
2390
3497
3497
3931
4000
4844
4844
4982
6004
7376
7695
7736
7901
7901
7901
8552
9255
9255
9481
9737
9751
9765
9791
9791
9791
9792
9792
9792
9792
10085
10365
10656
10673
10898
11041
11196
11196
11196
11249
11366
11986
12140
12264
12280
12655
12910
13059
13059
13125
13735
13802
13833
14413
14727
15239
15546
15602
15602
15602
15608
15608
15608
15608
15690
16331
16700
16705
18254
18254
18288
18921
19200
19500
19500
19776
19776
21153
21275
21495
21677
22734
23325
23534
23810
24111
24396
25597
25597
25597
25597
25689
25929
25929
26169
26836
28820
28820
28822
29067
29274
30691
31257
31257
31257
31262
31837
31837
31837
32029
32258
32296
32392
32408
33221
33221
33387
33482
34348
34348
34358
34443
34800
34800
34800
35135
35227
35227
35227
35616
35616
36355
36718
36764
37348
37348
37869
37869
37950
38469
38513
38513
38928
39385
39482
39662
40184
40277
40278
41046
41239
41512
41678
41678
41723
41723
42292
42412
42412
42910
42910
43311
43409
43536
43987
44060
44062
44063
44089
44182
44211
44246
44479
44785
44829
44829
44960
44978
44980
45350
45490
45808
46209
46340
47011
47411
47411
47411
47726
47726
47973
48644
49330
49579
49642
50546
51004
51675
51740
51741
51743
51906
51906
52103
52118
52336
52340
52395
52436
52859
53177
53208
53358
54913
55562
55606
55668
55705
55705
55705
55986
56326
56327
56329
56695
56695
56695
56727
56820
57949
58171
58174
58925
59004
59004
59235
