297
297
911
1410
1415
1415
1767
2424
2425
2425
2491
2712
2737
3639
3696
3788
3921
3926
4006
4325
4340
4522
4522
5330
5387
5863
6177
6618
6618
6795
6991
7199
7901
7901
7901
7901
7901
7901
7901
7912
7912
7912
7912
8132
8150
8425
8425
8738
8738
8738
8945
9923
10382
10584
10619
10641
10751
10913
10913
10913
11196
11196
11941
11961
11961
12263
12269
12697
12901
12901
12999
13134
13326
13629
13629
13646
13977
14003
14032
14036
14155
14395
14422
14427
14506
14624
14639
15024
15024
15235
15249
15279
15602
15602
15602
15602
15602
16145
16221
16292
16901
16967
16967
17536
17592
17599
17779
17935
18178
18289
18293
18394
18658
18658
18800
18803
18803
18861
19450
19450
20535
20731
20778
21266
21495
21519
21525
21608
21608
21608
21608
21608
21608
21608
21777
22516
22516
22548
22558
22695
22754
22754
23305
23316
23376
23376
23664
23717
23875
24064
24105
25106
25106
25120
25167
25224
25414
25487
25540
25597
25597
25597
25597
25597
25686
26078
26078
27381
27772
28805
29004
29605
29854
29854
29861
30100
30118
30386
30424
30502
30596
30907
30975
31228
31484
31618
31618
31618
31618
31618
31769
32656
32917
32917
33109
33441
33451
33643
34082
34258
34321
34321
34321
34321
34321
34321
34321
34321
34321
34321
34526
34683
34800
34931
34992
34992
34992
34992
35144
35323
35616
35617
36710
36710
36710
36794
37055
37055
37066
37153
37162
37162
37243
37417
37417
37417
37417
37475
37475
37475
37478
37478
37478
37478
37514
38613
38615
38812
38812
39175
39215
39482
39482
41040
41045
41188
41275
41639
41639
42066
42072
42073
42073
42081
42083
42162
42165
42190
42276
42761
42761
42910
42910
42910
42910
42912
42961
43101
43101
43101
43101
43101
43201
43201
43204
43291
43291
43310
43357
43360
43361
43535
44006
44182
44192
44449
44449
44455
44526
44529
44946
44982
45311
45567
45567
45717
45760
45760
45774
45808
45808
46166
46371
47255
47264
47328
47387
47411
47486
47518
47598
47917
47973
47973
48099
48368
48640
48640
49735
49815
51032
51456
51642
51643
51675
51684
51736
51741
52118
52376
52376
52488
52646
52934
53023
53023
53335
53335
53431
53597
54082
54436
54960
54960
55826
55826
56255
56305
56326
56326
56449
56449
56791
56791
56903
56992
57823
58033
58080
58080
58177
58225
58278
58278
58302
58547
58718
58745
58865
58871
