424
1448
1479
2204
2491
2697
2697
2697
3331
3955
5906
6133
6133
6133
6706
7029
7029
7029
7029
7029
7029
7039
7039
7247
7248
7737
7822
7822
7868
7868
8149
8149
8409
8500
8502
8502
8502
8502
8502
8502
8502
8502
8502
8642
8642
8642
8642
8642
8642
8642
8642
8818
8937
8938
8941
8941
9051
9527
12255
14277
15275
15287
15596
16544
16806
17016
17016
17016
17016
17016
17016
17309
17612
17895
18315
18426
18945
19356
19881
19881
19881
19881
19881
19881
19881
19881
19881
19881
19881
19881
19881
19881
19881
19881
19881
19881
19881
19881
19881
19881
19881
19881
19881
19881
19881
19881
19881
19881
19881
19881
19881
19881
19881
19881
19881
19881
19881
19881
19881
19881
19881
20974
21318
21318
21318
21527
21715
21861
21863
22409
22903
23653
23660
23664
24111
24111
24111
24184
25383
26143
26309
26428
26601
26909
26909
26909
28405
28415
30118
30118
30856
31087
31087
32220
32904
32904
32976
32976
32977
33213
33213
33524
33968
34733
35043
35153
35244
35244
36293
36380
36727
37300
38225
38468
38469
38950
39098
39098
39185
39215
39385
39475
39487
39773
39773
40243
40376
40712
40712
40712
40744
41075
41075
41538
41573
41573
41575
42610
42624
42745
42945
43004
43004
43517
43990
43991
44443
44443
44482
44487
45028
45091
45293
45293
45296
45297
46777
47034
49019
50813
50813
51304
52966
52966
53683
53683
53683
55879
56265
56469
56692
56692
56693
56903
57079
57079
57419
57774
58488
58741
58890
