684
684
684
689
689
718
742
1055
1181
1227
1410
1551
1767
1778
1814
1814
1814
2208
2392
2554
2812
2847
2873
2942
2952
3004
3213
3359
3359
3422
3772
3933
3983
3986
4036
4051
4051
4051
4072
4093
4180
4340
4340
4340
4340
4425
5387
5387
5627
5828
6618
6621
6706
6706
7111
7381
7901
7901
7901
7901
7901
8067
8068
8117
8132
8132
8308
8314
8425
8546
8581
8664
9007
9029
9460
9470
9470
9470
9659
9687
9687
9687
9767
10049
10102
10102
10175
10175
10341
10384
10384
10710
10710
11041
11173
11173
11284
11297
11902
12060
12145
12655
12655
13100
13486
13598
13612
13657
13731
14294
14332
14333
14333
14342
14387
14492
14624
14985
15279
15525
15596
15678
15741
15943
16109
16109
16109
16510
16816
16830
16938
16969
17662
17780
17780
18072
18178
18178
18178
18178
18183
18183
18183
18274
18288
18289
18289
18293
18293
18293
18351
18491
18632
18800
18800
19084
19084
19084
19114
19163
19198
19380
19380
19383
19448
19448
19666
19677
19683
19683
19683
19683
19683
19683
19683
19683
20275
20636
20963
21050
21316
21316
21316
21318
21318
21495
21495
21495
21495
21495
21650
21652
21713
21751
21762
21962
22409
22518
22539
22539
22539
22539
22539
22754
22754
22754
22754
23122
23283
23283
23725
23735
23906
24111
24111
25012
25597
25597
25682
25682
25682
25929
27071
27072
27074
28508
28633
29029
29216
30024
30158
30317
30341
30416
30499
31028
31229
31433
32249
32249
32249
32249
32249
32249
32249
32320
32320
32320
32656
32656
32869
32904
32904
32928
32956
32956
33006
33109
33253
33367
33421
33421
33421
33735
33876
33898
33898
33966
33993
34091
34176
34220
34334
34405
34405
34405
34768
34831
34909
34909
34909
34909
34913
34914
34968
35661
36097
36122
36203
36379
36631
36718
36718
36820
36820
36972
37017
37162
37478
37478
37537
37537
37968
37972
38469
38469
38613
38613
38626
38746
38812
39181
39215
39215
39480
39504
39600
39663
39843
39952
40552
40835
40969
41098
41126
41262
41280
41564
41565
41723
41921
41960
42082
42162
42203
42205
42205
42207
42292
42294
42694
42846
42910
42910
42910
42910
42910
42910
42910
42910
42910
42910
42910
43004
43372
43406
43411
43442
43549
43706
43785
43793
43985
43985
43987
44001
44006
44057
44182
44299
44349
44373
44373
44373
44417
44427
44433
44436
44436
44436
44440
44527
44529
44571
44666
44666
44666
44666
44734
44739
44748
44748
44760
44785
44785
44785
44785
44866
45296
45350
45550
45567
45567
45664
45760
45810
45831
45881
45890
45901
45968
46315
46655
46657
46694
47111
47214
47214
47281
47387
47407
47411
47411
47412
47491
48274
48304
48637
48704
48704
48833
48871
49839
50198
50639
50703
51012
51146
51307
51307
51307
51421
51675
51801
51801
51948
52031
52031
52119
52336
52422
52422
52457
52717
52858
52875
53307
53589
53589
53589
53589
54366
54436
54440
54598
54738
54738
54930
55486
55486
56255
56320
56326
56417
56417
56695
56707
56712
56852
57336
57446
57450
57514
57543
57820
58033
58080
58119
58171
58174
58174
58269
58542
58573
58573
58900
58909
59235
59384
59396
