406
2807
2953
3931
5440
6671
8851
9751
10330
10968
10982
11196
11358
11358
13926
14650
14864
16184
16188
16331
16331
17396
18803
19500
19500
19500
19951
20681
21519
21777
21777
22904
24111
25012
25485
25929
27080
28806
29572
29737
30317
30329
31382
31837
33351
34267
34629
34884
34992
35658
36380
37156
37249
38038
38487
38633
38915
38915
39098
39385
39762
41960
42081
43254
43386
43581
44182
44182
44196
44196
44972
45774
46232
48094
48644
49146
49255
52059
52059
52717
52717
53589
54943
54943
55387
55652
56992
57100
57115
57115
57304
59306
59306
