75
684
742
849
1066
1066
1448
1479
1725
1850
1986
2108
2350
2491
2491
2491
2658
3004
3374
3374
3381
3381
3921
4051
4051
4051
4171
4224
4335
4691
4715
5089
5139
5227
5272
5387
5487
6618
6989
7131
7199
7380
7513
7680
7770
7770
7770
7885
7901
8045
8067
8093
8102
8132
8493
8577
8725
8738
8818
8818
8818
8818
8818
8818
8818
8818
8818
8957
9300
9300
9453
9633
9710
9765
9782
9854
10049
10240
10307
10572
10589
10673
10680
10680
10680
10680
10681
10876
11091
11091
11196
11404
11583
11837
11971
12059
12108
12108
12164
12217
12497
12498
12502
12503
12503
12503
12503
12658
12873
13108
13134
13181
13552
13574
13926
14000
14031
14223
14224
14249
14413
14462
14863
14889
15596
15596
15596
15596
15602
15602
15603
15603
15603
15603
15603
16082
16145
16320
16396
16688
17115
17629
17837
17956
17966
18007
18178
18201
18201
18254
18274
18288
18293
18315
18397
18440
18537
18537
18537
18537
18795
18800
18800
18803
18803
18803
19044
19292
19615
19750
19900
19999
20321
20636
20636
20720
20722
20722
20754
20953
21021
21266
21316
21495
22376
22409
22446
22539
22539
22539
22740
22755
22956
23316
23664
23740
23832
23890
23925
24105
24111
24111
24111
24111
24111
24141
24184
24184
24321
24557
24869
25009
25597
25597
25710
25929
25965
25965
26400
26559
26706
26768
26768
26772
26810
26810
26839
27059
27381
27385
27453
27453
27671
28193
28312
28604
28864
29315
29356
29831
30024
30062
30266
30271
30331
30591
31030
31375
31859
32410
32839
32904
32917
32927
32988
33221
33241
33241
33241
33241
33243
33243
33286
33441
33451
33451
33451
33451
33482
33519
33748
33866
34348
34507
34654
34713
34713
34824
34846
34916
35093
35126
35162
35162
35227
35472
35534
35616
35690
35706
35839
35869
35876
35876
35876
35895
36085
36434
36434
36434
36805
36820
36903
36990
37016
37023
37023
37024
37024
37024
37066
37066
37066
37153
37162
37203
37226
37354
37857
38091
38091
38091
38668
38714
38812
38988
39181
39418
39482
39482
39585
39600
39831
40008
40515
40520
40520
40520
40520
40520
40520
40520
40520
40520
40521
40912
40985
40985
41044
41044
41044
41082
41105
41109
41383
41423
41489
41740
41798
41943
41950
42276
42412
42910
42910
42910
42912
43104
43254
43288
43409
43636
43636
43991
44118
44121
44182
44182
44182
44182
44182
44182
44182
44182
44182
44185
44192
44196
44196
44211
44349
44349
44436
44440
44484
44574
44616
44628
44628
44785
44866
45251
45281
45367
45808
45901
46023
46092
46269
46470
46591
46923
46926
47082
47518
47520
47521
47747
48552
48644
48644
48728
48833
49251
49251
49381
49563
49717
49859
49859
50407
51289
51456
51584
51736
51740
51741
51741
51748
51748
51843
51953
52117
52394
52435
52705
52705
52705
52886
53100
53216
53307
53382
53431
54302
54872
55151
55344
55344
55430
55615
55633
55633
55691
55706
55873
55873
56320
56320
56327
56411
56465
56619
56791
57254
57254
57254
57254
57400
57589
57608
57634
57685
57923
58187
58226
58247
58412
58412
58428
58428
58428
58521
58547
58564
58564
58595
58675
58688
59288
