742
1181
1850
3857
4244
5712
6376
6444
6587
6795
7190
7735
8018
8761
9541
9687
10102
10710
11869
12767
13049
13731
14409
14413
14624
14854
14864
14864
14870
15333
15602
15602
16096
16282
16510
18800
18824
18824
19356
19500
19638
19638
19638
19638
19638
20112
20636
21357
21591
22171
22409
22739
23757
24105
24105
24111
24111
25017
25597
26808
26844
27573
28313
28712
29044
29238
30537
31207
31228
31281
31795
32091
34214
34821
35072
35153
35741
35747
35747
36462
36631
37162
37162
37162
37162
37697
38582
38582
38657
38658
38669
39185
39504
39504
39884
40515
40885
41502
41547
41547
41547
41547
41547
41555
41555
41555
42473
42910
43004
43039
43039
43277
43374
43592
43705
43705
44417
44440
44567
44569
44897
45067
45165
45336
45774
45810
46554
47557
47783
47999
48100
49228
49229
51382
51672
53962
54651
55300
55495
56744
57512
57783
58111
58925
