632
651
729
1113
1448
1546
1546
1707
1707
1707
1850
2518
2844
2893
2893
3004
3338
3339
3474
3593
3595
3596
3921
4182
4182
4185
4325
4325
4325
4340
5133
5227
5249
5261
5551
5877
6220
6567
6671
6795
6795
6947
7203
7209
7513
7753
8093
8149
8158
8158
8172
8249
8391
8449
8449
8449
8457
8684
8684
8736
8833
8931
8957
8962
9097
9255
9659
9737
9869
9923
10080
10080
10330
10330
10398
10486
10621
10673
10673
10673
10673
10673
10703
10711
10891
10891
10891
10891
10891
10891
10898
10898
10899
10902
11041
11058
11058
11058
11059
11059
11288
11288
11288
11288
11288
11288
11289
11289
11289
11291
11941
12096
12099
12135
12135
12143
12144
12254
12254
12254
12686
12808
12831
12831
12831
12831
12831
12910
13058
13058
13247
13283
13443
13609
13609
13826
13888
13888
13888
14031
14198
14348
14434
14434
14434
14564
14606
14650
14737
15225
15279
15456
15456
15555
15608
15608
15608
15608
15689
15707
15808
16146
16146
16173
16205
16207
16275
16334
16364
16536
16938
16938
17135
17372
17372
17396
17396
17782
17782
17917
17917
17917
17917
18178
18178
18178
18178
18254
18315
18803
19069
19447
19498
19500
19513
19928
20501
20615
20636
21303
21495
22016
22017
22390
22456
22503
22558
23242
23309
23309
23316
23316
23316
23316
23404
23434
23674
23745
23766
23850
23906
24184
24274
24734
24735
24736
25009
25009
25012
25034
25174
25597
25597
25597
25847
25848
25898
25937
26078
26125
26428
26428
26593
27185
27196
27366
27366
27366
27714
27716
27805
27985
28900
29013
29324
29819
29821
29995
30014
30014
30029
30317
30323
30341
30424
30899
30899
31440
31513
31782
31782
31782
31782
31782
31823
31837
31837
31845
31996
32219
32296
32367
32400
32400
32400
32468
32892
33063
33097
33435
33451
33451
33451
33634
33638
33638
33638
34030
34104
34220
34223
34223
34348
34348
34348
34348
34348
34377
34547
34547
34547
34768
35869
36107
36202
36222
36432
36432
36432
36432
36577
36628
36635
36903
36903
37055
37055
37321
37321
37321
37321
37321
37321
37321
37324
37324
37324
37324
37430
37631
38065
38469
38519
38812
38988
38988
39288
39288
39288
39504
39504
39504
39598
39662
39683
39743
39843
39843
39843
40140
40303
40303
40348
40645
40853
40853
41098
41180
41186
41943
42021
42078
42078
42190
42276
42401
42412
42412
42499
42896
42914
43070
43437
43584
43605
43634
43646
43751
43751
43805
43812
43985
43985
44055
44293
44324
44331
44338
44345
44352
44480
44568
44711
44725
44785
44785
45311
45311
45573
45760
45774
45808
46083
46090
46237
46269
46582
46741
47022
47022
47022
47149
47150
47150
47250
47250
47481
47481
47573
47934
47934
47966
48127
48132
48339
48644
48660
48821
48821
48843
49020
49026
49077
49111
49413
50156
50543
50860
51382
51382
51394
51394
51672
51672
51672
51743
51890
52017
52059
52115
52342
52717
52717
52718
52886
52886
52886
52887
52887
52887
52887
52965
52991
53002
53100
53100
53260
53375
53589
53698
53962
54406
54440
55503
55532
55532
55570
56028
56331
56331
56903
57630
57634
58130
58195
58503
58529
58731
59362
59446
