220
1297
4006
4153
5387
6618
6719
6991
7199
7849
7901
7901
8761
8884
9659
9737
10327
11066
11736
11861
11902
12255
12767
12903
13121
13678
13731
14624
14786
15052
15378
15546
15602
15602
15689
16476
17340
17396
17529
17669
17852
17924
18315
18800
18803
18803
18803
20156
21266
22171
22431
22558
22754
22754
22773
22773
23332
24055
24815
24815
24869
24869
25009
25027
26078
26078
28219
28220
29238
29907
31170
31170
31221
31257
32410
32778
33063
33097
33514
33866
34157
34288
34348
34348
34348
34547
34552
34740
35509
35757
36130
36130
36254
36256
36256
36291
36292
36710
36718
36764
37095
37162
37162
37468
39304
39480
39482
39504
39600
39843
41041
41046
41162
41198
41678
41746
42007
42082
42625
42910
42910
42910
43101
43357
43645
43789
44139
44433
44512
44785
44971
44972
45490
45490
45535
45720
45760
45760
45881
45881
46005
47455
47521
47521
47636
48472
50164
50407
50813
50813
50813
50813
50813
51480
51672
51861
52034
52623
53173
54341
54436
54436
55633
55705
55705
55705
55705
56270
57186
58731
58828
58830
59259
59259
59419
59422
59424
59424
