549
1842
4208
4775
6355
7676
7901
7912
7912
7912
7914
8485
9659
9687
9687
9687
10085
10210
11831
11857
12636
12655
13120
13397
14882
15191
15689
16145
16270
16784
16938
17005
17899
18315
18800
19203
19203
19357
20194
20636
20636
21246
21246
21246
21256
22536
22539
22539
23010
23901
23901
24111
24111
24111
24406
24458
24678
25057
25682
25757
26114
28971
30020
30101
30255
30499
30522
30946
32368
33328
34152
34405
34561
34992
36462
36651
36987
37255
37475
37537
37925
37925
38746
38971
39118
39285
40530
41442
41489
41489
41489
41717
42176
42205
42209
42910
43101
43104
44503
44565
44933
45297
45810
46104
46104
46694
47035
47448
48591
48871
49776
49858
53220
53431
53580
53608
54738
54960
56028
56207
56327
56804
57167
57169
58278
58613
