444
466
466
1516
2423
2424
2491
2670
2670
3004
3317
4051
4340
7770
7770
7770
7770
7813
7825
7825
7825
7909
7966
8150
8150
9576
9659
9782
9810
11694
11694
11846
13468
13873
14035
14315
15024
15555
15689
15725
15725
15986
16054
16146
16334
16510
16961
16983
16985
17003
17533
17533
18274
18665
19370
19448
19658
19951
20290
20322
20322
20670
20901
20901
21736
21778
21799
22158
22539
22615
22615
22776
22944
22946
22965
23436
24111
24764
25635
28594
29569
30414
30416
30416
30488
31167
31485
32606
32691
32988
33019
33166
33240
33451
34521
34521
34523
34992
34992
35093
35677
36025
36434
37246
37521
37720
37724
37724
37724
38485
38485
38485
38662
38812
39215
39580
40787
40787
40787
40787
40787
40787
40787
40787
40789
40789
40923
40985
40985
41234
41263
42314
42610
42610
42910
43341
44139
44178
44182
44596
44827
45281
45843
46269
47328
47334
48000
48000
48501
48501
48572
48637
48644
48644
48914
49187
49246
49293
49958
50113
50113
50113
50567
50567
51218
51672
52268
52481
52481
52481
52481
52481
52481
52481
52722
52722
52839
53706
55419
55419
55486
56732
57332
57865
57865
57865
57865
57865
57865
57865
57865
57865
57867
58174
58278
58278
