409
684
1181
1479
2240
2351
2724
4051
5387
6795
6991
7901
7972
8150
9255
9255
9276
9276
9400
12497
13137
15024
15079
15603
15741
16146
16396
18803
19500
20477
20636
21456
21683
22251
22558
22784
22791
24111
26624
27971
28219
28512
28512
28512
28610
29072
29309
31252
31653
31837
31837
31960
32249
34547
34547
34694
34694
34809
34831
34875
34992
35088
35616
35644
36121
37683
37918
38469
38469
39600
39600
39602
40324
40505
41046
41046
41075
41136
41136
41166
41920
44118
44182
44192
44725
45774
48644
51289
51456
51584
51808
52435
52886
52967
55302
55606
55757
56036
56320
