216
216
407
493
493
720
772
1202
1719
1879
1931
2256
2256
2256
2256
2256
2256
2805
4214
4214
6520
7012
7012
7012
7012
7012
7500
7500
10423
11292
12100
13459
13459
13468
13468
13673
18315
18554
18554
18556
18556
18556
18556
18556
18556
18556
18556
18556
18556
18556
18556
20545
22133
22411
22411
22411
22411
22411
22411
22411
23226
23230
23230
23797
23797
23866
23866
24382
24382
26570
27967
28508
28508
28508
28508
28508
28508
28508
28508
28508
28508
28508
29782
30756
32178
32967
35013
36125
36260
37335
37781
39392
39408
40059
40231
40443
40443
42322
44069
44069
44458
44458
45558
46199
46199
46545
46708
48009
48662
48662
48662
48662
48662
48662
48662
48662
49432
49432
49594
49594
51481
51481
51617
51617
51618
51755
52112
52130
52282
52314
53687
54318
55069
55142
55142
55142
55142
55142
55142
55142
55740
55740
55740
55740
55740
55740
55740
55740
55740
55740
55740
55740
55740
55740
55740
55740
56157
56157
56157
56157
56159
57456
57456
58272
58319
58319
58976
58976
58976
59011
59049
59071
59077
59117
59117
59309
59309
59309
59309
59309
59309
59309
59309
59309
59316
59316
59316
59316
59316
59316
59316
59316
59316
59316
59316
59316
59316
59316
59316
59316
59316
59325
59325
