99
275
559
963
1181
1405
1546
1565
1861
1861
1907
2012
2491
2822
2822
3131
3533
3533
3647
3800
3919
3919
3930
4006
4051
4691
4816
4816
4857
4857
5180
5227
5261
5261
5615
5768
5828
5828
5916
5972
6004
6004
6004
6060
6467
6526
6567
6944
7236
7635
8359
8614
8812
9035
9300
9387
9418
9466
9919
10673
11196
11273
11327
11541
11741
11750
11909
12302
12628
13029
13070
13612
13612
14144
15486
15486
15588
15602
15602
15602
15602
15602
15602
15602
15602
15602
15602
15602
15602
15602
15602
15602
15602
15602
15602
15602
15602
15602
15602
15602
15602
15602
15602
15602
15602
15602
15602
15602
15602
15602
15602
15602
15603
15603
15603
15603
15603
15603
15603
15603
15603
15603
15603
15603
15603
15603
15603
15603
15603
15603
15603
15603
15603
15603
15603
15603
15603
15603
16331
16331
16396
16399
16416
16852
17027
17276
17875
18178
18394
18394
18394
18485
18485
18485
18737
18926
19448
19638
19638
20044
20221
20321
20321
20384
20636
20636
21016
21016
21159
21199
21215
21260
21311
21595
21754
22375
22409
22471
22507
22568
22791
23057
23362
23563
23564
23684
23780
23870
23912
24105
24111
24186
24274
24592
24760
24806
24992
25017
25017
25022
25125
25145
25338
25338
25338
25553
25597
25597
25811
25965
25965
26078
26120
26444
26453
26453
26453
26457
26457
26457
26653
26658
26658
27032
27372
27588
28269
28543
28543
28822
29831
29831
29907
29995
30003
30003
30016
30016
30034
30061
30122
30192
30192
30424
30532
30705
30846
30854
30899
30927
30931
30961
31241
31243
31253
31333
31676
31700
31702
31716
31841
31956
31996
32558
32558
32596
32631
32885
32885
32917
32917
32981
33225
33225
33320
34077
34080
34080
34348
34350
34367
34367
34368
34368
34371
34371
34579
34584
34884
35128
35128
35128
35389
35590
35658
35676
35932
36009
36052
36061
36061
36072
36073
36487
36496
36806
36820
36842
36903
36905
36980
37066
37246
37348
37362
37362
37362
37362
37364
37373
37377
37453
37475
37475
37564
37641
37765
37765
37765
37786
37826
37848
37848
37848
37964
37964
37964
38047
38281
38281
38460
38460
38469
38624
38624
38985
38988
39008
39181
39186
39215
39304
39304
39304
39304
39385
40008
40073
40383
40383
40641
40743
41098
41239
41383
41419
41423
41489
41489
41631
42026
42072
42094
42169
42190
42205
42276
42276
42371
42560
42610
42610
42610
42694
42694
42910
42910
43069
43197
43312
43504
43744
44487
45293
45472
45634
45641
45890
45891
46157
46269
47248
47557
48473
48812
49063
49063
49146
49183
49532
49532
49532
49532
49681
50018
50029
50029
50113
50215
50256
50523
50764
50764
50813
50824
50895
50915
50940
51019
51036
51140
51394
51394
51509
51741
51741
51741
51741
51741
51748
51818
52394
52717
53105
53205
53962
53962
53962
53962
55134
55437
55631
55631
55633
55633
55897
55918
56320
56320
56320
56340
56425
56640
56695
56820
56820
57570
57608
57612
57612
57628
57628
57700
57733
57753
57789
57789
57886
57886
57886
57886
57886
57886
57886
57886
57886
58059
58278
58328
58337
58428
58743
58908
58929
58991
58994
59246
59259
59331
59446
