351
766
919
2361
2491
2491
3004
4207
4244
6177
6177
7116
7264
7810
8326
8849
8849
9207
9571
9571
9571
9659
10164
10384
10982
11066
11086
11086
11196
13826
15044
15596
16354
16486
16487
17007
18094
18665
18800
18803
18876
19044
19424
19615
19881
20385
20636
20666
20666
21371
21589
21589
22360
22409
22539
22558
22559
23235
23239
23283
23659
23664
23664
24111
24111
25076
25125
25929
27072
28324
28662
29168
29514
30386
30473
30517
30899
32170
33441
34348
34348
34348
34423
35407
36490
36503
36637
37246
37271
37478
37537
37545
37545
37545
38051
38056
38487
39175
39480
39681
39888
40078
40097
41044
41044
41046
41126
41249
41489
42524
42607
42657
42657
42725
42725
42788
42788
43101
43572
43757
43987
44305
44417
44437
45781
46186
46186
46309
48130
48772
48871
49256
49268
49673
49888
50745
51584
52886
52886
52887
53028
53047
53074
53556
53613
53613
54920
56320
56695
56904
56992
57304
57365
58243
58247
58330
58330
58330
58717
58722
58770
