142
279
279
358
440
463
510
510
510
526
526
1280
1340
1725
1726
1729
1729
2075
2241
2243
3444
4481
5277
5295
5665
5665
5799
5816
5816
5844
6054
6054
6082
6082
6082
6082
6106
6107
6107
6107
6107
6107
6107
6107
6107
6107
6470
6476
6717
6777
6843
6884
6898
7722
7810
7926
8231
8279
8279
8293
8807
8895
8895
8895
8901
9227
9227
9335
9349
9372
9372
9372
9827
10458
10458
10479
10497
10555
10666
10678
10747
10829
10922
10922
10924
10924
10969
11030
11030
11381
11808
11808
11808
11811
11811
11811
11811
11811
11811
11811
11811
11811
11811
11811
11811
11811
11811
11811
11811
11811
11811
11816
12181
12279
12287
12394
12679
13060
13060
13107
13301
13484
13484
13484
13486
13486
13486
13488
13488
13488
13677
13779
13800
13944
13968
14021
14063
14063
14063
14215
14221
14221
14221
14221
14222
14640
14717
14941
15057
15083
15209
15211
15256
15268
15894
15913
15913
15922
15927
16004
16004
16062
16619
16965
16993
17077
17077
17098
17098
17098
17098
17098
17098
17098
17098
17114
17167
17750
17750
18061
18061
18061
18061
18061
18061
18061
18061
18061
18061
18214
18234
18234
18460
18559
18778
19432
19453
19453
19453
19791
20246
20295
21039
21040
21146
21147
21216
21241
21744
21978
21978
21978
22394
23329
23329
23568
23705
23705
23705
23881
24381
24436
24489
24489
24553
24559
24559
24797
24875
24875
24975
24993
24993
25036
25036
25048
25468
25697
25820
25967
26122
26384
26678
27080
27080
27080
27080
27084
27528
27528
27528
27528
27533
27533
27597
27597
27597
27807
27807
27807
28060
28060
28060
28380
28387
28613
28693
28693
29698
29698
29698
29698
29698
29698
29698
29933
29997
30166
30793
30976
30976
30976
30976
30976
30976
30980
31003
31011
31031
31031
31031
31031
31031
31031
31228
31242
31436
31461
31461
31461
31461
31461
31461
31461
31468
31480
31533
31606
32059
32350
32373
32373
32373
32373
32373
32373
32386
32495
32580
33117
33153
33158
33158
33380
33496
33641
33749
33749
33749
33749
34086
34961
34962
35117
35274
35274
35677
35677
35678
35915
35915
35915
35946
35947
35967
36068
36138
36490
36575
36914
36914
37107
37107
37107
37107
37107
37107
37531
37822
37940
38165
38267
38305
38305
38407
38407
38663
38859
38938
38944
38944
39135
39153
39484
39484
39639
39724
39724
40116
40154
40429
40429
40441
40441
40523
41036
41227
41320
41525
41525
41525
41525
41525
41985
42004
42235
43117
43224
43255
43562
44337
44572
44573
45141
45141
45231
45231
45232
45275
45275
45883
45883
45947
45962
46152
46202
46330
46333
46480
46480
46565
46673
46884
46884
46884
46884
46884
46884
47028
47053
47055
47055
47055
47118
47118
47118
47183
47186
47186
47191
47204
47543
47543
