390
1346
2321
2321
2321
2321
3066
3101
3101
3597
3694
4310
4310
4857
5307
6158
6779
6781
6781
6898
6898
8092
8092
8092
8179
9976
10504
11651
11651
12097
12737
13107
13598
13838
13839
14359
14647
14917
15178
15350
15603
16004
16004
16402
17097
17945
18535
18944
19152
19647
19836
19836
20074
20105
20105
20106
20109
20656
21253
21725
22570
22838
22838
22839
23024
23024
23568
24283
24614
25044
25046
25108
25927
26075
26869
27770
27963
28043
28613
29705
30876
31003
31003
31076
31461
31461
31461
33626
33626
33836
34039
34104
34585
35387
35387
37107
37107
37107
37107
37945
38165
38978
38978
38979
39077
39693
39695
39695
39876
40462
40855
43174
43798
43800
43800
43975
43975
44092
45173
46269
46374
46480
46480
46884
46884
46884
47123
47185
47255
47543
