374
440
634
844
1346
1724
1725
1726
2928
2957
2985
3473
3696
3792
4049
4651
5763
5984
5989
6082
6082
6082
6762
6898
6959
6960
6960
6984
6984
6984
6984
6984
6984
6988
7877
8042
8146
8224
8226
8279
8351
8807
8807
8985
9187
9630
9811
9815
10077
10504
10858
10954
10962
11049
11136
11136
11464
11468
11468
11468
11663
12369
12467
12670
13121
13301
13301
13301
13598
13961
14021
14063
14063
14099
14244
14738
14911
14949
14992
14997
15177
15257
15257
15314
15636
15809
16004
16578
16675
16675
16675
16679
17167
17170
17208
17496
17496
17611
17611
17945
17985
18206
18460
18460
18466
18662
18662
18662
18662
18946
19286
19286
19286
19286
19286
19286
19286
19286
19286
19286
19286
19286
19286
19286
19286
19286
19286
19286
19453
19662
19662
20204
20764
20991
20992
21039
21040
21041
21143
21241
21480
21480
21768
21768
21768
22478
22783
23991
24096
24100
24101
24103
25044
25048
25609
25622
25622
26384
26461
26462
26576
26576
26576
26576
26576
26576
26576
26576
26576
26576
26576
26576
26576
26576
26576
26576
26576
26991
27022
27034
27034
27034
27034
27080
27080
27080
27441
27836
28060
28266
28424
28424
28613
28613
28613
28613
28613
28613
29245
29387
29417
29417
29691
29698
29747
29751
30053
30093
30093
30166
30280
30315
30349
30352
30517
30608
30678
30941
30941
31003
31026
31045
31045
31046
31046
31048
31559
31559
31606
31606
32091
32136
32173
32495
32580
33040
33051
33199
33199
33199
33199
33256
33380
33380
33387
33454
33648
34510
34769
34770
34773
34773
34785
35166
35265
35738
35738
35739
35740
36192
36192
36320
36400
36575
36676
37107
37107
37198
37198
37198
37198
37554
37570
37883
37920
37920
38290
38322
38476
38476
38944
39639
39727
39991
40351
40351
40351
40437
40437
40912
40978
41066
41066
41066
41066
41066
41066
41066
41066
41066
41066
41066
41066
41066
41066
41067
41067
41067
41067
41067
41067
41067
41067
41067
41067
41067
41067
41067
41067
41067
41339
41391
41525
41525
41525
41525
41525
41525
41525
41525
41527
41530
41530
41558
41615
42048
42213
43082
43100
43180
43186
43451
43505
43523
43523
43523
43527
43880
43880
44282
44573
44604
44812
44852
44852
44852
44852
44852
44852
44852
44852
44852
44852
44852
44852
44852
44853
44853
44853
44853
44853
44853
44853
44853
44864
45174
45174
45174
45174
45700
46152
46471
46479
46484
46484
46576
46668
46673
46804
46884
46884
46884
46884
46884
46884
46884
46884
46884
46884
46884
46884
46884
46884
46884
46884
46884
47053
47053
47186
47186
47204
47204
47531
