133
142
321
323
396
440
467
473
635
778
1280
1323
1324
1340
1340
1340
1346
1346
1417
1460
1460
1513
1563
1763
1772
2215
2241
2332
2346
2356
2720
2851
2871
2884
2884
2885
2914
2993
3077
3161
3318
3318
3473
3487
3555
3694
3762
3792
3827
4013
4084
4154
4154
4156
4408
4623
4651
4744
5089
5186
5295
5763
5948
5950
6082
6082
6082
6251
6363
6416
6727
6731
6738
6755
6947
7160
7177
7239
7430
7439
7439
7439
7461
7579
8031
8162
8221
8279
8313
8386
8395
8400
8416
8509
8558
8672
8777
8850
8985
8988
9048
9372
9411
9411
9411
9411
9411
9411
9411
9416
9420
9420
9420
9420
9465
9470
9470
9483
9896
9973
9976
10144
10201
10201
10206
10628
10655
10666
10684
10765
10776
10776
10854
10971
10996
11020
11020
11136
11152
11301
11499
11505
11505
11507
11663
11776
12240
12240
12241
12304
12698
12963
13028
13103
13216
13301
13301
13340
13344
13346
13346
13484
13484
13852
13907
13915
13961
13968
14178
14215
14258
14395
14396
14396
14594
14606
14620
14620
14640
14649
14661
14718
14896
14951
15182
15182
15188
15198
15212
15221
15256
15465
15491
15764
15841
15913
15913
15922
16474
16480
16484
16830
17091
17108
17108
17114
17295
17555
17753
17753
17945
17976
17976
17976
18039
18061
18061
18061
18061
18206
18238
18279
18279
18526
18526
18526
18695
18870
18878
18898
18898
19071
19286
19432
19453
19647
19647
19700
19950
20028
20105
20656
20771
20910
21000
21039
21153
21166
21193
21240
21241
21566
21583
21738
21753
21764
22116
22370
22397
22420
22784
22903
23024
23187
23568
23705
23944
24098
24100
24169
24169
24203
24209
24358
24358
24372
24399
24614
24614
24685
24692
24793
24816
24816
24875
24875
24875
24875
24893
24975
25002
25143
25414
25609
25715
25906
26179
26199
26370
26545
26662
26678
26728
26845
26886
26886
26886
27106
27356
27365
27472
27580
27602
27697
27989
28387
28424
28434
28604
28613
28613
28623
28625
28642
28657
28657
28693
28693
28719
29161
29164
29190
29306
29359
29712
29751
29789
29878
29878
30095
30096
30163
30168
30178
30249
30806
30933
31026
31048
31061
31084
31228
31228
31448
31461
31461
31461
31461
31461
31461
31526
31827
32055
32076
32091
32136
32253
32301
32344
32352
32373
32378
32378
32386
32596
32732
33258
33496
33650
33749
33797
34057
34150
34150
34329
34338
34417
34532
34532
34557
34665
34665
34721
34756
34759
34773
34951
34984
35136
35162
35162
35407
35424
35435
35649
35652
36575
36841
37400
37532
37587
37643
37980
38043
38172
38184
38284
38290
38290
38290
38305
38476
38894
39026
39049
39080
39295
39621
39621
39726
39747
39747
39751
39919
40531
40723
40959
40959
40962
41097
41525
41525
41628
41628
41895
41895
41979
42167
42386
42388
42411
42444
42565
42685
42766
42790
42792
42794
42960
42960
42960
43117
43186
43217
43255
43334
43334
43591
43634
43639
43820
44282
44570
44590
45143
45234
45275
46330
46419
46433
46480
46480
46480
46596
46663
46712
46720
46721
46884
46884
47053
47099
47186
47186
47186
47237
47531
47531
47543
47543
