142
279
279
279
305
317
379
487
510
510
671
671
708
714
778
888
903
903
967
1271
1271
1271
1273
1274
1275
1277
1315
1340
1346
1346
1355
1460
1563
1620
1725
2243
2319
2342
2343
2567
2990
3077
3077
3077
3473
3694
3831
3999
4154
4154
4154
4156
4156
4641
5186
5186
5186
5186
5186
5307
5307
6060
6082
6082
6082
6082
6082
6223
6416
6496
6496
6496
6866
6898
6898
6898
6898
6905
6907
7154
7154
7272
7561
7579
7579
7649
7649
7649
7649
7708
7774
7817
7880
8031
8218
8227
8230
8279
8279
8396
8517
8773
8985
8985
8985
9017
9021
9043
9043
9043
9468
9468
9508
9539
9801
9801
9811
9815
10143
10144
10192
10382
10504
10666
10703
10855
10874
10896
11000
11020
11651
11663
11665
11816
11846
11954
12456
12612
12765
12817
13088
13212
13219
13486
13486
13486
13852
14147
14148
14148
14215
14531
14531
14606
14606
14640
14809
14809
14869
14869
14869
14960
14977
15177
15177
15177
15212
15387
15420
15611
15619
15619
16028
16028
16028
16028
16031
16031
16031
16033
16034
16035
16038
16038
16038
16038
16038
16038
16038
16038
16062
16187
16402
16424
16517
16657
16673
17167
17167
17167
17437
17499
17750
17750
17750
17838
18054
18079
18079
18079
18089
18322
18451
18466
18526
18526
18707
19453
19453
19459
19566
19631
19662
19718
20236
20251
20295
20295
20438
20676
20909
20910
21193
21339
21339
21672
21744
21839
21944
21944
22178
22394
22394
22394
22394
22903
22943
23026
23187
23187
23287
23287
23287
23973
24096
24100
24176
24236
24358
24654
24676
24782
24782
24793
25191
25191
25425
25425
25468
25602
25606
25609
25609
25616
25616
26179
26363
26363
26711
26777
27084
27084
27084
27836
27836
27836
28060
28266
28387
28387
28613
28613
28613
29300
29306
29698
29878
29878
29878
29878
29878
30052
30052
30052
30166
30481
30481
30481
30625
30634
30717
30717
30859
30859
30859
30859
30859
30859
30948
30948
30948
31040
31053
31197
31228
31533
31533
31633
31716
31894
32053
32136
32147
32373
32386
32589
32596
32732
32988
33051
33058
33158
33175
33308
33523
33598
33749
33771
33919
34016
34057
34112
34114
34114
34114
34114
34150
34173
34260
34338
34532
34532
34575
34585
34823
35037
35136
35591
35593
35865
35881
35888
35912
35912
35915
36159
36332
36332
36332
36575
36581
36896
36978
37043
37045
37081
37107
37107
37107
37420
37767
37767
37866
37920
37940
37945
38184
38221
38316
38316
38476
38478
38798
38798
38944
39055
39339
39422
39422
39424
39424
39621
39692
39751
39989
39989
40394
40523
40531
40531
40710
40766
40779
40779
41049
41227
41276
41424
41525
41525
41548
41660
41979
41979
41992
41996
42016
42559
42710
42794
43117
43282
43300
43398
43523
43856
43879
44094
44094
44282
44282
44282
44282
44282
44384
44874
45657
45657
45657
45657
45657
45657
45657
46001
46079
46152
46159
46294
46294
46294
46330
46333
46614
46663
46668
46712
46712
46712
46712
46712
46712
46712
46712
46884
46884
46884
46884
46884
46884
46884
46884
46884
47027
47043
47183
47237
47249
47543
47543
47543
