526
1340
2923
3694
4198
5307
5575
5575
5575
7481
7579
7774
8824
9008
9470
11344
12780
13414
13600
15211
15230
15230
15392
15608
16062
16185
16512
16939
16939
16940
16940
16940
16940
16940
17060
17484
17484
17945
18061
18061
18061
21240
21839
21944
23024
23944
25468
28451
28613
28613
28613
28613
29306
29306
29630
29878
30139
30139
33448
33449
33887
33887
35037
36432
36775
37654
38305
38622
38632
38632
38635
38955
39584
39692
40489
42002
42389
42665
42794
42794
43224
43224
43255
43880
44145
44145
44527
46226
47543
