142
143
282
282
282
283
321
440
497
888
975
975
975
975
986
1002
1002
1002
1002
1002
1002
1004
1004
1004
1004
1004
1009
1009
1010
1010
1010
1010
1143
1143
1284
1340
1346
1370
1674
1726
1763
2332
2357
2359
2359
2886
2890
2949
2949
2957
2989
3444
3591
3597
3683
3696
3696
3754
4049
4186
4186
4186
4186
4186
4186
4186
4186
4623
4627
4781
4781
4988
5277
5367
5763
5869
5869
5869
5869
5880
5880
5989
5989
6035
6057
6082
6082
6082
6214
6859
6898
7048
7048
7416
7540
7714
8025
8238
8342
8342
8720
8800
8819
8821
9296
9349
9349
9349
9538
9542
10063
10103
10331
10332
10332
10504
10504
10996
11008
11304
11311
11324
11691
11807
11807
11807
11807
11807
11808
11808
11808
11808
11811
11811
11811
11811
11811
11811
11811
11811
11811
11811
11811
11811
11811
11946
12006
12374
12467
12553
12741
12754
12781
13060
13100
13775
13791
13852
13852
13852
14242
14380
14406
14640
14640
14717
14741
14911
14948
15083
15163
15273
15350
15874
15922
16004
16004
16214
16214
16214
16214
16215
16334
16340
16340
16340
16636
16648
16736
16784
16786
16839
16898
16934
16961
17060
17167
17315
17365
17611
17611
17619
17620
17620
17753
17757
17838
17985
17985
18061
18079
18300
19303
19304
19343
19413
19433
19433
19453
19547
19631
19933
19940
19940
19940
19961
20246
20250
20295
20364
20838
20991
21039
21041
21042
21042
21042
21112
21146
21177
21339
21339
21480
21582
21738
21738
21854
22253
22689
22790
22790
22825
22908
22908
22908
22910
23024
23024
23024
23119
23568
23568
23736
23750
23944
23944
23949
23954
23963
24169
24169
24236
24279
24372
24372
24388
24614
24614
24614
24616
24975
25002
25044
25048
25048
25096
25100
25101
25347
25468
25468
25609
25609
25609
25609
25609
25609
25609
25609
25609
25622
25705
25723
25820
25820
25820
25878
26179
26179
26179
26363
26461
26463
26909
26991
27232
27815
28060
28180
28182
28182
28387
28434
28604
28808
29196
29878
29878
29878
30052
30139
30140
30140
30683
30707
30963
30963
31003
31072
31077
31078
31078
31078
31078
31078
31228
31228
31461
31461
31461
31461
31461
31461
31606
31606
31606
31606
31606
32055
32077
32077
32077
32079
32495
32596
32734
32734
32835
32988
33029
33183
33256
33515
33653
33771
33892
33919
34057
34418
34528
34730
34769
34770
35044
35065
35201
35645
35655
35737
35739
35740
35917
35922
36575
36745
37080
37308
37524
37643
37816
37816
37837
37903
37927
37940
38165
38447
38476
38706
39050
39055
39148
39157
39912
39959
40090
40351
40351
40351
40351
40644
40667
40667
40837
40842
40907
40918
41355
41373
41391
41525
41558
41558
41580
41895
41985
41992
42281
42429
42562
42767
42898
42960
42960
42960
42978
42978
43105
43107
43117
43117
43117
43444
43444
43592
43592
43592
43592
43592
43597
43755
43755
44046
44383
44638
44754
45005
45230
45272
45280
45498
46052
46052
46275
46330
46433
46480
46480
46576
46636
46648
46648
46648
46648
46648
46649
46649
46884
46884
46884
46884
46884
47055
47105
47113
47183
47204
47531
47531
47609
