69
153
154
225
323
373
440
597
709
778
842
842
842
842
842
899
944
944
944
967
1280
1324
1340
1346
1346
1420
1460
1460
1563
1645
1725
1737
1828
2132
2169
2266
2332
2537
2537
2547
2721
2885
3010
3077
3077
3102
3308
3308
3473
3555
3831
3937
4157
4372
4857
5539
5763
5948
5984
6053
6073
6073
6073
6082
6082
6082
6082
6170
6170
6363
6492
6755
7154
7239
7303
7461
7476
7675
7722
8146
8162
8162
8197
8508
8547
8591
8708
8807
8807
8985
9022
9228
9468
9468
9468
9470
9823
9896
10206
10348
10479
10504
10578
10652
10666
10678
10678
10678
10678
10838
10996
11000
11020
11136
11272
11272
11272
11278
11278
11278
11319
11355
11367
11370
11418
12304
12456
12483
12754
13107
13114
13297
13523
13653
13696
13881
13897
14021
14021
14178
14215
14396
14396
14531
14606
14606
14620
14886
14986
15063
15118
15182
15198
15212
15301
15350
15392
15626
15816
15841
15913
15913
16108
16108
16174
16177
16177
16480
16594
16830
16920
16927
17098
17108
17108
17108
17113
17114
17410
17410
17410
17410
17410
17484
17496
17594
17611
17611
18279
18279
18526
18526
18526
18526
18810
18944
19286
19453
19459
19459
19465
19825
19950
19950
20023
20023
20251
20295
20802
20868
20909
20910
21193
21193
21193
21583
21753
22287
22342
22382
22382
22382
22382
22382
22383
22388
22395
22727
22877
22877
22903
23024
23187
23568
23944
23944
23960
24041
24181
24614
24614
24614
24614
24614
24685
24782
24793
24809
24816
24993
25468
25609
25820
25820
26356
26363
26363
26845
26845
26909
26991
26996
27080
27106
27349
27528
27528
27533
27580
27768
27768
27768
27768
27768
27770
27836
28387
28425
28434
28467
28468
28553
28604
28613
28657
28657
28657
29306
29306
29387
29878
29878
29878
30014
30096
30139
30163
30163
30163
30166
30178
30770
30770
30770
30770
30770
30771
30771
30771
30771
30771
30806
30806
31003
31003
31026
31228
31287
31287
31287
31461
31461
31461
31526
31550
32076
32091
32181
32303
32352
32373
32596
32692
32777
32798
33051
33158
33449
33591
33641
34150
34150
34370
34418
34532
34532
34532
34713
34719
34721
34759
34770
34855
35082
35103
35103
35104
35104
35104
35104
35104
35136
35158
35307
35380
35407
35407
35525
35652
35827
35864
35914
35971
36068
36068
36068
36320
36332
36914
37107
37107
37107
37107
37107
37107
37107
37107
37107
37107
37107
37107
37364
37416
37416
37570
37570
37570
37570
37837
37920
38267
38279
38279
38290
38345
38345
38723
38905
38961
39616
39724
39839
39933
39999
40048
40051
40151
40507
40507
40507
40531
40574
40822
40822
40822
40953
40962
40966
41067
41067
41314
41525
41525
41525
41527
41527
41527
41529
41886
41886
41886
41992
42016
42469
42475
42477
42559
42565
42699
42766
42790
42794
42847
42960
42960
42960
42960
42978
43856
43856
43888
43888
44092
44094
44536
44997
45002
45002
45002
45002
45002
45002
45002
45002
45002
45275
45380
46152
46246
46419
46480
46576
46614
46712
46799
46884
46884
46884
46884
46884
47186
47186
47186
47224
47237
47366
47543
47543
47543
47594
