279
279
279
280
284
378
440
440
1067
1346
1346
1364
1364
1502
1510
2689
2689
2689
2689
2689
2693
2693
2693
2693
2693
2693
2693
3092
3323
3323
3323
5332
5590
5763
5989
6035
6057
6082
6236
6422
6422
6422
6422
6422
6422
6422
6422
6422
6745
6851
6866
6905
6947
7154
7439
7579
7710
7724
7724
7724
7724
8226
8226
8226
8227
8231
8231
8439
8509
8908
8908
8917
8985
8985
8986
8988
9811
9815
9822
10192
10504
10702
10996
10996
11278
11790
12487
12871
12977
13340
13852
14063
14063
14063
14063
14606
14640
14809
14969
15207
15319
15319
15327
15532
15579
15593
15624
15624
15850
15850
16004
16004
16062
16480
16830
16877
16877
16877
16877
16877
17108
17552
17552
17753
18449
18929
19432
19453
19459
19700
20293
20295
21107
21839
21877
21877
22012
22017
22138
22570
22825
22979
22979
23386
23921
23954
24179
24702
24702
24702
24702
24702
24702
24702
24702
24702
24710
24782
25096
25413
25415
25468
25580
25580
25580
25582
25602
25710
25820
26179
26363
26461
26719
27324
27472
27472
27489
27528
27533
27606
27606
27807
27815
28060
28567
28567
28567
28613
28766
28872
29878
29878
30023
31003
31247
31247
31249
31461
31461
31461
31480
32055
32055
32136
33591
33592
33592
33592
33592
33593
33714
33714
34413
34413
34718
34823
34965
35202
35202
35203
35204
35343
35360
35407
35531
35645
35670
35677
35740
35905
36103
36320
36329
36575
36754
37107
37107
37107
37107
37107
37420
37837
37931
38290
38706
38778
38786
38786
38850
39153
39616
40209
40209
40209
40556
40556
41662
41800
41901
41992
42429
42493
42580
43082
43083
43174
43334
43632
43669
45456
45883
45941
46064
46152
46204
46359
46637
46884
46884
47040
47042
47055
47263
47541
47543
