305
373
440
440
447
700
700
801
962
1346
1431
2332
2349
2349
2354
3775
4049
4084
4094
4094
4156
5295
5307
5984
6082
6239
6239
6239
6563
6717
6884
6898
6898
6898
7125
7176
7649
7649
7649
7708
8136
8230
8281
8281
8307
8508
8511
9420
9470
9605
9605
9706
9706
9706
9706
9709
10021
10021
10192
10516
10841
10841
10841
10841
10842
10896
10954
11392
11392
11464
11483
11590
12487
12553
12635
12670
12734
12736
12784
13088
13093
13497
13674
13721
13915
13915
13915
13915
14148
14606
14606
14620
14640
14640
14717
15085
15112
15129
15209
15392
15636
15922
15922
16254
16311
16480
16657
16687
16735
16735
16743
16743
16743
16743
16830
16921
17037
17167
17167
17344
17490
17557
17756
17838
17940
18061
18300
18764
18944
18944
19313
19334
19453
19647
19996
20192
20391
20435
20510
20510
20510
20734
20736
20920
20975
21146
21166
21193
21568
21728
21744
22131
22147
22151
22790
22790
22790
22790
23187
23254
23692
23705
24096
24103
24213
24248
24380
24399
24559
24652
24728
24797
24875
25468
25609
25820
25905
26173
26381
26461
26996
27528
27836
28060
28060
28265
28381
28613
28613
28613
29387
29412
29504
29707
29732
29769
29878
29878
29949
30020
30020
30098
30398
31461
31461
31461
31480
31525
31564
32080
32091
32172
32577
32724
32732
33074
33074
33269
33276
33313
33380
33641
33647
33812
34079
34713
34826
34845
34965
35119
35158
35527
35738
35912
36179
36395
36400
36457
36457
37088
37389
37416
37422
37462
37595
37595
38266
38267
38305
38330
38660
38660
38960
39055
39226
39226
39422
39690
39745
39745
39745
39746
40489
40493
40822
41621
41631
41662
41772
41930
42351
42649
42777
42788
42819
42960
43378
43506
43665
43665
43665
43665
43665
43665
43764
43893
44691
45199
45272
45272
45291
45883
46093
46196
46202
46204
46571
46884
46884
46884
46884
46884
46945
46945
47053
47263
47531
47543
