376
440
440
440
700
704
707
707
838
1346
1346
1392
1392
2082
4013
4013
4049
4049
5307
5881
5881
5881
5881
6082
6253
6862
6866
6867
6876
6884
6886
6898
6898
7176
7176
7454
7454
7454
7454
7454
7454
7454
7454
7454
7454
7521
8208
8565
8565
8613
8807
8830
9035
9266
9470
9470
10504
10504
10772
10962
11050
11633
11633
11663
11680
12199
12199
12279
13212
13675
14192
14809
14813
15103
15103
15113
15350
15350
15350
15936
16004
16047
16648
16687
16934
16934
16934
17098
17167
17399
18079
18240
19238
19238
19238
19238
19238
19286
19432
19605
19605
19605
19605
19605
19673
19836
20364
20435
20870
21146
21148
21613
21679
21944
22570
22689
22689
22689
22689
22689
22689
22689
22691
22691
22783
22839
23233
23817
23944
24096
24101
24103
24559
24559
24809
25002
25048
25084
25084
25084
25084
25084
25084
25102
25468
25609
25702
25820
25820
25905
26179
26461
26461
27080
27080
27084
27084
27084
27225
27226
27469
27606
27618
27768
28657
29175
29241
29300
29387
29630
29630
29689
29689
30722
31468
31550
31616
32352
32373
32468
33158
33158
33158
33158
33171
33171
33189
33215
33215
33229
33258
33455
33593
33749
33749
33749
34338
34720
34721
35181
35450
35922
36025
36027
36027
36030
36578
37048
37092
37107
37107
37416
37866
37866
37866
37866
37866
37866
37866
37918
38165
38172
38236
38276
38278
38279
38284
38284
38284
38284
38284
38284
38284
38284
38284
38297
38305
39121
39798
40013
40051
40437
40454
41278
41525
41530
41530
41678
41678
42003
42005
42650
42775
42777
42794
42960
43036
43420
43632
43713
46330
46441
46720
46830
46884
46884
46884
46884
46884
47028
47055
47186
47191
47237
47543
