279
440
748
1346
1610
1610
1610
1610
1610
1610
1976
1976
1977
1977
2123
2243
2243
2493
2885
2885
2993
3678
3678
3919
4049
6082
6082
6407
6407
6932
7531
7689
7689
7689
7689
7689
7689
8136
8511
9411
9411
9411
9415
9483
9710
10143
10144
10144
10305
10602
11305
11309
11309
11310
11862
11951
12487
13219
14099
14147
14407
14608
14895
14992
16004
16484
16532
16578
17060
17105
17208
17872
17872
17872
17940
18061
18475
18788
20273
20295
20295
20648
20648
21040
21241
22357
22357
22357
22357
22357
22357
22357
22357
22357
22361
22361
22838
22972
23024
23867
24196
24793
24809
24875
25048
25048
25609
27697
27836
28266
28266
28266
28266
28266
28266
28298
28298
28387
28567
28613
28613
28613
28613
29878
30409
30409
30956
30956
30956
30956
30956
30971
30971
30971
31461
32076
32090
32090
32090
32090
32090
32090
32090
32091
32091
32743
32743
32743
33125
33496
33523
33525
33988
34338
35674
35955
36138
36138
36138
36138
36575
36896
36942
37107
37107
37107
37107
37107
37619
37920
37920
37931
38290
38468
39990
40561
41006
41029
41142
41527
41530
41979
42371
42444
42444
42687
43100
43148
43148
43339
44825
46424
46758
46840
46840
46884
46884
46884
47125
47186
47204
47360
47543
