379
440
1429
1725
2332
3154
3694
3694
3915
5767
6082
6223
6223
6366
6758
6758
6898
7430
7430
7430
7439
7439
7439
7439
7439
7439
7649
8665
9411
9420
9420
9470
11378
11378
11466
13344
13350
13505
13915
13915
14717
16004
16004
16251
16648
17037
17909
17909
17940
18788
18870
19238
19453
19453
20269
20273
20273
21039
21143
21146
21326
21789
22650
22650
23024
24620
24809
24816
25044
25051
25713
25713
25713
25713
26075
26356
26384
27836
28693
28693
29789
31461
31461
32091
32091
32180
32180
32303
32468
32724
32733
33646
33749
35526
36320
36400
37107
37570
37927
38305
38305
38305
39484
39621
40667
41979
42381
43334
43562
43562
46472
46809
46884
46884
46884
47054
47237
47237
47531
47531
47543
47709
47709
