142
142
279
282
297
297
440
510
526
671
899
927
1280
1280
1346
1346
1346
1346
1346
1346
2132
2241
2241
2241
2241
2332
2885
2885
2885
2885
2885
3892
3915
4049
4049
4049
4049
4157
5529
5763
5881
5881
5881
6082
6082
6082
6163
6163
6170
6352
6407
6738
7430
7579
7689
8126
8126
8126
8126
8126
8224
8292
8293
8295
8384
8709
8719
8720
8723
8725
8727
8988
9411
9411
9470
9707
9709
9709
9815
10192
10415
10415
10415
10415
10415
10472
10504
10954
10996
11136
11298
11304
11501
11501
11788
12562
12670
13073
13219
13219
13414
13779
13986
14113
14606
14620
14647
14869
14901
15030
15083
15162
15469
15470
16001
16687
16887
16898
16898
17077
17077
17098
17098
17098
17098
17098
17098
17099
17108
17167
17169
17374
17611
17750
17750
17750
18061
18207
18472
18475
18971
19025
19453
19718
19732
20237
20295
20348
20992
20992
20992
21039
21040
21040
21042
21146
21146
21194
21198
22147
22147
22147
22149
22149
22908
23187
23334
24096
24098
24103
24710
24710
24793
24816
24875
24975
24975
24975
24993
25602
25609
25609
25609
25622
25825
26195
26195
26195
26195
26523
26854
26854
26854
26854
26854
26854
26854
26854
27472
27781
27781
28266
28282
28424
28567
28613
28613
28613
28613
28623
28693
29186
29196
29196
29306
29387
30052
30489
31003
31461
31461
31461
31461
31461
31480
32076
32076
32076
32087
32091
32121
32122
32155
32173
32495
32596
32684
32737
32987
33413
33421
33626
33919
33924
33993
34227
34227
34227
34227
34238
34569
34918
34921
35141
35158
35158
35158
35159
35161
35162
35827
35922
35922
36329
36575
37107
37107
37531
37531
37531
37532
37920
37920
37920
38284
38284
38290
38290
38290
38290
38290
38290
38290
38290
38290
38960
39503
40493
40544
40544
40544
40544
40544
40544
40544
40544
40544
40548
40548
40548
40548
40655
41016
41558
41979
42285
42285
42285
42285
42285
42285
42285
42285
42288
42978
43100
43272
43313
43339
43443
43443
43505
43505
43506
43511
43562
43562
43562
43562
43562
43562
43592
44094
44094
44883
44885
45150
45151
45151
45291
45415
45415
45415
45415
45415
45415
45415
45415
45784
45870
45871
45871
46191
46330
46471
46471
46480
46668
46710
46758
46804
46804
46884
46884
46884
46884
46884
46884
46884
46884
46884
46884
46884
47186
47531
