242
279
323
440
464
537
700
706
778
899
899
899
903
967
1249
1323
1324
1340
1340
1346
1455
1455
1460
1563
1763
1774
2267
2268
2340
2378
2389
2431
2503
2764
2957
3080
3120
3143
3213
3518
3597
3694
3750
3831
4327
4327
4340
4508
4569
4853
5112
5186
5186
5186
5186
5186
5186
5295
5307
5752
5763
5792
6054
6054
6082
6082
6082
6082
6082
6082
6363
6755
6905
6908
6908
6929
6929
6932
6963
7239
7309
7461
7584
7642
7649
7657
7695
7755
7967
8106
8146
8162
8507
8585
8611
8629
8708
8820
8923
8985
9079
9207
9207
9207
9207
9302
9354
9470
9470
9585
9636
9636
9896
10143
10258
10544
10559
10559
10559
10559
10597
10597
10597
10597
10666
10816
10935
10997
11020
11022
11344
11366
11418
11583
11629
11651
11805
11925
11950
12217
12304
12307
12393
12456
12617
12817
12993
13219
13254
13254
13444
13444
13486
13518
13518
13529
13873
14178
14232
14232
14396
14530
14531
14606
14606
14606
14620
14640
14647
14659
14911
15063
15129
15188
15198
15212
15368
15485
15640
15739
15764
15840
15841
15894
15952
16181
16376
16438
16451
16571
16743
16830
16945
17272
17484
17484
17491
17496
17550
17619
17753
17913
18039
18061
18230
18279
18526
18526
18526
18526
18526
18636
19305
19453
19538
19940
19950
19950
20204
20251
20732
20838
20838
20910
21583
21679
21710
21744
21753
22265
22370
22370
22370
22370
22442
22667
22689
22830
22903
22988
23024
23024
23024
23024
23408
23568
23568
23568
23581
23705
23705
23914
23944
23944
24098
24101
24169
24169
24179
24236
24372
24386
24614
24614
24627
24744
24782
24782
24782
24793
25143
25324
25523
25709
25756
25820
26125
26179
26179
26182
26201
26356
26526
26550
26581
26630
26909
26909
27080
27106
27150
27194
27349
27445
27533
27580
27707
27836
27836
27836
27836
28060
28266
28266
28613
28657
28657
28790
28903
29166
29306
29306
29527
29527
29878
29878
29878
29878
29878
29912
30053
30060
30060
30085
30096
30178
30280
30806
30806
30980
31076
31098
31102
31190
31228
31242
31302
31461
31461
31504
31533
31576
31849
31897
32017
32136
32352
32352
32373
32373
32378
32386
32386
32386
32386
32386
32443
32556
32596
32935
33064
33102
33133
33158
33202
33267
33269
33274
33380
33450
33749
33749
33902
34057
34057
34057
34203
34257
34528
34532
34532
34532
34557
34620
34624
34759
34823
35037
35037
35037
35062
35136
35136
35204
35206
35407
35416
35627
35652
35846
35915
35971
36307
36606
36754
36924
37416
37420
37420
37587
37671
37861
37920
37968
38191
38269
38894
38907
38961
39022
39055
39055
39754
40005
40157
40278
40348
40447
40496
40531
40531
40723
40723
40723
40723
40794
40855
40918
41043
41159
41171
41391
41525
41525
41643
41979
41992
42330
42331
42559
42580
42673
42686
42686
42788
42794
42960
42960
42960
42960
42978
43117
43153
43255
43326
43398
43523
43523
43823
43879
43888
43931
43984
44094
44558
44794
44812
44826
45073
45194
45232
45749
45960
45960
46152
46379
46433
46614
46637
46712
46884
46884
47055
47055
47281
47281
47531
47543
47543
47543
