305
390
444
446
459
533
533
587
803
842
844
944
944
944
944
944
944
944
944
944
944
944
944
944
944
944
962
1240
1346
1392
1763
2170
2317
2317
2734
2734
2734
2993
3143
3915
4013
4186
4205
4732
5277
5539
5539
5539
5539
5539
5763
5984
5995
6082
6082
6238
6395
6407
6559
6717
6717
6738
6843
6846
6877
7205
7588
7588
7623
7623
7623
8208
8226
8230
8245
8788
8985
9156
9228
9228
9228
9465
9468
9468
9468
9468
9478
9478
9504
9708
9801
9953
10330
10334
10353
10369
10444
10516
10569
10569
10597
10597
10798
10972
10987
11136
11136
11136
11136
11136
11139
11221
11221
11336
11468
11468
11468
11468
11468
11533
11533
11533
11533
11533
11533
11533
12222
12284
12290
12389
13060
13212
13212
13212
13212
13558
13786
13786
13886
14052
14406
14407
14620
14620
14717
14978
15088
15139
15209
15257
15259
15357
15636
15850
16004
16096
16256
16361
16361
16648
16648
16716
16735
16755
16961
17399
17399
17545
17838
17838
17838
17838
17838
18061
18061
18061
18061
18061
18079
18207
18280
18466
19004
19313
19441
19459
19836
19836
20771
20992
20992
21197
21241
21339
21363
21363
21363
21690
21897
21903
21903
21944
21944
21944
21944
21944
22070
22542
22570
23024
23568
23705
23705
23722
23736
23963
23963
24101
24476
24490
24676
24782
24793
24803
24917
24993
25158
25602
25606
25609
25609
25772
26363
26379
27080
27084
27106
27263
27365
27472
27697
28060
28265
28266
28266
28298
28424
28613
28613
29233
29245
29306
29689
29785
29878
30058
30549
30549
30549
30609
31026
31061
31461
31461
31480
31480
31488
31521
32055
32301
32350
32350
32352
32352
32373
32469
32469
32469
32579
32604
32691
32724
32724
32724
32724
32724
32724
32724
32724
32724
32838
33064
33158
33158
33175
33223
33256
33454
33522
33525
33626
33652
33749
33887
33887
33887
33892
33919
34364
34511
34585
34626
34721
35156
35340
35683
35886
35888
35922
35969
36103
36307
36318
36329
36358
36575
36646
36739
36745
36888
37147
37371
37389
37422
37457
37457
37866
37866
37895
37895
37940
38106
38266
38305
38407
38407
38468
38798
39013
39055
39055
39055
39055
39621
39639
39645
39846
40022
40048
40051
40077
40507
40543
40644
40664
41004
41043
41525
41536
41895
41895
41930
41979
42167
42371
42562
42687
42879
42914
42914
42960
42960
42960
42978
43018
43224
43224
43224
43309
43326
43398
43398
43398
43398
43398
43398
43398
43398
44282
44374
44536
44536
44697
45082
45272
45275
45275
45291
45553
45862
45862
45883
46001
46127
46159
46262
46330
46480
46565
46614
46664
46777
46884
47062
47120
47123
47186
47237
47237
47246
47246
47246
47275
47368
47531
47543
47543
47555
47568
47569
47571
47571
