133
223
276
279
320
323
373
551
622
778
778
944
1059
1106
1282
1288
1324
1346
1460
1563
1620
1972
2028
2075
2077
2086
2086
2241
2243
2491
3066
3077
3143
3308
3308
3308
3308
3308
3308
3308
3323
3323
3696
3792
3792
3915
3915
3915
3919
3919
3978
4084
4084
4154
4299
4309
4411
5289
5817
5817
6027
6082
6163
6407
6538
6557
6738
6790
6959
6960
7154
7160
7176
7212
7337
7338
7477
7478
7638
7641
7641
8146
8162
8227
8766
8767
9008
9128
9266
9372
9470
9964
10085
10098
10407
10578
10586
10666
10780
10851
10996
10996
11208
11208
11210
11279
11301
11336
11418
11457
11464
11629
11781
11790
11790
11796
12369
12463
12484
12669
12786
13693
13696
13779
13852
13915
14021
14021
14215
14318
14347
14396
14398
14407
14606
14620
14620
14659
14659
14947
15112
15177
15198
15809
15913
16004
16062
16168
16424
16424
16424
16424
16424
16424
16424
16424
16424
16424
16424
16424
16424
16424
16424
16424
16424
16424
16424
16424
16424
16424
16424
16424
16424
16424
16480
16578
16600
16673
16673
16673
16673
17315
17750
17945
17945
17985
18039
18039
18460
18526
18526
18526
18647
18870
19078
19304
19304
19346
19453
19453
19950
19950
19996
19996
20011
20192
20192
20251
20259
20369
20443
20443
20443
20443
20443
20444
20764
20868
20992
21041
21073
21146
21193
21193
21234
21241
21269
21293
21559
21583
21642
21642
21642
21642
21642
21642
21642
21660
21753
21784
22069
22394
22517
22784
22792
22903
22903
23024
23024
23024
23187
23187
23240
23944
23944
23960
24203
24203
24358
24406
24614
24620
24809
24993
25002
25036
25036
25036
25094
25106
25106
25106
25106
25108
25143
25158
25602
25640
25671
25697
25820
25820
25820
25820
25905
26461
26845
27247
27349
27349
27472
27472
27533
27580
27633
27836
28424
28424
28424
28481
28604
28657
28719
28766
29188
29240
29245
29306
29387
29391
29399
29575
29690
29690
29698
29751
29751
29751
29751
29751
29751
29878
29878
29878
29878
29878
29878
30032
30095
30096
30178
30280
30630
30642
30722
30806
30923
30923
31026
31042
31102
31197
31228
31247
31461
31461
31461
31461
31461
31461
31461
31526
31838
32107
32200
32301
32344
32467
32724
32724
32724
32724
32938
33064
33246
33413
33653
33835
33915
34150
34370
34511
34532
34721
34956
35194
35407
35645
35875
35881
35886
35915
36138
36393
36399
36482
36676
36715
36942
37042
37107
37158
37158
37237
37416
37422
37554
37554
37570
37587
37903
37940
38280
38334
38683
38690
38746
38764
38960
39621
39727
40217
40351
40351
40366
40431
40507
40531
40596
40705
40768
40959
40962
41159
41227
41228
41287
41340
41525
41530
41760
41895
41895
41996
42413
42486
42487
42668
42794
42794
42932
42960
42960
42960
42960
42960
43117
43117
43117
43117
43117
43117
43168
43339
43518
43888
43888
44053
44416
44504
44691
45223
45272
45272
45284
45749
45792
45944
45944
46052
46164
46249
46249
46363
46363
46419
46433
46441
46441
46441
46441
46479
46614
46989
47013
47055
47055
47055
47062
47063
47063
47113
47113
47186
47237
47377
47531
47543
47709
47760
