358
440
510
622
638
1325
1346
1346
1346
1346
1502
1502
1502
1563
1620
2081
2082
2086
2088
2885
3101
3182
3308
3308
3308
3308
3308
3308
3308
3312
3312
3312
3312
3312
3323
3323
3892
4049
4157
4623
4623
4958
4958
4958
4958
4958
4958
5279
5336
5763
6035
6107
6107
6107
6253
6321
6321
6321
6321
6762
6762
6843
6845
6851
6866
6877
7154
7714
7995
8162
8231
8231
8231
8231
8231
8231
8231
8232
8232
8267
8509
8511
8575
8575
8985
8987
9036
9710
9819
9822
10078
10144
10233
10597
10765
10947
10954
11278
11344
11467
11651
11777
11781
12279
12287
12287
12287
12467
13219
13556
13658
13852
13961
13961
13966
14021
14063
14100
14463
14809
14946
14946
15032
15068
15113
15113
15182
15676
15676
15809
15913
15913
15913
15913
15922
15979
16062
16062
16062
16096
16406
16595
16648
16726
16726
16726
16726
16784
17194
17194
17194
17194
18084
18084
18279
18288
18526
18526
18891
18982
19117
19238
19256
19836
20295
20909
21339
21462
21642
21897
22866
22998
23580
23736
23736
23736
23881
23944
24196
24196
24782
25044
25468
25602
25697
25840
25905
25984
26523
26523
26525
26525
26548
26548
26569
27094
27095
27469
27472
27472
27489
27606
27802
27802
27802
27807
28060
28434
28613
28766
28839
29668
29878
29985
30071
30982
31461
32352
32352
32352
32352
32378
32467
32576
32666
33215
33387
33387
33454
33749
34016
34147
34354
34528
34721
34721
34721
34855
35019
35019
35204
35371
35424
35620
35672
35896
35917
35990
36262
36320
36410
36578
36578
37107
37107
37107
37107
37107
37107
37738
37883
37883
37977
37977
38172
38172
38201
38279
38283
38290
38369
38495
38730
38731
39698
39933
40190
40334
40437
40437
40437
40644
40644
40664
40723
41029
41267
41273
41979
41979
41988
42004
42194
42261
42444
42794
42817
42841
42872
42978
43082
43117
43186
43443
43509
43632
43632
43632
43632
43632
43632
43632
43632
44094
44094
44282
45291
45421
45830
45830
46263
46330
46472
46748
46884
46884
46884
46884
46884
47053
47113
47118
47118
47118
47118
47118
47118
47118
47118
47186
47186
47199
47531
47531
47543
47543
