458
1324
1324
1340
1346
2271
2993
2993
3308
5052
5054
5186
5797
6035
6035
6054
6058
6082
6508
8024
8231
8267
8279
8281
8303
8915
9372
10504
10504
11379
11380
11777
11951
11954
12507
13350
13486
13494
14647
15952
15977
15983
16406
16673
16851
17410
17611
17611
18898
19286
20105
20364
20991
21480
22027
22370
23556
24475
24875
25557
25609
26462
26525
26525
26525
26663
26678
26789
28693
28693
29306
29387
30034
30163
30677
31026
31764
31764
31764
32012
32147
33029
34343
34720
34721
35037
35336
36320
36320
37920
38201
38304
38486
39584
39584
39990
40148
40490
40493
40918
40947
40959
40975
41577
42565
42565
42565
42641
42686
42775
42794
42960
43082
44611
45860
45865
46330
46330
46441
46480
46576
46736
46798
47227
47285
