420
526
842
842
1346
1364
1370
1658
1725
1725
1726
1726
1763
2250
2332
2332
3066
3473
3919
4411
4901
4906
5057
5057
5186
5186
5186
5186
5186
5186
5307
5307
5763
6130
6140
6260
6378
6717
6899
7154
7708
7708
7708
7714
7723
7723
7723
8025
8025
8208
8230
8307
8307
8375
8805
8830
8857
8895
8985
9001
9002
9470
9707
9976
10186
10305
10678
10678
10678
10678
11663
11663
12581
12750
13060
13107
13771
13774
13774
13774
13778
13779
13782
13782
13852
13968
14407
14407
14809
14918
15011
15015
15018
15113
15225
15230
15230
15230
15230
15349
15350
15626
15922
15924
15940
16648
17060
17060
17167
17838
17945
17945
18002
18278
18643
18944
18944
18971
19303
19836
19924
19958
19965
19965
20218
20909
20910
20992
21286
21307
21307
21339
21613
21613
22131
22229
22229
22253
22542
22783
22783
23187
23580
23914
23991
24098
24179
24875
24993
25106
25108
25111
25241
25338
25468
25468
25468
25606
25609
25622
25816
25816
25816
25820
25820
25820
25911
25911
27528
27528
27768
27768
28182
28303
28380
28415
28486
28561
28613
28613
28657
28693
28693
28693
28693
28693
28844
29224
29245
29306
29387
29878
30020
30020
30023
30175
30264
30264
30956
31003
31003
31228
31461
31461
31461
31480
31533
31768
31768
31768
31768
31768
32076
32091
32092
32307
32521
33028
33061
33194
33274
33322
33372
33386
33522
33525
33626
34418
34572
34585
34620
34770
34860
34961
35136
35136
35410
35412
35865
35969
36836
37048
37052
37107
37107
37107
37107
37107
37107
37107
37107
38191
38297
38660
38706
38851
39055
39138
39138
39138
39141
39141
39153
39725
39777
39958
39962
40351
40489
40490
40667
40723
40789
40918
40918
40966
41273
41295
41326
41326
41326
41326
42794
42960
42978
42992
43117
43117
43117
43117
44094
44145
45285
46152
46275
46330
46480
46798
46804
46804
46884
46884
46884
46884
46884
46884
46884
47053
47186
47192
47195
47195
47195
47204
47224
47237
47259
47259
47531
47531
47543
