7
1416
1502
2221
2332
2408
2595
2595
3473
3683
4500
4806
5704
6170
6738
7633
8126
8230
9706
9715
10078
10414
10479
10504
10628
10747
11380
11381
11466
12374
12376
12376
12376
12553
13301
14077
14086
14133
14258
14615
14980
15342
15602
15603
15608
15739
15739
15875
15875
15875
15875
15875
15875
16004
16361
16440
16679
16830
17170
17274
17274
17274
17274
17274
17274
17277
19836
20109
21044
21339
21339
21339
21339
21339
21868
22028
22570
22570
23818
23944
24129
24129
24129
24129
24809
25268
25468
27295
28043
28613
28613
28762
29387
29816
31102
31468
31980
31982
32038
32964
33309
33421
34720
35645
35992
36575
37107
37883
37920
38992
38992
39621
39891
39891
39891
39891
39979
40496
40514
40855
42016
42339
42794
43334
43439
44084
45425
45733
45733
45733
45733
46884
46884
46884
47204
47228
47281
