212
271
903
927
1323
1346
1366
1460
1677
2264
2483
2492
2515
2734
3077
3102
3103
3120
3473
4049
4049
4425
4816
4817
4817
5107
5186
5186
5186
5186
5186
5295
5295
5307
5343
5460
5460
5460
5538
5763
5763
5767
5767
6082
6082
6161
6905
6905
7035
7039
7239
7579
8517
8517
8611
8788
8906
8908
8908
8985
9022
9036
9043
9043
9207
9207
9207
9349
9468
9706
9706
9709
10186
10192
10206
10458
10516
10559
10559
10559
10559
10559
10569
10569
10765
10962
11350
11415
12145
12166
12444
12467
13103
13219
13219
13772
13852
14021
14021
14066
14367
14396
14530
14606
14726
14871
14871
14911
14917
15636
15997
16004
16050
16830
16830
17167
17611
17750
17757
17838
17985
18002
18061
18061
18061
18079
18230
19303
19304
19647
19662
19699
19718
19996
20132
20648
20878
20878
21146
21233
21799
21917
22689
22689
22790
22790
22790
23024
23024
23187
23187
23187
23705
23705
23722
23722
23944
23968
24028
24049
24049
24100
24169
24169
24169
24169
24175
24179
24262
24372
24380
24645
24816
24993
25044
25106
25468
25606
25606
25699
25820
25840
25864
25924
26179
26363
26396
27084
27274
27441
27768
27807
27807
27807
27807
28060
28060
28266
28266
28424
28719
28995
29218
29306
29689
29689
29689
29691
29698
30052
30053
30085
30095
30163
30280
30976
31057
31072
31140
31461
31461
32180
32352
32352
32352
32378
32378
32378
32580
32604
32604
32604
32929
33136
33158
33290
33436
33448
33450
33525
33915
33919
34125
34257
34575
34621
34679
35037
35068
35151
35309
35339
35410
35737
35967
36126
36381
36400
36410
36410
36511
36527
36891
36896
37389
37416
37570
37837
37837
37866
37895
37920
37928
37928
37995
38267
38267
38290
38305
38306
38695
38746
38948
39422
39422
39611
40427
40723
40998
41042
41064
41525
41525
41911
42016
42178
42444
42444
42479
42493
42649
42650
42685
42819
42960
42960
42960
42960
42960
43174
43249
43326
43398
43398
43398
43737
43888
44094
44418
44441
44661
44874
45862
45862
45960
45961
45963
45963
46032
46127
46152
46152
46159
46159
46330
46433
46614
46804
46884
46884
46884
46884
47133
47133
47133
47195
47195
47237
47305
47387
47531
47566
