142
279
279
279
323
440
440
533
598
903
1346
1346
1364
1725
1725
1725
1725
1728
2144
3566
3694
3868
3868
4651
4651
4654
4682
4817
5368
5369
5369
5413
5565
5565
5565
5566
5568
5571
5674
5674
5817
5817
5821
5984
6082
6082
6082
6082
6876
7044
7476
8115
8226
8279
8279
8279
8279
8342
8342
8377
8377
8378
8378
8378
8378
8378
8378
8378
8378
8378
8378
8378
8400
8460
8611
8670
8670
8807
8889
8895
8895
8906
8908
8908
8914
8914
8914
8985
9254
9470
9543
9551
9551
9630
9706
9706
9709
10143
10143
10144
10144
10972
11464
11466
11466
11466
11501
11501
11651
12120
12122
12122
12152
12374
12871
13061
13100
13942
13961
13961
14025
14029
14063
14066
14066
14099
14409
14409
14612
14620
14647
14647
14647
14659
14717
14840
14869
14911
14958
15182
15254
15273
15469
15608
15638
15865
15913
15929
16004
16004
16361
16578
16578
16648
17298
17484
17611
17611
17611
17620
17620
17757
17940
18061
18061
18061
18061
18079
18300
18379
18460
19453
19453
19453
19453
19453
19453
19453
19453
19940
19996
19996
19996
19996
19996
19996
20003
20017
20017
20017
20017
20017
20023
20023
20023
20023
20023
20047
20047
20273
20273
20273
20273
20273
20273
20273
20273
20273
20273
20273
20273
20273
20273
20273
20273
20273
20968
21039
21040
21146
21264
21339
21480
21549
21549
21903
21903
22370
22397
22397
22542
22542
22570
22838
23024
23024
23294
23568
23853
23854
23854
23854
23855
23865
23865
24179
24179
24244
24262
24262
24614
24793
25046
25468
25584
25609
25609
25820
25911
25911
25911
25911
25911
25911
25911
26122
26122
26125
26384
26525
26526
26996
26996
27768
27939
28323
28424
28424
28424
28613
28613
28613
28613
28613
28613
28613
28613
28613
28613
28613
28693
29166
29311
29503
29630
29698
29751
29839
29839
29839
29933
30053
30279
30398
30515
30621
30621
30717
30859
31003
31003
31014
31025
31461
31461
31461
32091
32091
32172
32172
32301
32352
32596
32598
32692
32779
33046
33114
33153
33215
33215
33215
33215
33258
33258
33274
33274
33276
33276
33499
33522
33523
33523
33525
33591
33591
33594
33641
33646
33648
33648
33771
33861
33993
34074
34316
34338
34713
34714
34953
34953
34953
34953
34953
34953
34953
34953
34953
34953
34953
35074
35082
35133
35165
35165
35200
35302
35331
35332
35548
35551
35551
35553
35553
35587
35643
35676
35737
35738
35738
35829
35829
35829
35863
35863
35863
35863
35865
35865
35866
35912
35912
35912
35913
36138
37107
37531
37531
37531
37532
37532
37619
37866
37866
37866
37866
37883
37883
37883
37889
37928
38165
38284
38284
38284
38284
38284
38284
38284
38290
38345
39026
39080
39080
39135
39621
39621
39621
39751
40217
40667
40723
40877
40949
40965
41895
41895
41895
42381
42381
42381
42381
42381
42421
42565
42686
42777
42960
42979
43082
43082
43082
43291
43551
44145
44876
44995
45272
46093
46330
46330
46668
46804
46884
46884
46884
46884
46884
46884
46884
46884
46884
46884
46884
46884
46884
46884
47023
47053
47055
47186
47186
47204
47204
47224
47224
47224
47368
47368
47368
