142
440
526
1323
1346
1346
1623
1623
1960
2020
2059
2075
2076
2079
2079
2389
2389
2389
2704
2884
2928
6082
6082
6330
6352
7045
7057
7212
7435
7435
8281
8613
8881
8985
8985
9032
9278
10144
10144
10559
10559
10966
11326
11483
11483
11484
12381
13219
13351
13942
14647
14960
15673
16004
17077
17108
17611
17750
18079
18206
18460
19453
20878
20878
21063
23908
23914
23944
23944
24381
24816
24875
24896
25609
25840
26991
27080
27080
27194
27324
27441
27836
28424
28424
28424
28428
28917
29306
29387
29541
29541
29878
30096
30166
30859
31046
31094
31461
31461
31461
32598
33199
33275
33648
33771
34079
34510
34528
34532
34639
35676
35912
36332
36583
36950
37052
37531
37531
37895
38165
38165
38316
38316
39639
40561
41525
41914
42511
42511
43850
45272
45941
45944
45944
46001
46001
46152
46152
46433
46433
46433
46436
46437
46884
46884
46884
46884
47055
47186
47377
