347
440
440
444
536
777
1284
1286
1315
1340
1392
1502
2243
2243
2243
2243
2250
2266
2332
2488
2851
2938
2993
2993
2993
3077
3077
3113
3471
3683
3792
3792
3919
4157
4402
4750
5108
5115
5115
5186
5186
5186
5186
5186
5186
5277
5332
5575
5635
6082
6082
6161
6170
6447
6787
6884
6898
6898
7430
7476
7688
7838
8011
8025
8146
8238
8238
8279
8279
8279
8279
8385
8591
9146
9207
9420
9470
9470
9470
9470
9470
9478
9706
10061
10144
10192
10597
10630
10682
10765
10765
10852
11210
11278
11344
11457
11467
11909
12111
12143
12166
12295
12296
12306
12306
12438
12543
12564
13214
13219
13219
13356
13414
13484
13486
13558
13558
13558
13606
13693
13900
14019
14243
15112
15256
15283
15350
15392
15636
15636
15673
15738
15836
15840
15840
15913
15929
15979
15990
16481
16527
16595
16901
17004
17167
17167
17499
17611
17757
17945
17985
18039
18061
18061
18460
18460
18764
18870
18898
19304
19313
19360
19432
19432
19453
19833
19836
20262
20364
20443
20577
20656
20909
21146
21146
21157
21157
21241
21414
21557
22281
22394
22395
22397
22689
22868
23024
23037
23311
23568
23705
23705
23705
23705
23705
23705
23705
23705
23705
23705
23705
23705
23705
23705
23705
23705
23722
23722
24023
24103
24169
24169
24169
24169
24169
24213
24213
24213
24213
24214
24372
24419
24614
24676
24875
24993
25158
25182
25468
25609
25723
25776
25820
25820
25820
25820
25820
25820
26199
26462
26523
26525
26526
26737
26991
27080
27198
27462
27735
27735
27771
27771
27807
27807
27807
27807
27807
27807
27807
28060
28387
28424
28434
28459
28613
28613
28719
29306
29306
29306
29689
29691
29751
29785
29785
29785
29878
29878
30034
30060
30314
30517
30610
30622
31057
31057
31057
31057
31057
31057
31057
31057
31057
31057
31057
31102
31228
31461
31461
31461
31533
31701
32301
32350
32350
32352
32373
32373
32373
32373
32377
32378
32378
32378
32386
32386
32477
32579
32720
32732
32732
32732
32734
32904
33058
33571
33749
33749
33919
34214
34510
34528
34528
34546
34546
34585
34629
34675
34721
35037
35082
35194
35670
35677
35757
35888
36320
36320
36320
36320
36410
36639
36650
36888
37063
37570
38290
38325
38907
39080
39153
39153
39422
39631
39638
40137
40447
40507
40523
40581
40581
40592
40723
40918
41297
41529
41873
41895
41895
41979
42337
42690
42844
42960
42960
42960
43033
43082
43100
43100
43171
43224
43255
43255
43255
43339
43398
43416
43416
43419
43636
43710
43710
43712
43854
43888
43894
44006
44114
44427
44533
44590
44628
44822
44834
45034
45431
45464
45499
45960
45960
45961
45961
45961
46079
46085
46265
46330
46348
46359
46363
46479
46637
46660
46798
46884
46884
46884
46884
46884
46884
46935
46982
46982
47053
47053
47055
47186
47186
47204
47265
47571
