279
419
574
597
780
2928
3093
3694
3775
4084
4154
4979
5413
5539
6140
6717
6717
7176
7722
8245
8245
8985
9411
9411
9801
10192
10192
10594
10597
10597
10597
10747
10747
10749
11462
12074
12574
12574
12574
12779
14021
14066
15209
15349
15644
15644
15644
16830
17611
17658
17945
19238
19459
19697
20251
20251
20364
20365
20435
20991
21195
21719
21773
21773
21773
21781
21781
21781
22825
22825
22825
22915
23568
23944
24100
24358
24372
24588
25143
25143
25221
25615
25820
26122
27080
27171
27225
27462
27593
27593
27593
27593
27594
28043
28043
28043
28043
28043
28043
28043
28043
28044
28062
28062
28062
28424
28424
28757
28800
29306
30317
31003
31085
31461
31461
31461
31461
31468
31480
31480
32173
32352
32576
32691
33523
33527
33749
33761
33919
34257
34257
34512
34557
35676
35839
35891
35922
35967
36261
36393
36393
36410
36680
37056
37107
37107
37107
37554
37554
37570
37896
37920
38284
38284
38706
39227
39584
40013
40369
40369
40429
40437
40574
40723
41310
42003
42004
42004
42213
42215
42220
42559
42559
42777
42792
42960
42960
43941
43941
43941
43941
45272
45427
46064
46154
46884
46884
46884
47186
47186
47543
47609
47609
47609
47609
47609
