142
142
142
185
279
279
424
635
749
903
903
903
903
903
903
903
903
904
1138
1286
1340
1340
1346
1346
1346
1346
1503
1763
1763
1763
1763
2075
2075
2075
2078
2078
2079
2079
2079
2079
2079
2079
2080
2115
2241
2241
2241
2884
2928
3773
3919
3919
3919
3919
3919
4857
5352
6082
6082
6236
6249
6898
6899
6899
6899
6899
6905
6905
6905
6947
6947
7044
7044
7057
7176
7176
7177
7435
7435
7435
7436
7480
7708
7708
8238
8563
8985
8985
8985
8985
8985
8987
8988
9349
9468
9468
9470
9470
9470
9470
9470
9470
9470
9470
9470
9470
9470
9470
9470
9542
9542
9542
9786
9811
10143
10143
10143
10143
10181
10458
10559
10652
10652
10652
10652
10652
10652
10652
10652
10652
10652
10652
10652
10652
10652
10652
10682
11144
11152
11152
11651
12374
12381
12381
12553
12765
12765
13212
13301
13301
13317
13317
13317
13317
13372
13372
13444
13488
13488
13545
13546
13546
13852
13893
13893
13893
14063
14104
14106
14531
14531
14531
14717
14717
14869
14869
14869
15350
15350
15350
15350
15350
15624
15922
16830
16830
17108
18061
18196
18558
18558
18558
18558
18558
18563
18563
18563
18944
19286
19288
19288
19288
19996
20295
20670
20670
20878
21144
21145
21145
21146
21480
21539
21539
21799
22253
22265
22570
22570
22570
22570
22570
22570
22838
22838
22998
22998
22998
22998
23944
23951
24028
24035
24049
24165
24165
24165
24165
24165
24179
24213
24244
24526
24551
24551
24793
24793
24793
24793
24793
24793
24793
24793
24797
24816
24816
24816
24816
24816
24875
24993
24993
24993
25468
25468
25840
26179
26461
26461
26525
26525
26525
26525
27768
27768
27781
28060
28266
28283
28283
28283
28283
28424
28424
28424
28613
28613
28613
29002
29196
29218
29218
30549
30549
30635
30635
30637
30941
30980
31045
31045
31094
31261
31443
31443
31448
31448
31533
31533
31533
31533
31533
31533
31533
31533
31550
31550
31550
31606
31606
32055
33205
33205
33336
33480
33499
33499
33499
33499
33499
33499
33591
33591
33592
33647
33749
33984
33984
33984
33989
34413
34511
34528
34528
34528
34528
34713
34713
34770
34773
35165
35166
35166
35335
35339
35339
35410
35410
35410
35410
35548
35555
35824
35824
35824
35824
35824
35824
35826
35831
36068
36072
36072
36320
36320
36332
36332
36332
36332
36332
36332
36896
36896
36896
36896
36896
36896
37531
37531
37531
37899
37903
38290
38290
38310
38310
38316
38706
38944
39013
39026
40195
40493
40507
40507
40531
40561
40561
40561
40561
40574
40574
40574
40723
41066
41074
41074
41074
41075
41075
41142
41162
41525
41525
41525
41808
41808
41808
41808
41808
41895
41979
42167
42167
42167
42169
42444
42444
42686
42960
42971
43500
43523
43523
43523
43523
43523
43523
43592
43592
43592
43600
43600
43600
44261
44282
44282
45185
45406
45406
45749
45960
45960
45962
46075
46330
46673
46884
46884
46884
46884
46884
46884
46884
46884
46884
46884
46884
46884
46884
46884
46884
46884
46884
46884
46884
46884
46914
46914
46914
47039
47039
47039
47039
47039
47039
47039
47186
47186
47543
