142
153
844
897
903
1340
1392
1392
1503
1645
1971
2144
2263
2332
2600
3120
3143
3773
3835
4049
4654
5115
5186
5186
5186
5186
5242
5460
6060
6060
6082
6094
6107
6107
6363
6651
6899
7579
8162
8218
8517
8563
8619
8762
8777
8800
8960
8965
8973
8987
9411
9468
9470
9504
9706
9706
10458
10559
10559
10559
10559
10666
10678
10678
10922
10922
10922
10922
10922
10922
10924
10996
11141
12234
12647
12647
13484
13486
13486
13486
13488
14531
14531
14606
14871
14911
14940
14965
15392
15536
15809
15836
16637
16765
16765
17484
17985
17985
17985
18061
18278
20648
20649
20967
20970
20992
21193
22164
22253
22265
22394
22838
22979
23705
24049
24169
24169
24176
24179
24244
24265
24614
24676
25002
25002
25002
25044
25468
25609
25840
26179
26179
26523
26525
26909
27022
27080
27533
27533
27776
27807
27815
27815
28467
28492
28492
28604
28613
28642
28693
28927
29306
29705
29785
30055
30279
30865
30976
30976
30976
30976
30976
30976
30976
31031
31031
31031
31031
31057
32055
32087
32090
32301
32988
32991
33051
33158
33239
33436
33450
34656
34936
35037
35274
35412
35489
35677
35677
35737
35910
35970
36329
36888
37107
37822
37822
37822
37837
37920
37920
37928
37928
37928
37936
38735
39912
39912
40523
40574
40998
40998
41036
41529
41992
42794
43416
44094
44282
44337
44417
44536
44601
44874
44969
45963
45963
46154
46156
46156
46333
46345
46480
46673
46884
46884
46884
47039
47055
47543
47568
