142
142
249
385
526
703
888
1270
1271
1280
1340
1346
1346
1346
1570
1755
1967
2101
2118
2118
2241
2241
2241
2243
2332
2354
2547
2547
2584
2608
2609
2746
3394
3731
4013
4013
4186
4862
4862
4863
5413
5568
5984
5991
6001
6082
6364
6364
6407
6738
6884
6960
7298
7298
7579
7710
8150
8169
8169
8169
8262
8281
8281
8281
8439
8508
8508
8511
8565
8819
8860
8914
8988
9035
9081
9416
9424
9483
9773
9773
9773
9773
9773
9773
9773
9773
9779
10301
10597
10772
11171
11221
11396
11404
11663
11950
11954
12224
12801
13065
13301
13345
13444
13800
13839
13931
13942
13943
14063
14063
14659
14778
14780
14895
14984
15061
15083
15195
15319
15350
15350
15484
15608
16004
16361
16406
16523
16601
16934
16961
17108
17108
17378
17731
18079
18971
19057
19057
19057
19057
19176
19432
19647
19763
19763
19763
19763
19996
19996
20148
20218
20869
20909
21124
21124
21127
21144
21146
21146
21480
21480
21480
21598
21692
21897
22017
22040
22134
22135
22138
22397
22397
22592
22840
22840
23017
23024
23024
23205
23311
23408
23534
23534
23534
23554
23568
23568
23568
23750
23750
23944
24028
24049
24105
24262
24271
24475
24670
24685
24706
24782
24797
24875
24875
24888
24888
24975
24975
24975
24975
24975
25044
25102
25106
25145
25468
25622
26179
26195
26195
26195
26195
26195
26363
26462
26462
26462
26463
26523
26525
26589
26678
26678
26678
26678
26697
26737
26843
26909
26991
27080
27080
27263
27472
27533
27618
27836
27872
28003
28003
28424
28516
28613
28665
28800
28995
29306
29306
29683
29687
29690
29693
29701
29702
29702
29702
29702
29702
29912
29921
30020
30140
30166
30324
30717
30941
30956
30956
30976
30980
31003
31026
31102
31179
31461
31461
31461
31461
31461
32055
32055
32076
32344
32344
32344
32344
32344
32344
32344
32351
32351
32351
32351
32598
32692
32858
32927
33058
33114
33119
33119
33125
33158
33166
33215
33641
33749
33915
34258
34258
34417
34639
34713
34720
34720
34720
34721
34773
34892
35733
35738
35738
35829
35829
35829
35830
35881
35881
35904
36400
36400
36457
36639
36646
37063
37092
37147
37554
37554
37570
37799
37866
37866
37895
37895
37903
37920
37920
38165
38172
38186
38186
38267
38441
38441
38476
38476
39786
40148
40188
40326
40665
40822
40918
40918
41067
41525
41525
41527
41933
41979
41979
42010
42220
42220
42226
42226
42263
42685
42928
42960
42960
43174
43304
43334
43432
44046
44094
44617
44730
45103
45142
45144
45272
45272
45276
45341
45816
45816
45818
45859
46152
46159
46373
46373
46433
46441
46480
46480
46480
46668
46758
46781
46884
46884
47053
47062
47186
47186
47186
47186
47186
47204
47204
47259
47259
47260
47260
47377
47531
47531
47539
47568
47569
47571
47571
47609
47609
47609
47609
47609
47609
47624
47624
