320
320
330
354
440
585
587
927
1325
1510
1563
1563
1563
1563
1737
1763
2078
2118
2118
2241
2243
2332
2332
2332
2389
2601
2949
3077
3473
3807
3807
3807
3807
3807
3807
3919
4084
4221
4221
4267
4569
4569
4569
4569
4569
5218
5238
5238
5238
5238
5238
5238
5238
5238
5245
5245
5543
6223
6223
6223
6223
6223
6223
6223
6223
6223
6223
6614
6614
6898
6898
6899
6905
6982
6982
7649
7708
7801
7801
7801
7801
7801
7801
7801
7801
7801
8011
8162
8231
8317
8756
8905
8912
8985
8986
9037
9543
10192
10192
10201
10201
10201
10407
10407
10444
10444
10444
10444
10548
10628
10702
10703
10996
10996
10996
11638
11638
11647
11649
11649
11651
11651
12121
12754
12871
12871
12871
13060
13212
13219
13219
13502
13502
13502
13721
13721
13721
13721
13721
13721
13721
13721
13721
13721
13721
13721
13721
13721
13721
13721
13721
13721
13721
13721
13721
13721
13721
13721
13721
13721
13721
13721
13721
13852
13915
13915
13915
13915
13915
13915
14421
14421
14422
14422
14422
14422
14422
14422
14423
14423
14594
14606
14606
14748
14774
14917
14969
14994
15225
15229
15256
15257
15314
15314
15314
15314
15318
15318
15318
15319
15319
15327
15608
15662
15662
15662
15826
15850
15850
15850
15850
15850
15850
15850
15925
16004
16009
16146
16441
16536
16536
16657
16657
16765
17037
17037
17037
17037
17037
17044
17344
17344
17344
17344
17344
17344
17437
17484
17496
17496
18061
18079
18123
18313
18472
18480
18764
18816
19653
19700
19996
20295
20295
20995
21146
21194
21194
21253
21326
21759
21931
21944
21944
22713
23024
23836
23836
23914
23914
23915
23916
23921
23921
23944
23960
23963
24116
24165
24358
24381
24399
24399
24406
24594
24594
24594
24655
24658
24676
24676
24676
24676
24676
24975
25004
25004
25158
25602
25840
25840
26075
26078
26179
26370
26370
26379
26461
26996
26996
27043
27080
27349
27826
27826
27826
28613
28642
28693
29087
29233
29240
29240
29306
29306
29306
29751
29769
29769
29769
29769
29769
29878
29878
30384
30398
30398
30440
31003
31026
31102
31102
31480
31482
31488
31586
32139
32311
32350
32352
32495
32596
32732
32732
32732
32733
33064
33445
33654
33654
33770
33771
33771
33771
33919
34016
34016
34720
34720
34720
34721
34823
34961
34964
34965
34965
34965
34965
34966
34966
34966
34966
35360
35648
35648
35648
35922
36147
36147
36148
36320
36717
36914
36914
37107
37883
37883
37884
37889
37889
37920
37927
37927
38266
38476
38605
38631
38631
38798
38814
39022
39055
39055
39055
39157
39157
39157
39157
39179
39179
39426
39426
39837
39837
39837
39837
39839
39839
40548
40723
40816
40982
41001
41345
41910
41910
41910
42105
42352
43082
43168
43168
43168
43168
43186
43272
43562
43669
44145
44282
44282
44282
44282
44282
44282
44282
44282
44282
44282
44282
44282
44282
44282
44282
44422
44422
44832
45142
45272
45272
45272
45272
45272
45272
45272
45275
45275
45291
45291
45291
45291
46202
46254
46480
46480
46480
46480
47053
47195
47237
47237
47263
47531
47531
47541
47543
47543
47543
47543
47553
47553
