520
532
903
903
903
1280
1340
1563
2027
2342
2389
2607
2764
2957
3102
3120
3143
3143
3143
3367
3980
4013
4049
4049
4049
4221
5186
5186
5186
5186
5186
5186
5186
5255
5307
5307
5307
5307
5307
5413
5460
6082
6082
6140
6163
6787
6846
6884
6898
6918
7479
7480
7579
8136
8245
8303
8303
8563
8563
8973
8985
9214
9349
9454
9585
10190
10548
10559
10559
10597
10665
10922
10922
10922
10924
11000
11222
11643
11663
11777
12374
12564
12969
13219
13219
13219
13488
13730
13774
13839
14158
14560
14647
14649
14871
14871
14917
14946
15059
15059
15211
15619
15673
15922
16648
16687
16890
17484
17550
17591
17591
17593
17594
17985
17985
18061
18061
18206
18480
18526
18526
18764
18971
19238
19256
19265
19590
19633
20251
20648
21146
21194
21337
21687
21780
21975
22179
22265
22689
22845
23217
23580
23581
23881
23944
24100
24236
24244
24793
24793
24959
25102
25106
25106
25448
25616
25840
25840
26179
26179
26179
26179
26396
26991
27084
27084
28060
28304
28463
28465
28467
28613
28672
28903
28903
28903
29306
30060
30095
30976
31003
31042
31488
31533
31533
32087
32091
32311
32596
32596
32988
33051
33124
33158
33158
33246
33276
33293
33315
33887
33919
33925
34528
34528
35037
35037
35380
35380
35570
35679
35733
35733
35737
37107
37107
37107
37107
37107
37107
37107
37357
37509
37837
37866
38201
38706
39962
40184
40217
40507
40655
40834
41342
41525
41979
42010
42364
42415
42650
42794
42848
42960
43082
43117
43523
43931
44094
44109
44361
44418
44418
44418
44784
44812
44874
45344
45749
45961
46064
46152
46152
46159
46330
46433
46441
46441
46480
46884
46884
46884
46884
46884
47039
47055
47204
47366
