142
142
142
142
142
185
320
331
440
526
526
526
551
599
666
747
903
903
903
903
903
904
927
962
1004
1280
1315
1340
1340
1346
1346
1431
1461
1502
1620
1683
1686
1967
2077
2123
2299
2317
2356
2389
2389
2600
2648
2877
2938
2944
2957
3120
3498
3498
3773
4011
4053
4154
4177
4198
4407
4833
4833
4833
5186
5186
5186
5295
5295
5295
5460
5556
5763
5763
5772
5947
5947
6082
6082
6082
6082
6352
6363
6870
6876
6908
6947
6953
7044
7045
7057
7193
7454
7476
7563
7689
8029
8207
8281
8303
8303
8329
8360
8397
8465
8508
8678
8766
9069
9069
9069
9468
9545
10144
10190
10190
10190
10190
10192
10472
10559
10559
10559
10569
10652
10652
10695
10695
10695
10812
10923
10943
11243
11360
11415
11468
12115
12145
12145
12483
12581
12581
12582
12647
12801
12969
12972
13033
13094
13344
13410
13623
13653
13791
13852
14076
14102
14380
14422
14440
14531
14606
14612
14620
14640
14647
14659
14659
14703
14703
14775
14775
14827
14869
14871
14871
14911
15008
15032
15059
15068
15202
15392
15580
15599
15764
15910
16424
16424
16480
16527
16594
16680
16757
16765
16830
16830
16830
16890
16961
17437
17484
17611
17838
17838
17838
17945
18002
18002
18206
18278
18764
19160
19163
19171
19305
19453
19522
19880
19880
20168
20295
20364
20533
20589
20665
20868
20877
20991
20992
20999
20999
20999
21040
21125
21216
21230
21230
21480
21784
21792
21825
21944
21944
22182
22572
22839
22864
22864
22906
23039
23422
23705
23836
24057
24169
24179
24179
24261
24350
24406
24469
24614
24676
24793
24993
25101
25319
25580
25581
25602
25602
25609
25609
25638
25840
25840
26356
26436
26513
26523
26525
26525
26977
27000
27080
27093
27324
27472
27602
27776
28283
28298
28492
28552
28613
28613
28693
29130
29305
29306
29387
29630
29668
29698
29878
29878
29903
30014
30016
30095
30139
30168
30308
30346
30398
30419
30869
30956
30976
31003
31026
31026
31045
31057
31448
31448
31730
32079
32079
32180
32521
32556
32556
32596
32598
32848
32897
32904
32984
32984
32984
32991
32991
33094
33114
33175
33277
33496
33592
33634
33887
34532
34773
34773
34833
34847
35037
35061
35336
35343
35410
35488
35531
35636
35639
35738
35739
35888
35895
35922
35971
36164
36305
36341
36400
36400
36400
36400
36400
36410
36891
36896
36967
37088
37107
37416
37416
37480
37480
37509
37526
38236
38236
38290
38305
38441
38441
38961
39157
39390
39777
39837
40235
40341
40431
40489
40684
40816
40842
40842
40855
40855
41192
41339
41519
41520
41530
41530
41596
41651
41808
41895
41979
41985
42106
42109
42109
42109
42167
42167
42317
42364
42650
42699
42794
42975
43038
43374
43398
43398
43398
43398
43408
43425
43523
43592
44001
44094
44094
44145
44232
44244
44282
44536
44812
44812
44812
44822
44836
44836
44836
44876
45251
45255
45511
45511
45511
45749
45753
45960
46330
46441
46471
46480
46480
46668
46679
46758
46884
46884
46884
46884
46884
46884
46884
46884
46884
46884
46884
47039
47039
47050
47055
47186
47387
47387
47387
47688
47709
