320
320
447
696
1132
1567
1567
1567
1569
1569
2020
2034
2989
2989
3783
5098
6028
6028
6028
6028
6028
6843
7154
8025
8054
8054
8221
8231
8231
8231
8238
8307
8307
8511
8511
8808
8821
9081
9196
9508
9508
9819
10078
10340
10444
10444
10444
10444
10444
10444
10532
10652
10652
10652
11381
11464
11651
11680
11927
11951
12381
12381
12381
13060
13772
13774
13774
13774
14619
14809
15177
15178
15178
15178
15178
15178
15178
15178
15179
15182
15257
15929
17377
18506
18506
18526
19304
19838
20295
20630
20828
20831
21036
21480
21957
22138
23595
23596
23960
24147
25468
25468
25905
26411
26991
26996
27196
27533
27533
28567
28657
29698
29933
30982
31003
31011
31461
31461
31614
32055
32311
32350
32373
32779
33125
33125
33275
33749
34065
34108
34258
34889
35648
35655
35775
37107
37107
37107
37107
37107
37457
37457
37680
37738
38236
38236
38284
38486
39621
39751
40017
40156
40173
41340
42102
42686
42767
42794
42794
43174
43174
43495
44092
44094
44282
44432
44730
45272
45275
46202
46809
46884
47781
