15
440
440
444
899
1725
1725
1726
1967
2305
2305
2305
2305
2332
2332
3429
3831
4833
4833
4833
5078
5539
6054
6058
7251
7579
8136
8203
8204
8204
8386
8511
8788
9349
9349
9538
10678
10812
10812
10812
12487
12487
12574
12574
12574
12575
12871
13081
14063
14063
14063
14225
14225
14422
15283
15913
15913
16406
16484
16484
16484
16484
17295
17403
17764
18061
18061
18061
18240
19662
19673
19754
19754
19754
19754
19836
20435
20734
20910
21153
21153
21153
22070
23024
23422
23439
23944
24213
24213
24747
24797
24993
25104
25468
25609
26179
26179
26179
26525
26548
26662
26953
26953
27080
27080
27080
27084
27087
27274
27278
27278
27278
27278
27343
27343
27343
27472
27593
27593
27593
27593
27593
28060
28448
29186
29186
30678
30722
31003
31053
31228
31228
31242
31247
31249
31249
31391
31623
31623
31623
31623
31623
32276
32622
32717
33158
33158
33158
33158
33592
33626
33626
33648
33830
34201
34258
35922
36067
36320
36395
36395
36680
37107
37108
37109
37643
37643
37643
37643
37654
37654
37654
37654
37866
37866
38279
38297
38297
38297
39080
39584
39584
39584
39584
39584
39584
39585
39846
40045
40429
40507
40546
40546
40664
41029
41525
41525
42167
42167
42167
42167
42167
42167
42167
42167
42167
42167
42177
42565
42650
42650
42687
43035
43082
43082
43174
43636
43636
43801
43801
43801
44836
46424
46472
46801
46884
46884
46884
46884
46884
46884
46884
46884
46884
46896
47118
47237
47368
47531
47531
47531
47531
