320
440
440
444
444
447
462
463
463
747
749
1578
1680
1858
1967
2030
2030
2030
2077
2079
2080
2241
2264
2332
2560
2569
3077
3694
3831
4994
5101
5115
5296
5307
5332
5332
5413
6057
6057
6057
6407
6407
6416
6416
6513
6550
6561
6717
6840
6898
6905
7154
7188
7188
7454
7454
7579
7649
8279
8303
8303
8303
8307
8307
8308
8451
8509
8509
8511
8611
8634
8670
9277
9277
9277
9470
9470
9483
9508
9508
9508
9508
9508
9508
9519
9827
10021
10144
10334
10369
10472
10678
10678
10793
10797
11020
11278
11404
12145
12646
13088
13092
13102
13340
13340
13523
13852
13852
13915
13915
14147
14147
14396
14606
15188
15384
15850
15934
15999
16484
16657
16657
16679
16731
16735
16735
16830
16830
16839
16934
17037
17037
17099
17266
17328
17344
17344
17344
17656
18061
18207
18207
18300
19072
19238
19647
19647
19746
20295
20381
20381
20381
20413
20723
20909
20991
21032
21146
21358
21358
21358
21358
21358
21358
21358
21358
21359
21558
21559
21573
21573
21573
21573
21573
21573
21573
21573
21574
21574
21574
21574
21840
22012
22038
22041
22182
22751
22790
22808
22808
22943
22943
23829
23836
23916
23963
24034
24034
24057
24236
24236
24236
24236
24271
24507
24507
24532
24562
24614
24614
24620
24706
24744
24875
24875
25581
25616
25697
25820
26179
26384
26384
26947
27322
28060
28693
29306
29387
29701
29769
29769
30020
30020
30053
30054
30140
30140
30314
31017
31026
31289
31461
31461
31461
31461
31480
31624
31624
31861
32055
32173
32373
32576
32734
33043
33104
33114
33114
33114
33125
33593
33607
33607
33607
33607
33607
33607
33607
33613
33616
33616
33642
33749
34258
34411
34569
34720
34771
35677
35829
35888
35910
35947
35967
36261
36267
36320
36332
36332
36332
36332
36888
36891
36896
36901
37081
37107
37107
37107
37107
37107
37107
37416
37882
37882
37940
37940
37971
38267
38267
38283
38440
38440
38778
39013
39013
39055
39055
39121
39141
39141
39141
39141
39141
39390
40021
40021
40429
40429
40429
40654
40667
40713
41042
41407
41521
41525
41525
41614
41752
41895
41895
41985
41985
41996
42013
42103
42220
42444
42444
42978
42996
43082
43083
43133
43174
43272
43669
43681
43681
44432
44531
44617
44864
44864
44867
44868
44868
45155
45155
45291
45386
45732
45749
46085
46202
46798
46799
46884
47055
47259
47375
