133
142
271
278
673
801
897
897
897
899
899
903
903
903
903
905
944
1077
1189
1189
1280
1315
1315
1324
1324
1340
1340
1346
1346
1346
1364
1392
1606
1763
1763
1971
1982
2279
2342
2389
2601
2620
2957
2957
3077
3120
3249
3488
3488
3694
3695
3897
3919
3919
4012
4049
4487
4776
4833
4912
5186
5186
5186
5186
5186
5186
5191
5295
5295
5295
5295
5295
5296
5368
5460
5460
5460
5460
5460
5633
5881
5978
6001
6062
6082
6082
6407
6407
6407
6407
6787
6787
6787
6787
6846
6884
6885
7044
7099
7579
7588
7649
8136
8136
8143
8146
8146
8146
8228
8230
8238
8238
8238
8238
8245
8450
8575
8624
8631
8631
8668
8777
8920
9109
9207
9207
9207
9207
9207
9207
9207
9411
9504
9504
9504
9788
9931
10136
10142
10143
10190
10190
10190
10190
10190
10190
10190
10504
10559
10559
10559
10559
10559
10559
10562
10569
10597
10668
10922
10922
10962
11000
11000
11419
11651
12036
12393
13028
13219
13360
13484
13486
13488
13797
13852
13872
14021
14021
14158
14397
14397
14531
14606
14606
14606
14640
14647
14701
14840
14916
15059
15059
15211
15224
15256
15392
15607
16206
16512
16586
16602
16917
16920
16920
17060
17490
17611
17750
17985
18002
18061
18971
19940
20074
20224
20251
20251
20295
20577
20809
20870
21151
21183
21229
21230
21234
21283
21649
22064
22253
22253
22265
22689
22689
22998
23287
23408
23581
23705
23705
23705
23705
23722
23722
23736
23836
23881
23921
23944
23944
23944
24023
24096
24096
24100
24100
24101
24169
24169
24169
24179
24196
24614
24614
24614
24685
24993
24993
24993
25108
25158
25468
25477
25477
25503
25609
25611
25701
25820
25820
25911
25911
25911
25911
26036
26179
26179
26179
26179
26179
26201
26356
26356
26363
26384
26523
26526
26526
26526
26597
26909
26909
26909
27080
27131
27441
27697
27697
27770
27771
27807
27836
27836
28173
28265
28408
28424
28465
28604
28604
28604
28693
29148
29172
29196
29306
29306
29306
29387
29539
29575
29575
29689
29878
29878
29878
29878
29878
30095
30095
30101
30198
30976
30976
30976
30976
30976
31003
31003
31057
31057
31057
31057
31076
31468
31504
31763
31834
32076
32080
32352
32576
32595
32597
33158
33246
33246
33246
33258
33261
33261
33274
33522
33522
33642
33919
33919
33919
34566
34656
34769
34770
35037
35037
35037
35037
35037
35037
35037
35037
35037
35037
35037
35037
35042
35166
35207
35306
35307
35410
35410
35418
35418
35605
35605
35838
36170
36757
36888
36888
36896
36896
36896
36950
37107
37416
37420
37939
38290
38407
38954
38959
39055
39080
39080
39080
39080
39724
39928
39960
39970
40035
40109
40134
40211
40364
40523
41347
41529
41560
41644
41979
41990
42010
42013
42016
42470
42650
42650
42650
42685
42685
42685
42685
42686
42749
42766
42960
43255
43279
43398
43398
43888
44001
44094
44812
44812
44812
44812
44812
44812
44812
44812
44874
44877
45008
45386
45669
45870
45960
45964
45966
46152
46330
46433
46433
46433
46441
46637
46884
46884
46884
46884
46884
47039
47039
47039
47055
47246
47534
