74
74
74
142
271
279
323
440
471
778
902
903
1189
1324
1460
1460
1563
1969
2118
2118
2492
2493
2715
2906
3555
3597
3831
4560
5186
5186
5186
5186
5186
5186
5508
5763
6035
6082
6082
6082
6363
6568
6755
6885
6898
6905
6905
7461
7479
7480
8136
8146
8162
8245
8450
8450
8450
8509
8708
8777
8777
8788
8860
8880
8985
8986
8987
9411
9468
9470
9470
9504
9893
9893
9896
9896
10190
10559
10559
10559
10559
10578
10665
10666
10694
10851
10861
10922
10923
10962
11020
11076
11301
11418
11593
11781
11950
11950
11955
12304
12401
12456
12467
13301
13488
13488
13488
13943
14215
14396
14396
14531
14531
14531
14606
14606
14620
14640
14649
14868
15059
15063
15198
15212
15243
15256
15256
15293
15392
15458
15484
15532
15841
15905
15910
15913
15922
15922
15922
15922
15924
16202
16480
16481
16648
16765
16830
16920
16920
17496
17545
17945
17976
17985
18061
18061
18061
18061
18061
18279
18279
18526
18526
18526
18526
18842
18842
19174
19453
19453
19950
19950
19996
20114
20251
20251
20910
20992
21230
21241
21583
21753
21851
22395
22845
22903
22903
22998
23024
23187
23408
23705
23705
23705
23705
23705
23705
23705
23705
23705
23705
23944
24614
24614
24614
24685
24685
24685
24746
24782
24782
24793
24975
24993
25143
25468
25468
25609
25622
25820
25905
25911
26179
26179
26179
26179
26179
26201
26462
26662
26662
26845
27022
27080
27080
27084
27106
27349
27533
27580
27618
27807
27807
27836
28142
28424
28467
28657
28657
28657
29237
29237
29306
29689
29878
29878
29878
29933
29985
29985
30096
30163
30178
30279
30806
30806
30976
30976
31003
31017
31057
31057
31057
31057
31057
31057
31228
31461
31468
31522
31526
31763
31811
32257
32352
32373
32576
32596
32732
32932
32988
33051
33064
33380
33380
33594
34057
34079
34079
34150
34150
34183
34532
34532
34532
34557
34713
34759
34885
34885
35037
35136
35407
35652
35741
36332
37107
37107
37107
37107
37107
37107
37364
37416
37420
37587
37837
37866
37939
38407
38778
38961
39080
39724
39963
40523
40531
40664
40794
40962
41343
41343
41347
41347
41525
41525
41525
41525
41895
41992
42016
42016
42016
42016
42016
42016
42016
42337
42559
42565
42649
42650
42650
42650
42687
42687
42687
42788
42790
42794
42960
42960
42960
42978
43082
43082
43117
43117
43255
43888
43888
44022
44812
45236
45960
45966
46152
46159
46202
46204
46419
46433
46614
46668
46712
46884
46884
46902
46935
47186
47377
47543
47660
47660
