279
444
444
444
444
444
897
1065
1340
1340
1971
2389
2390
2492
2494
2603
3694
3775
4186
6352
7251
8245
8563
8985
9151
9411
10458
10458
10682
11651
12467
12977
12977
13992
14531
14531
14615
14781
15056
15059
15059
15059
15059
15059
15211
16004
16920
18061
18079
21001
21002
21002
22998
22998
23422
23944
24358
24381
24944
26411
26621
27080
27080
27478
27697
28492
28613
28666
28903
29306
29506
29693
29693
30976
31025
31533
31533
33158
33158
34537
35622
36891
37107
37854
38296
40574
41142
41187
41189
42686
42686
42767
43082
43148
43850
44022
44094
44282
44422
44812
44836
44878
44883
45123
45669
45944
45960
46154
46641
46884
46884
47039
