200
440
458
499
526
526
622
703
852
1392
1418
1418
1563
1638
1763
2032
2033
2241
2332
2448
2492
2492
2492
2493
2493
2595
2595
2741
2741
2851
2884
2890
3101
3175
3473
3487
3487
3490
3694
3858
3892
4983
5368
5539
5539
5539
5539
5543
5761
5767
5817
5817
5817
5955
6082
6140
6538
6959
7176
7176
7176
7177
7280
7570
7570
7570
7649
7810
8281
8342
8439
8469
8470
9349
9470
9478
9801
9801
9889
9889
9911
9912
9912
9912
10143
10192
10192
10201
10201
10201
10201
10201
10340
10368
10369
10559
10559
10597
11136
11311
11462
11531
11531
11777
11787
12279
12463
12485
12485
12487
12560
12871
12973
13065
13107
13301
13301
13302
13307
13360
13558
13564
13696
13961
14034
14242
14242
14396
14606
14615
14647
14647
14744
14869
14917
14943
14960
14978
15063
15063
15177
15286
15349
15349
15458
15913
15913
16481
16687
17060
17098
17098
17108
17108
17108
17108
17108
17113
17113
17113
17113
17113
17113
17113
17114
17114
17114
17114
17372
17484
17496
17611
17700
17873
17878
17985
18061
18061
18061
18061
18061
18061
18079
18279
18469
18469
18526
18880
19075
19238
19238
19273
19273
19453
19459
19973
19973
19987
19996
20246
20250
20662
21044
21145
21146
21146
21146
21148
21153
21195
21716
21744
22179
22422
22422
22783
22955
23025
23025
23025
23025
23881
23909
23914
23944
23944
24594
24757
24757
24757
24975
25036
25158
25311
25468
25609
25609
25609
25820
25820
25820
26384
26461
26581
26939
27057
27232
27372
27472
27472
27472
27528
27615
27615
27683
28043
28266
28424
28424
28425
28434
28434
28434
28434
28434
28613
28613
28613
28693
29239
29387
29387
29391
29878
29878
29878
29878
29937
30398
30717
30720
30720
30859
30941
30941
30941
30941
31003
31176
31197
31228
31401
31401
31401
31442
31489
31951
32111
32143
32144
32165
32181
32373
32466
32469
32540
32598
32692
33124
33133
33156
33156
33156
33156
33156
33156
33156
33158
33215
33322
33322
33372
33413
33641
33653
33740
33846
34257
34258
34258
34259
34338
34338
34339
34418
34474
34474
34528
34528
34528
34545
34557
34585
34714
34823
34968
35236
35407
35648
35652
35734
35734
36103
36138
36360
36457
36463
36639
36836
37092
37107
37107
37107
37107
37107
37223
37422
37554
37554
37554
37554
37554
37554
37554
37554
37554
37554
37554
37554
37554
37554
37570
37570
37570
37570
37570
37570
37570
37570
37570
37570
37570
37570
37570
37570
37570
37570
37570
37570
37683
37866
37928
37931
37931
37939
38200
38201
38267
38305
38345
38345
38960
39037
39055
39152
39153
39184
39422
39599
39970
39970
39970
39970
39978
40175
40507
40507
40507
40507
40547
40547
40547
40644
40655
40943
41004
41067
41067
41148
41520
41520
41520
41525
41525
41529
41628
41657
41781
42211
42215
42215
42226
42255
42293
42686
42687
43082
43291
43357
43357
43357
43357
43416
43632
43818
44009
44520
44730
44822
44876
45075
45145
45272
45275
45291
45291
45341
45380
45725
46330
46330
46415
46415
46521
46576
46638
46713
46728
46758
46874
46935
47023
47023
47023
47023
47023
47096
47377
47543
47543
