279
279
279
279
390
473
482
661
703
749
962
1090
1315
1346
1370
1370
1370
1392
1416
1510
1552
1969
2144
2243
2332
2360
2491
2492
2492
2592
2990
2990
3062
3062
3066
3066
3077
3683
3764
3785
3832
4309
4309
4496
4496
4746
4857
4857
4881
4929
4988
5912
6035
6035
6082
6082
6082
6082
6251
6251
6251
6291
6352
6352
6407
6786
6959
6960
6960
7166
7176
7176
7177
7579
7579
8025
8511
8558
8767
8985
8985
10409
10504
10504
10516
10520
10856
10906
11136
11464
11567
11570
11629
11629
11663
12629
12634
13121
13696
13744
13839
13852
13961
14063
14063
14066
14243
14351
14353
14507
14604
14608
14620
14647
14649
14911
14946
14946
14947
14948
14948
15211
15349
15349
15384
15673
15673
15673
15673
15905
16004
16004
16062
16137
16316
16594
16635
16648
16673
16673
16687
16898
16934
16936
17484
17605
17605
17611
18061
18061
18079
18575
19286
19286
19286
19286
19286
19286
19286
19286
19286
19286
19286
19286
19286
19647
19996
19996
19996
20192
20192
20192
20202
20202
20250
20250
20250
20295
20295
20909
20975
21039
21143
21145
21146
21194
21198
21199
21199
21403
21404
21558
21851
22179
22491
22783
22783
23024
23024
23330
23944
23960
23960
23960
23992
24096
24169
24213
24559
24575
24575
24614
24676
24676
24875
25002
25266
25468
25468
25705
25710
25905
26053
26053
26095
26122
26179
26425
26576
26576
26576
26576
26576
26576
26576
26576
26576
26576
26576
26900
27080
27226
27445
27472
27533
28060
28266
28425
28434
28508
28508
28508
28508
28508
28508
28508
29300
29306
29391
29698
29751
29785
29878
30279
30440
30933
30941
30941
30941
30941
30941
30941
30941
30941
31042
31530
31530
31537
32087
32301
32467
32861
32958
33102
33387
33387
33727
33727
34057
34079
34343
34770
34784
35059
35343
35343
35648
35648
35738
35773
35773
35844
35905
35967
36291
36400
36930
37866
37940
38290
38325
38345
38476
38660
38778
38894
39013
39037
39759
39761
39772
39958
39970
39978
39990
40045
40351
40351
40351
40351
40437
40507
40578
40723
40875
40974
41036
41311
41525
41525
41525
41525
41525
41525
41527
41531
41533
41580
41632
41911
41979
42322
42686
42687
42775
42960
42960
42978
42978
43018
43018
43117
43326
43499
43499
43737
43828
44094
44348
44691
44832
44832
44843
44843
45012
45142
45715
45716
45749
45749
45949
46204
46204
46433
46433
46433
46441
46441
46441
46450
46884
47186
47186
47204
47255
47260
47262
47263
47531
47531
