74
142
200
320
373
662
662
899
903
903
927
927
950
1253
1346
1763
1763
1763
1763
2144
2264
2267
2492
2731
2907
2957
2957
3077
3077
3077
3077
3077
3113
3113
3328
3421
3498
3498
3597
3689
3792
4013
4013
4045
4049
4049
4186
4862
5107
5186
5186
5186
5186
5186
5186
5186
5186
5186
5186
5186
5186
5186
5186
5186
5295
5295
5881
5885
5989
6001
6054
6054
6054
6060
6082
6082
6170
6407
6717
6717
6717
6717
6717
6717
6717
6717
6717
6717
6717
6717
6717
6786
6787
6846
6853
6867
6898
6898
6898
7251
7411
7433
7435
7435
7435
7435
7579
7708
8011
8136
8162
8219
8245
8384
8591
8631
8788
8985
8988
9022
9207
9207
9207
9214
9470
9470
9470
10143
10190
10190
10253
10334
10337
10444
10504
10550
10559
10559
10559
10599
10665
10678
10776
10922
10962
10993
10998
11030
11065
11065
11221
11336
11337
11593
12184
12487
12771
13060
13212
13486
13486
13486
13488
13488
13488
13488
13488
13488
13492
13711
13852
14531
14531
14531
14531
14531
14531
14606
14606
14916
15394
15394
15395
15685
15840
15922
15925
15925
16001
16004
16004
16062
16512
16578
16578
16595
16687
16901
17037
17208
17211
17267
17484
17611
17611
17620
17753
17753
17757
17945
17945
18061
18061
18324
18374
18460
18475
18718
18764
18870
19003
19385
19946
19996
19996
19996
20295
20295
20364
20435
20435
20577
21143
21146
21241
21859
22022
22689
22689
23199
23287
23568
23705
23705
23705
23705
23705
23705
23705
23705
23705
23705
23705
23705
23705
23722
23722
24023
24096
24098
24100
24165
24179
24179
24386
24436
24483
24483
24489
24620
24676
24793
24816
24975
25101
25158
25468
25468
25468
25606
25859
26179
26179
26179
26358
26525
26991
27084
27528
27528
27768
27768
27807
28060
28304
28467
28693
28790
28839
28903
28953
29125
29630
29878
29878
30055
30314
30976
30976
30976
30976
30980
31031
31031
31057
31057
31057
31057
31057
31057
31057
31057
31061
31461
31468
31480
31480
31480
31480
31480
31480
31480
31480
31480
31480
31480
31480
31480
32055
32055
32055
32090
32311
32311
32352
32352
32352
32373
32391
32391
32401
32596
33064
33380
33495
33749
33749
33749
33749
33749
33749
33749
33912
34183
34513
34679
34769
35037
35037
35118
35119
35165
35166
35166
35166
35339
36393
36410
37107
37107
37107
37107
37416
37416
37416
37420
37625
37837
37837
37837
37866
37866
37866
37920
37928
37945
37945
38167
38167
38266
38325
38345
38407
38407
38407
38407
38407
38786
38798
39013
39121
39157
39157
40151
40364
40427
40429
40480
40490
40581
40723
40844
40844
41002
41004
41273
41342
41345
41391
41525
41525
41530
41533
41621
41979
42016
42330
42337
42685
42685
42749
42777
42777
42960
43082
43082
43082
43100
43117
43133
43255
43301
43326
43334
43893
44255
44332
44601
44812
44812
44812
45231
45732
45732
45791
45960
45960
45960
45960
45960
45960
45960
45960
45960
45960
45960
45960
45960
45960
45960
45960
45960
45963
45963
45964
46310
46441
46453
46668
46781
46884
46884
46884
47023
47039
47053
47053
47540
47605
47605
