320
444
820
1346
1763
2144
2144
3597
4154
4519
5118
5295
5295
5295
5296
5368
5741
6056
6758
6898
6917
7563
7649
7649
7649
7801
7801
7801
7801
7801
7801
7809
7809
8162
8317
8990
9478
10192
10192
10504
10504
10504
10516
10559
10996
11468
11790
12906
13088
13112
13502
13502
13502
13721
13721
13852
13915
13915
13915
14021
14640
14960
15836
16004
16657
16934
17037
17060
17344
17344
17344
17344
17346
17493
17493
17495
18061
18061
18278
18313
18313
18313
18372
18372
18372
20250
20250
20250
20295
21326
21944
23287
23915
23944
23944
23946
23951
24236
24358
24358
24380
24406
24793
25004
25004
25111
25150
25158
25468
25468
25609
25924
26461
27107
27289
27462
27978
28060
28266
28266
28266
28285
29949
30020
30820
31003
31533
31533
31533
31737
32091
32101
32732
32732
32732
33124
33192
34183
34418
34585
34823
34823
34823
34962
35375
35488
35526
35526
35526
35621
35741
36179
37107
37107
37107
37927
38305
39055
39055
39690
39690
39839
39839
39839
41363
41424
42105
42352
42794
42794
42960
43117
44282
46001
46202
46387
46565
46614
46675
46884
46939
47055
47055
47055
47531
