57
127
154
271
271
671
700
1453
1502
1519
1575
1645
1645
2125
2264
2321
2321
2547
3077
3077
3077
3143
3143
3694
3695
3827
3831
3831
3831
3831
3835
4013
4049
4084
4157
4845
5107
5186
5186
5186
5186
5186
5186
5307
5307
5368
5368
5539
5620
5881
5996
6058
6082
6082
6106
6363
6787
6861
6999
7145
7552
7730
7864
8031
8105
8107
8205
8208
8238
8777
8777
8960
8982
8988
9021
9043
9069
9372
9428
9470
9470
9482
9710
9710
9723
9801
9815
10190
10190
10259
10323
10331
10334
10504
10559
10559
10559
10559
10559
10569
10666
10666
10678
10678
10702
10816
10852
10962
10962
11020
11020
11020
11020
11020
11022
11022
11344
11344
11359
11437
11651
11651
11777
11848
11989
12401
12487
12781
13121
13212
13212
13216
13486
13488
13488
13488
13494
13494
13495
13496
13696
13753
13779
13779
13839
14021
14063
14063
14350
14380
14531
14531
14620
14620
14648
15032
15177
15254
15256
15319
16031
16424
16484
16508
16512
16512
16673
16813
17060
17167
17208
17437
17481
17484
17750
17753
17757
18061
18061
18061
18061
18061
18061
18061
18278
18278
18472
18480
18898
18944
19432
19940
20077
20078
20295
20364
20734
20735
20735
20838
20838
20868
20869
21010
21201
21240
21281
21525
21944
22147
22165
22253
22838
22908
22998
23422
23705
23705
23705
23836
23921
23944
23960
24028
24049
24100
24169
24169
24169
24169
24169
24179
24213
24213
24236
24504
24552
24559
24588
24614
24793
24799
25002
25044
25106
25106
25468
25570
25580
25606
25606
25609
25616
25820
25820
25820
25820
25820
25840
25911
26125
26179
26182
26201
26356
26356
26358
26363
26363
26461
26909
26909
26953
27080
27084
27106
27472
27807
28060
28285
28408
28408
28424
28482
28613
28693
29196
29306
29306
29306
29306
29306
29391
29588
29689
29693
29705
29878
29878
30012
30053
30055
30060
30279
30387
30720
30720
30790
30886
30976
30976
31003
31003
31003
31031
31057
31057
31057
31102
31155
31461
31468
31533
31603
31829
32352
32373
32373
32373
32378
32378
32576
32597
32732
32897
33106
33125
33158
33229
33449
33449
33450
33450
33450
33450
33924
34143
34418
34532
34532
34567
34575
34696
34696
34732
34840
34962
35036
35037
35037
35037
35037
35039
35076
35190
35201
35201
35315
35387
35410
35450
35606
35606
35672
35676
35742
35891
35891
35915
35967
35967
35967
36068
36068
36320
36400
36400
36586
36896
36896
37484
37643
37643
37648
37649
37649
37654
37654
37654
37837
37837
37920
37940
37940
38230
38297
38447
39055
39056
39080
39380
39584
39751
39754
39754
40369
40429
40543
40644
40723
40966
41036
41204
41204
41527
41531
41979
41979
41979
41996
42109
42559
42650
42793
42794
42794
42819
42876
42960
42960
42960
42960
42978
43006
43100
43117
43186
43398
43642
43642
43776
43879
43894
44094
44812
44819
44836
45304
45425
45749
45915
45940
45960
45960
45960
45960
45960
45960
45960
45960
45961
45961
45961
45961
45963
45966
46089
46202
46439
46596
46884
46884
46884
46884
46902
47023
47039
47055
47055
47062
47177
47183
47237
47265
47364
47364
47543
47543
47543
47571
