868
899
1149
1324
1346
1346
1346
1346
1451
1564
2738
2993
3273
3273
3792
4245
4817
5658
5989
5989
6001
6055
6082
6170
6307
6744
6876
7649
7664
7801
7801
7810
8133
8204
8230
8233
8563
8563
8699
8703
8777
8805
8805
8865
9001
9428
9478
9710
10559
10559
10559
10559
10559
10628
10797
11278
11278
11279
11468
13202
13212
13212
13212
13219
13219
13349
13414
13486
13486
13655
13664
13721
13852
13915
13915
13955
14148
14380
14539
14606
14640
14640
14746
15579
15662
16004
16578
16600
16657
16735
17044
17208
17209
18057
18061
18061
18061
18061
18300
18300
18300
18300
18300
18313
18517
19453
19662
20364
20364
20909
21143
21339
21339
21339
21339
21494
21569
21727
22570
22579
22790
22998
23024
23921
24028
24049
24100
24228
24236
24262
24358
24358
24406
24427
24658
24658
24875
25177
25602
25606
25756
25756
25756
25820
26173
26363
26411
27076
27076
27076
27076
27080
28298
28386
28424
28613
28613
28613
28613
28613
28693
29233
29582
29630
29878
30139
30489
30678
30692
31031
31057
31057
31057
31057
31350
31468
31471
32080
32081
32081
32091
32121
32180
32182
32286
32352
32373
32414
32490
32501
32732
32732
32843
33124
33125
33158
33175
33177
33189
33289
33380
33387
33387
33525
33525
33525
33527
33712
33712
33712
33712
33712
33712
34104
35159
35162
35162
35162
35526
35526
35527
35527
35737
35886
35971
35971
36027
36043
37229
37532
37683
37816
37816
37822
37837
37883
37883
38325
38476
38476
38803
38850
39055
39294
39621
39631
39631
39690
39751
39912
39912
39917
39919
39919
39965
40437
40739
41042
41212
41311
41407
41662
41662
41752
42261
42427
42821
43117
43339
43505
43523
43523
43776
44822
45272
45960
45960
45960
45964
46452
46884
46884
46884
47186
47237
47246
47531
47543
