321
748
902
903
903
1346
1346
1816
1964
1969
1982
2493
2494
2591
2999
3102
3143
3831
4013
4049
4550
4858
5186
5186
5186
5186
5186
5186
5186
5186
5186
5186
5186
5186
5192
5413
5460
6073
6082
6098
6407
6407
6884
7070
7280
7435
7579
7579
7588
7633
8146
8162
8162
8208
8238
8245
8355
8511
8892
9008
9035
9043
9106
9207
9207
9349
9403
10504
10516
10666
10666
10678
10812
11020
11030
11319
11381
11468
11651
11862
11951
11998
12249
12306
12467
12467
13219
13444
13486
13486
13486
13486
13486
13488
13488
13488
13961
14531
14531
14531
14531
14531
14531
14548
14560
14606
14659
14917
15209
15314
15667
15723
15913
15922
16004
16578
16961
17611
17611
17985
18269
18278
18466
18518
18944
18944
18946
18946
18947
18982
20251
20341
20364
20364
20613
20667
20670
21153
21241
21363
21900
21900
21903
21940
21940
21944
22253
22253
22370
23024
23024
23287
23422
23501
23705
23705
23722
23915
23963
24165
24169
24173
24372
24516
24676
24875
25048
25048
25235
25616
25616
25616
26125
26179
26179
26596
26909
26909
27080
27080
27836
27836
28604
28604
28657
28693
28693
28693
28769
28903
29306
29538
29575
29878
29878
29985
30976
30980
31031
31031
31031
31031
31057
31057
31057
31061
31190
31461
31461
31461
31484
31737
31763
31895
31895
31895
32071
32352
32352
32386
32391
32401
32495
32596
32604
32886
33158
33192
33258
33261
33261
33326
33544
33749
33919
33919
34057
34086
34528
34585
34721
34767
34961
35037
35037
35037
35165
35336
35338
35338
35410
35410
35410
35450
35645
35773
35967
35967
35967
35971
35971
36103
36144
36575
36663
37416
37638
37643
37648
37650
37837
37837
37903
38172
38284
38662
38778
39148
39584
40427
40657
40697
40723
40822
40822
41102
41558
41602
41643
42016
42154
42184
42396
42396
42411
42599
42687
42687
42687
42687
42687
42767
42960
42960
42960
42978
43100
43100
43117
43224
43255
43255
43304
43326
43326
43398
43398
43398
43880
44262
44825
44836
45742
45758
45904
45960
45960
45960
45960
46156
46433
46480
46480
46596
46668
46674
46884
46884
46884
46884
47039
47039
47053
47183
47281
47357
47366
47368
47566
47605
47606
