142
276
379
394
472
510
510
510
551
552
967
967
967
1221
1249
1346
1392
1565
2052
2052
2052
2052
2053
2317
2928
2928
3308
3312
3312
3323
3323
3323
3323
3323
3694
3783
5571
5763
5763
5763
5767
5767
5767
6082
6082
6717
6885
7854
8224
8267
8317
8342
8342
8378
8509
8509
8509
9545
10185
10776
11304
12120
12120
12122
12122
12794
12794
12794
13523
13915
14063
14077
14215
14406
14406
14407
14901
14941
15268
15268
15268
15268
15268
15465
15809
15912
15913
15913
16002
16619
16648
16648
16790
16830
18460
18460
18460
18466
18466
18842
18842
18971
19459
19974
19974
19974
19974
19974
20967
20968
21343
21363
21632
21768
21795
23283
23568
24381
24381
24381
24399
25468
25468
25622
25776
26363
26396
26450
27253
27768
28060
28424
28613
28613
28839
29306
29839
29878
30980
31003
31013
31057
31480
31763
32055
32076
32147
33125
33199
33274
33336
33336
33342
33342
33387
33413
33414
33641
33919
33919
34104
34720
35494
35495
35676
35863
35863
35863
35865
35865
35881
35881
35946
36019
36147
37107
37107
37107
37107
37107
37459
37531
37531
38284
38284
38284
39422
39422
39453
39453
39453
40154
40625
40644
41525
41895
41895
42960
43632
43879
43879
44537
44573
45674
45722
45722
45883
45944
46471
46774
46884
46884
46884
47023
47186
47186
47204
47204
47235
47571
