8
8
133
142
271
271
458
674
897
897
899
899
899
903
903
903
1221
1284
1285
1346
1346
1510
1737
2243
2764
2885
2928
3120
3776
4221
4833
5186
5989
5989
6082
7579
7579
8227
8227
8451
8628
8988
8988
8988
9036
9043
9043
9504
9504
10368
10458
10559
10578
10652
10652
10678
11141
11141
11344
11664
12780
12871
13187
13444
13872
14147
14615
14615
14616
14619
14620
14649
14649
14701
14871
14943
15392
16038
16038
16406
16502
17060
17077
17077
17167
17167
17484
17484
17495
17611
17611
17750
17753
17764
18440
18456
19662
21000
21006
21240
21339
21972
22063
22162
22265
22265
22397
22397
22825
23914
24049
24049
24169
24179
24179
24179
24267
24319
24381
24381
24381
24614
24620
24655
24919
25066
25468
25570
25756
25804
25820
25820
26179
26363
26523
26909
26909
26909
26918
27472
27836
28424
28424
28462
28463
28465
28467
28613
29245
29306
29306
29387
29387
29482
29490
29504
29878
30279
31046
31046
31102
31533
31533
32301
32596
32596
32743
33190
33448
33515
33634
34714
34720
35037
35331
35643
35863
35865
35912
35954
35967
36896
37416
37866
37866
38944
39422
40045
40137
40507
40574
40655
41200
41373
41401
41979
41992
42016
42016
42335
42444
42559
42640
42686
42686
42687
43398
43523
43523
43562
43632
43642
43642
43893
45173
45749
45915
45915
45960
45960
46152
46152
46330
46480
46673
46884
46884
47039
47039
47055
47055
47543
47571
