246
262
279
320
324
324
327
374
374
444
536
696
700
707
852
888
1009
1346
1346
1725
1725
1726
2009
2118
2144
2178
2178
2184
2349
2349
2350
2350
2824
2824
2993
3077
3847
4518
4853
5112
5127
5295
5307
5307
5314
5332
5338
6035
6035
6043
6054
6082
6251
6407
6407
6416
6416
6416
6416
6416
6557
6689
6867
6898
6953
6960
7122
7427
7435
7435
7481
7481
8146
8218
8231
8238
8625
8885
8916
9102
9160
9349
9411
9411
9508
9508
10076
10257
10465
10465
10516
10516
10569
10665
10923
10962
10971
10998
11074
11128
11409
11765
11769
11769
12224
12456
12602
12837
12837
13133
13600
13653
13772
13893
13915
14380
14383
14504
14530
14606
14615
14619
14649
14659
14670
14670
14698
14768
14824
15257
15259
15350
15350
15350
15350
15350
15350
15350
15392
15627
16004
16062
16481
16512
16512
16512
16516
16673
16675
16687
16755
17186
17186
18061
18207
18207
18213
18535
18945
19051
19286
19286
19286
19286
19286
19432
19432
19633
19946
19958
19958
19958
19996
20114
20192
20195
20195
20205
20205
20215
20443
20443
20443
20443
20443
20443
20443
20443
20443
20448
20448
20448
20448
20448
20480
20480
20480
20480
20843
20843
21032
21196
21604
21740
21944
21944
21992
22015
22236
22236
22236
22236
22236
22236
22236
22236
22236
22236
22236
22238
22238
22241
22241
22517
22517
22519
22570
22689
22830
22830
22903
22906
22953
22979
22998
22998
23026
23254
23321
23321
23580
23944
24055
24057
24096
24096
24381
24621
24710
24715
24793
24797
24809
24816
24975
24975
24975
25044
25303
25580
25609
25820
25820
25840
26122
26179
26425
26464
26544
26576
26909
27290
27464
27533
27768
27770
27836
28266
28283
28283
28339
28339
28339
28339
28339
28339
28339
28339
28339
28340
28340
28424
28425
28604
28613
28613
28613
28613
28693
29186
29186
29300
29630
29751
29844
29978
29995
30139
30172
30279
30279
30279
30398
30398
30398
31003
31026
31102
31191
31461
31461
31461
31895
32373
32373
33051
33064
33117
33119
33124
33205
33205
33205
33207
33258
33271
33594
33594
33594
33594
33720
34224
34259
34286
34411
34411
34411
34528
34528
34566
34721
35115
35194
35344
35359
35359
35359
35359
35531
35606
35738
35829
36068
36069
36073
36092
36105
36181
36181
36262
36262
36262
37405
37422
37456
37554
37862
37862
37866
37866
37903
37940
37977
38201
38204
38205
38205
38208
38345
38476
38478
38660
38661
38778
38798
38950
39013
39014
39022
39037
39037
39055
39457
39717
39726
39952
40248
40489
40489
40507
40507
40507
40523
40531
40531
40531
40538
40644
40723
40953
40998
40998
40998
40998
40998
40998
40998
40998
41273
41548
41620
41996
42010
42103
42154
42209
42229
42300
42339
42388
42513
42559
42699
42744
42766
42793
42794
42794
42800
42960
42972
43117
43117
43117
43175
43592
43592
43856
44006
44051
44094
44094
44094
44319
44698
44825
45103
45151
45159
45431
45611
45615
45865
45869
46166
46166
46315
46330
46433
46433
46441
46441
46441
46884
47204
47531
47543
47543
47543
47543
47658
47658
47658
47658
47658
47658
47658
47658
47658
47763
