330
331
447
464
464
464
464
464
510
510
869
1143
1186
1346
1563
1676
2118
2767
2960
2960
2960
2960
2960
2960
2960
2960
2960
2960
2960
2960
3176
3473
3473
3694
3792
3984
3984
4084
4154
4846
4908
4908
5107
5109
5307
5307
5307
5307
5368
5931
5989
6590
6590
6885
7154
7479
7843
8126
8389
8439
9037
9266
9266
9266
9266
9266
9266
9266
9266
9266
9266
9266
9266
9266
9266
9266
9266
9266
9266
9312
9468
9468
9468
9470
9478
9545
9709
9869
9922
10201
10597
10896
11150
11150
11151
11162
11418
11680
11777
12040
12467
12467
13212
13414
13649
13801
13802
13802
13804
13805
14096
14600
14620
14809
15392
15392
15925
16403
16506
16687
16687
17077
17656
17752
17838
17838
17838
17838
17838
17838
17838
18061
18061
18079
18079
18280
18280
18280
18526
18542
18880
19171
19171
19171
19171
19171
19256
19673
20063
20110
20967
21248
21248
21248
21944
21953
22069
22359
22359
22359
22359
22359
22361
22697
22697
22825
23018
23018
23018
23018
23026
23026
23026
23026
23600
23705
24101
24103
24358
24614
24720
24744
24744
24744
24895
25061
25061
25343
25468
25468
25697
26259
26259
26361
26397
27935
27936
27936
28060
28561
28561
28567
28567
28567
28567
28567
28567
28567
28567
28567
28567
28567
28693
30549
31003
32064
32076
32140
33199
33367
33430
33448
33771
33919
34139
34139
34348
34417
34528
34528
34575
34714
34823
35061
35061
35074
35583
35773
35915
36116
36261
36267
36400
36410
36410
36410
36689
36896
37107
37107
37107
37107
37107
37107
37107
37343
37437
37437
37437
37625
37631
37631
37861
37940
38201
38336
38407
38450
38476
38476
38786
39069
39080
39083
39846
40151
40447
40822
41808
41895
41895
41895
41895
41901
41901
41930
41933
42167
42167
42167
42167
42167
42167
42167
42167
42167
42167
42167
42167
42167
42167
42167
42167
42167
42167
42167
42167
42167
42167
42167
42167
42167
42167
42167
42167
42167
42167
42167
42167
42167
42167
42168
42247
42469
42469
42469
42580
42699
42978
43082
43186
43186
43255
43738
43931
43997
45272
45830
45830
46028
46164
46202
46330
46452
46781
46884
47133
47237
47246
47246
47246
