323
440
520
622
747
749
749
778
838
838
838
1199
1324
1346
1346
1370
1370
1434
1460
1502
1620
1674
1725
1725
1763
2009
2017
2017
2017
2077
2356
2360
2362
2731
2761
2989
2993
3077
3694
3764
3831
3919
4350
4435
5295
5295
5307
5307
6043
6057
6082
6082
6082
6282
6282
6282
6363
6364
6407
6419
6424
6517
6558
6676
6676
6738
6758
6867
6867
6899
7239
7461
7476
7540
7540
8146
8162
8181
8279
8342
8342
8342
8342
8342
8342
8342
8342
8400
8633
8708
9036
9157
9470
9470
9470
9470
9470
9483
9483
9765
9765
9896
10479
10504
10504
10504
10504
10678
10851
11020
11278
11301
11418
11633
11633
11664
11664
11777
11951
12304
12381
12704
12755
13060
13765
13961
14147
14178
14326
14396
14396
14606
14615
14620
14640
14649
14659
14851
14917
15063
15112
15188
15188
15198
15209
15212
15465
15495
15495
15636
15636
15673
15740
15841
15864
15875
15894
15913
15913
15913
15924
16004
16062
16409
16480
16505
16578
16595
16595
17060
17098
17098
17378
17496
17535
17607
17611
17611
17753
17767
17767
18061
18061
18061
18061
18061
18061
18061
18206
18250
18523
18526
18526
18526
18558
18764
19004
19288
19453
19453
19453
19453
19950
19996
19996
19996
19996
19996
19996
20011
20011
20023
20192
20212
20771
20771
20771
20771
20771
20876
20876
20877
20878
20909
20910
20992
21241
21583
21753
22179
22455
22537
22783
22790
22838
22903
22903
22998
23944
23944
23944
24244
24244
24244
24381
24381
24614
24614
24614
24614
24685
24782
24793
24816
25002
25101
25101
25108
25468
25468
25468
25468
25609
25820
25820
25927
26179
26201
26290
26290
26290
26463
26845
26855
26855
26855
26913
27106
27152
27247
27250
27290
27441
27472
27472
27528
27533
27533
27533
27693
27693
27770
27836
27914
28180
28180
28300
28424
28425
28492
28604
28604
28657
28657
28693
28719
29624
29698
29698
29698
29708
29789
29878
30096
30163
30178
30573
30720
30722
30722
30731
30806
30806
30866
30941
31003
31078
31094
31094
31228
31228
31228
31228
31228
31228
31247
31247
31249
31249
31443
31443
31461
31461
31461
31526
31609
31631
31811
31811
31977
32139
32350
32352
32373
32684
32732
32991
33064
33258
33274
33274
33274
33274
33445
33449
33616
33624
33633
33633
34150
34532
34532
34713
34714
34719
34759
34866
35103
35136
35230
35407
35534
35866
35967
35967
36262
36262
36444
36444
36924
37033
37033
37033
37107
37107
37107
37107
37107
37107
37107
37107
37308
37364
37416
37457
37457
37457
37531
37587
37866
37903
37920
38267
38305
38345
38345
38347
38714
38764
38778
38961
39055
39390
39759
39805
39808
40366
40531
40697
40697
40697
40723
40822
40880
40962
40971
40972
41052
41142
41382
41525
41525
41525
41527
41530
41840
41985
41992
42559
42565
42650
42790
42960
42960
42960
42960
42978
43326
43339
43592
43639
43888
44337
44590
44864
45201
45717
45722
45722
45758
45865
46052
46052
46419
46433
46572
46573
46573
46614
46668
46668
46712
46884
46922
46956
46956
46956
46956
47055
47108
47133
47186
47186
47375
47531
47543
47543
47543
47571
47617
