447
533
533
1358
1358
1772
1969
1969
2027
2035
2037
2118
2267
2360
2497
2742
3249
3294
3297
3297
3696
3699
3755
4853
5984
5984
5989
5989
5990
6035
6054
6082
6251
6251
6351
6351
6366
6407
6557
6786
8197
8508
8509
8509
8511
8777
8777
8915
8915
8960
9087
9489
9489
9669
9727
10666
12429
12487
12501
12501
12501
12602
13060
13060
13065
13484
14615
15538
15676
16146
16146
16146
16146
16146
16146
16403
16595
16595
16920
16920
16920
16920
17032
17167
17611
17611
17611
17611
17611
17753
18526
18526
18526
18764
19238
19304
19304
19304
19304
19304
19304
19304
19304
19996
20116
20250
20251
20251
20325
20448
20661
21124
21197
21300
21559
21673
21839
22182
22395
22689
22830
22830
22830
22830
22830
22830
22833
22998
23024
23558
23558
23908
23944
23992
24098
24101
24101
24169
24213
24213
24614
24816
24875
24975
24975
25108
25117
25117
25117
25117
25893
25928
26195
26877
27080
27080
27107
27472
27528
27618
27768
27807
28479
28479
28479
28479
28479
28479
28485
28693
28914
29306
29387
29387
29592
29678
29698
29702
29776
29878
29878
30398
31003
31042
31042
31057
31057
32120
32301
32344
32344
32344
32344
32344
32344
32344
32386
32691
33058
33158
33158
33499
33749
33751
33761
34638
34714
34719
34720
34720
34823
34826
34829
34885
35031
35120
35339
35648
35827
35905
35905
35912
36162
36882
37080
37080
37107
37107
37107
37107
37416
37420
37420
37420
37420
37692
37692
37692
37693
38486
38674
38735
38769
38769
38984
39283
39449
39660
39745
39823
39827
39846
40147
40148
40523
40953
41851
41851
41851
41851
41851
41851
41851
41851
42220
42337
42337
42794
42873
42960
42978
43100
43100
43117
43200
43255
44094
45438
45548
45725
46441
46441
46479
46480
46480
46651
46830
46963
47053
47113
47531
47617
