533
534
597
653
747
747
747
747
1346
1620
1697
2082
2275
2466
2585
2585
2592
2852
2885
2928
3444
4642
4651
5225
5225
5471
5473
5568
5568
5763
6082
6535
6843
6898
7280
7507
7614
7614
7614
7614
7772
8231
8231
8231
8231
8231
8231
8231
8231
8231
8231
8231
8231
8231
8231
8231
8231
8231
8231
8231
8231
8232
8232
8232
8232
8245
8245
8245
8245
8245
8245
8245
8250
8250
8525
8526
8739
8777
8777
8777
8777
8777
8918
8959
9194
9295
10143
10143
10143
10150
10261
10812
10812
10969
11137
11601
11769
12869
13107
13212
13263
13416
13625
13729
13737
14025
14147
14418
14659
14659
14711
14938
15210
15823
16402
16406
16512
16512
16512
16512
16512
16579
16579
17296
17484
17517
17615
17838
17937
17962
18058
18300
18460
18929
18929
19436
19836
19843
20154
20251
20251
20251
20251
20251
20251
20251
20251
20360
20577
20577
20758
21241
21241
21254
21259
21642
21642
21768
21957
22074
22147
22361
22416
22998
23705
23705
23705
23705
23705
24526
24744
24975
25620
25665
26179
26270
26411
26525
26525
26526
26923
27107
27107
27606
27771
27771
28020
28266
28570
28750
29186
29186
29186
29387
29609
29698
29701
29878
29985
30139
30140
30143
30717
30755
30976
30976
30980
31057
31128
31461
31461
32352
32743
32743
33173
33181
33183
33211
33749
33751
33751
33752
33771
33771
33771
33771
34646
34646
34785
35335
35335
35339
35645
35645
35645
35645
35655
35655
35696
35775
36236
36618
36678
36783
37209
37654
37903
37903
37933
37977
38172
38172
38172
38302
38305
38478
39484
39846
39846
39849
39970
39978
39978
39978
39978
39978
39978
40351
40351
40441
40655
40803
41383
41685
42322
42444
42919
42919
42919
43100
43133
43133
43152
43398
43398
43936
44092
44254
44254
44254
45291
45415
45681
46012
46414
46414
46576
46840
47037
47063
47135
47366
47423
47424
47425
47679
