15
301
301
301
599
1271
1324
2144
2241
2241
2583
2824
2985
2985
3699
3773
4012
4509
4521
4523
6082
6082
6251
8002
8203
8257
8384
8446
8878
8878
9001
9001
9710
10812
10954
10962
10962
10972
10972
11298
11311
11754
11754
11754
11754
11754
11754
11790
12918
12977
13444
13444
14063
15207
15207
15207
15208
15384
15676
15676
15905
16047
16406
16648
17236
17236
19015
19718
20251
21480
21494
21577
21582
22868
23001
25044
25644
25644
25705
25895
25896
25896
25905
26953
27843
28380
28613
29592
29703
30163
31623
31623
32087
32173
32244
33336
33413
33413
33645
33887
33888
34354
34528
34845
34861
34870
35209
35442
36640
36640
36775
36775
36775
37107
37920
38289
39022
39080
39138
39138
39846
39846
40351
41273
41525
41530
41530
42061
42248
43451
43451
43854
43893
43893
43907
44518
44518
44843
46414
46480
46576
46576
46884
46884
46884
46884
47118
47186
47204
