462
508
520
888
1502
2034
3093
3252
4049
4049
4853
5186
6082
6352
6717
6717
6717
6717
6717
6717
6717
6717
6717
6717
6717
6717
6717
6717
6717
6717
6861
7708
8317
8576
8777
8777
10504
10962
10972
11649
11917
12429
12467
12487
13060
13486
13486
13533
15392
15894
15894
16512
16512
16578
16588
16595
17295
17611
18054
18165
18526
18764
18764
19432
20448
20448
20448
20456
20456
20456
21040
21124
21230
22600
22689
22830
22830
22830
22830
22830
22830
22833
23568
23944
23944
23944
24098
24105
24358
25051
25468
26125
26179
26525
26525
26777
27233
27528
27528
27807
27836
28492
28693
28693
28995
28995
29306
29306
29306
29306
29878
30043
30859
31057
31057
31480
31480
31480
31480
31480
31480
31480
31480
31480
31480
31480
31480
31480
31480
31480
31480
31517
32059
32301
32311
32391
32395
32892
33082
33234
34418
34512
35424
35645
36393
36722
36722
36754
36927
37126
37478
37531
37625
37625
37866
37866
37920
37920
37939
38305
38606
38961
39055
40441
40723
41064
41064
41621
41626
41644
41992
42384
42686
42687
42766
42794
42960
42960
43255
43272
43931
44122
44877
45275
45732
45960
45960
45960
45960
45961
45963
45966
45966
46433
46433
46433
46480
46480
46571
46884
46884
46935
46935
47177
47183
47377
47617
