142
444
447
516
516
516
516
516
519
533
696
696
699
700
749
838
888
888
899
899
903
927
1104
1325
1346
1476
1510
1510
2332
2928
2928
2957
3273
3597
3597
3604
4029
4029
4031
4031
4058
4058
4157
4788
4788
4788
5307
5367
5539
6054
6898
6960
7154
7154
7154
7176
7479
7714
7714
8003
8146
8218
8218
8226
8303
8303
8307
8317
8317
8547
8954
8954
8985
9031
9031
9035
9200
9349
9622
9822
9822
10078
10098
10186
10192
10761
11680
12487
13060
13838
13852
13961
14063
14086
14147
14396
14423
14809
14809
14809
15177
15579
16002
16002
16002
16002
16062
16089
16331
16361
16441
16687
16736
17098
17105
17108
17256
17257
17260
17260
17262
17262
17262
17262
17262
17262
17262
17262
17262
17262
17263
17274
17277
17611
18061
18061
19033
19033
19453
19453
19459
19581
19763
19946
20992
21143
21146
21193
21193
21193
21339
21339
21339
21339
21339
21339
21339
21566
21567
22494
22689
23744
23944
24103
24103
24399
24427
24782
24809
25609
25622
25838
25906
25918
25918
25918
26087
26384
26411
26665
26991
27472
27472
27489
27528
27528
28180
28424
28424
28613
28613
28657
28693
28719
29387
30024
30024
30166
30634
30701
30701
31026
31228
31461
31461
31461
31678
32091
32180
32301
32732
32732
32859
33256
33256
33256
33322
33367
33380
33387
33496
33591
33591
33641
33796
34535
34680
35181
35332
35915
36138
36395
36400
36400
37080
37088
37088
37088
37107
37107
37107
37107
37866
37883
38267
38646
39022
39837
40045
40049
40051
40051
40162
40162
40173
40388
40507
40644
40644
40644
40688
40688
41052
41319
41525
41525
41930
41930
41979
42177
42687
42687
43074
43082
43117
43117
43153
43153
43296
43639
43639
43639
43639
43639
43639
44094
44282
44940
45883
45944
46001
46001
46202
46202
46471
46804
46884
46884
46884
46884
46884
46894
47186
47344
47543
47543
47543
47609
47609
47609
