200
473
510
704
801
888
903
904
1280
1323
1346
1346
1346
1346
1346
1346
1420
1460
1674
2332
2332
2332
2332
2684
2734
2854
3249
3334
3694
3827
3835
3915
4084
4154
4154
4154
4154
4583
4691
4813
4853
5109
5109
5186
5186
5186
5186
5186
5186
5186
5186
5277
5278
5295
5295
5295
5295
5763
5881
5881
5881
5994
6058
6082
6082
6364
6720
6866
7341
7341
7479
7479
7521
7529
7716
8025
8146
8205
8303
8777
8777
8777
8777
9468
9468
9468
9470
9470
9815
9815
10024
10143
10163
10331
10516
10544
10559
10559
10569
10569
10666
10678
10678
10682
10682
10922
10923
10966
11020
11221
11280
11293
11651
11790
11954
12047
12444
12456
12487
12487
12564
12567
12906
12906
12906
12906
12906
12906
12906
12906
13179
13214
13216
13486
13763
13852
14063
14074
14100
14100
14346
14641
15030
15030
15035
15054
15532
15846
15850
16512
16563
16595
16595
16595
16595
16604
16675
16716
16837
16942
17098
17167
17313
17313
17496
17611
17940
17945
17945
17945
17945
17945
17945
18039
18061
18061
18278
18278
18278
18381
19238
19542
19633
19836
20381
20452
20456
20491
21145
21462
22133
22147
22394
22572
22572
22573
22689
22825
22830
22830
22830
22830
22830
22997
23024
23024
23024
23183
23229
23233
23581
23611
23705
23921
23944
24101
24119
24169
24179
24179
24372
24614
24614
24623
24700
25101
25108
25268
25311
25468
25602
25609
25609
25840
25847
25859
26179
26179
26370
26461
26462
26463
26463
26525
26678
26909
27034
27034
27080
27080
27080
27340
27441
27441
27445
27472
27542
27807
27807
28424
28425
28531
28531
28613
28693
28800
28828
28894
29186
29222
29275
29306
29306
29387
29630
29630
29630
29878
29878
30043
30083
30085
30489
30622
30656
30865
30976
31003
31025
31025
31046
31057
31057
31057
31138
31448
31461
31461
31461
31461
31461
31606
32055
32055
32301
32301
32303
32373
32373
32373
32373
32375
32579
33158
33158
33199
33246
33576
34074
34104
34528
34546
34546
34554
34566
34575
34720
34751
35037
35339
35415
35439
36302
37107
37107
37107
37107
37107
37107
37107
37107
37107
37107
37107
37416
37437
37633
37822
37837
37866
37866
37967
38172
38619
38750
38894
39104
39121
39135
39351
39396
39484
39484
39484
39484
39484
39484
39484
39486
39876
39958
39958
39970
40343
40441
40507
40507
40685
40822
40963
40998
41016
41407
41407
41525
41910
42016
42337
42571
42571
42571
42580
42650
42685
42687
42687
42692
42699
42793
42914
42960
42960
42960
42978
43025
43100
43117
43117
43174
43186
43255
43255
43300
43398
43398
43398
43549
43738
43856
43856
44001
44418
44601
45258
45275
45865
45960
45960
46093
46152
46152
46202
46202
46206
46436
46480
46660
46884
46884
46884
46884
46884
46884
46884
46884
46935
46982
47017
47053
47125
47125
47133
47186
47237
47237
47531
47568
47571
47611
47617
47631
47688
