8
279
510
510
749
1284
1340
1346
3077
3077
3597
3755
4140
4414
5277
5413
5575
6287
6287
6363
6387
6524
6727
6786
6842
6885
6898
7570
7570
8011
8029
8030
8162
8303
8303
8563
8611
8878
9001
9001
9007
9007
9008
9008
9207
9349
9411
9411
9420
9420
9420
9420
10143
10143
10630
10793
10892
10962
10962
10966
10972
10998
11136
11745
12584
12750
13344
13350
13769
13852
13852
14021
14021
14063
14717
14717
14717
14897
14946
15263
15268
16002
16062
16687
17098
17945
18061
18079
18456
19453
20251
20251
21143
21744
21840
22689
22825
23705
23705
23722
23768
23914
24236
24258
24295
24614
24875
24875
24875
24875
24975
25044
25044
25106
25557
25584
25584
25622
25699
25702
25859
26259
26259
26259
27349
27472
27472
27472
27472
28613
29391
30095
30398
30404
30406
30406
31025
31057
31228
31461
31461
31461
32091
32091
32091
32181
32279
32352
32467
32596
32732
33083
33215
33215
33215
33215
33215
33223
33355
33380
33633
33648
33749
33749
33749
33749
33749
33749
33749
33919
34079
34104
34183
34239
34586
34769
35117
35407
35418
35450
35505
35886
35915
36126
36329
36377
36384
36384
36400
36775
36841
37107
37107
37389
37389
37390
37399
37422
37457
37461
37554
37554
37570
37883
37940
38284
38284
38284
38290
38290
38290
38290
38290
38290
38290
38290
38290
38407
38437
38480
39751
40021
40051
40175
40337
40822
41521
41525
41527
41979
41985
42184
42187
42571
42670
42671
42671
42686
42686
42960
42960
43082
43117
43398
44341
44822
45173
45324
46032
46330
46479
46614
46614
46614
46673
46772
46884
46884
46884
46884
46984
47133
47531
47531
47543
