279
279
323
323
353
510
536
975
1340
1346
1346
1960
1967
2221
2389
2492
2667
3077
3077
3078
3397
3397
3699
3858
4136
4853
4853
5137
5186
5186
5738
5976
6054
6082
6140
6209
6253
6253
6261
6407
7239
7251
7271
7529
7534
7659
7881
8157
8165
8245
8245
8777
8850
8954
8960
8985
9021
9043
9043
9043
9504
9878
10586
11215
11372
11680
11951
13558
13598
13667
13867
14380
14458
14472
14606
14781
14827
15360
15579
16403
16403
16416
17091
17308
17545
17611
17923
18298
19385
19453
19552
19552
20251
20834
21097
21177
21230
21900
22076
22077
22394
22394
22830
22830
22830
22830
22830
22833
22833
22998
22998
23024
23024
23024
23024
23024
23581
24098
24169
24196
24614
24696
24702
24763
24948
24975
25005
25102
25158
25697
25777
25901
25933
26179
26179
26182
26182
26363
26523
26909
27441
27836
28180
28424
28613
29296
29296
29296
29878
29878
29913
30049
30058
30621
30976
31003
31140
31461
31524
31606
31829
32126
32172
32194
32373
32373
32375
33051
33181
33215
33314
33413
33449
33495
33771
34155
34413
34528
34537
34620
34755
35037
35065
35620
36138
36320
36356
36560
36924
37416
37457
37554
37866
37939
38011
38340
39372
39621
39751
39751
39755
40228
40429
40891
41091
41189
41190
41192
41192
41271
41558
41597
41918
41979
41979
42277
42444
42477
42644
42650
42685
42767
42777
42826
42841
42960
43097
43255
43530
44700
44716
44878
45230
45285
45341
45491
45732
45832
46154
46249
46330
46330
46353
46414
46464
46596
46830
46884
46884
47023
47053
47177
47368
47594
