373
391
510
510
903
910
962
963
963
965
1340
1370
2039
2077
2137
2243
2332
2488
2772
3143
3597
3597
3730
4654
4853
4917
5160
5160
5186
5186
5186
5186
5186
5186
5186
5186
5307
5307
5307
5307
5307
5307
5568
5739
5763
5767
5767
5803
5803
5817
5817
5817
5821
6082
6082
6163
6163
6163
6231
6557
6557
6840
6947
7154
7185
7454
7708
7979
7979
7979
8011
8906
8985
10144
10201
10516
10996
12487
12687
12780
13130
13839
13852
14147
14421
14530
14531
14531
14612
14612
14752
14752
14809
14943
15011
15177
15415
15418
15418
15418
15418
15418
15418
15420
15590
15620
15850
15905
15913
15922
16004
16362
16402
16406
16424
16424
16487
16595
16993
17060
17060
17060
17060
17060
17490
17945
17945
17945
17976
18054
18061
18061
18061
18150
18559
19453
20295
21157
21157
21194
21339
21339
21687
22020
22020
22217
22301
22572
22830
22830
22830
22830
23786
23786
23794
23794
23794
23794
23794
23794
23794
24103
24147
24358
25468
25572
25583
25609
25609
25911
25924
25924
26386
26386
26386
26777
26961
26961
27080
27084
27748
27748
27768
27836
28380
28424
28424
28424
28467
28613
28613
28613
28653
28667
28667
28667
28673
28903
28903
28903
28903
28903
28903
28903
28903
29148
29306
29311
29311
29387
29387
29785
30678
31102
32076
32076
32076
32090
32090
32091
32091
32301
32301
32352
32710
32894
33064
33133
33158
33258
33309
33315
33322
33380
33515
33522
33863
33919
34074
34079
34510
35648
35648
35679
35969
36068
36068
36717
36942
37107
37107
37107
37107
37107
37107
37531
37866
37883
37920
38120
38165
38236
38236
38305
38461
38534
38778
39055
39303
39303
39692
39893
39962
40149
40834
40834
40835
40835
40835
41187
41212
41212
41340
41525
41525
41525
41525
41525
41558
41979
41992
42109
42109
42580
42669
42687
42767
42794
43117
43168
43168
43398
43728
43894
43931
43931
44092
44094
44445
44997
45037
45037
45133
45508
45733
45865
46075
46175
46176
46262
46435
46480
46614
46721
46799
46884
46884
47204
47281
47281
47531
47531
47531
47543
47543
47628
