318
510
888
888
899
1280
1340
1763
1982
2075
2075
2075
2075
2076
2077
2077
2077
2079
2080
2088
2682
2993
3298
3498
3708
3719
5989
6054
6098
6098
6251
6291
6291
6364
6407
6407
6407
6407
6407
6738
6738
6738
7298
7411
7411
7579
7729
8197
8389
8509
8558
8807
8859
9372
9385
9385
9411
9470
9470
9489
9489
9489
9492
9693
9941
10144
10504
10583
10776
11181
11181
11181
11183
11183
11344
11344
11383
11402
11457
11567
11586
12467
12871
13060
13852
14188
14188
14606
14606
14620
14649
14659
14659
14746
14746
15113
15188
15209
15262
15262
15349
15662
15855
16047
16406
16481
16595
16673
17611
18252
18456
18853
19286
19304
19432
19453
19453
19454
19996
19996
19996
19996
19996
19996
19996
19996
19996
19996
19996
20055
20105
20192
20192
20295
20480
20480
20764
20764
20788
20788
20869
20877
20878
20878
20878
20878
21080
21293
22455
22631
22845
22857
22979
23024
23351
23367
23581
23944
23992
24145
24236
24338
24338
24338
24338
24338
24338
24338
24338
24338
24338
24338
24614
24614
24908
25044
25145
25156
25156
25697
25905
25905
25905
25956
26003
26179
26425
26432
26461
26461
26634
26678
26678
26678
26939
26964
27232
27441
27530
27533
27533
27815
27815
27815
27815
28060
28425
28613
28800
28894
29245
29245
29247
29306
29698
29698
29698
29698
29698
29698
29698
29698
29701
29878
29878
29912
29933
31046
31461
31689
32467
33034
33272
33275
33642
34258
34585
35118
35307
35307
35307
35382
35410
35486
35498
35498
35645
35733
35740
35740
36140
36140
36888
36896
36896
37107
37107
37107
37107
37107
37107
37107
37107
37107
37107
37866
37939
37971
38165
38201
38222
38268
38268
38345
38353
38683
38706
38792
38890
38890
38890
39037
39037
39055
39324
40051
40137
40156
40184
40194
40194
40194
40822
40828
40974
41297
41530
41799
41799
41895
41979
42250
42548
42548
42548
42649
42766
42767
42767
42777
42960
42960
42960
42978
43100
43117
43148
43174
43174
43313
43559
43639
43894
43931
43942
43942
44001
44590
45121
45233
45234
45850
45850
45850
45850
45850
45869
45883
46072
46436
46441
46479
46830
46830
46830
46830
46884
47053
47055
47135
47135
47204
47204
47265
47368
47516
47516
47531
47531
47531
47539
47543
47543
47543
