279
279
320
440
447
704
736
888
946
1324
1563
2088
2088
2241
2241
2332
2332
3062
3376
3498
3696
3699
3699
3718
3762
3858
4186
4198
4198
4198
4205
4853
4853
5248
5277
5280
5367
5368
5368
5543
5543
5543
5543
5543
5543
5568
5568
5569
5569
5738
5817
5817
5965
6097
6098
6170
6170
6251
6251
6251
6251
6251
6251
6251
6524
6634
6670
6670
6670
6671
6671
6717
7154
7176
7271
7308
7579
7579
7579
7979
8011
8011
8012
8014
8146
8162
8162
8162
8226
8230
8588
9043
9278
9301
9349
9391
9403
9470
9470
9535
9801
9929
9953
9953
10091
10192
10192
10305
10504
10738
10925
11136
11136
11802
12456
12487
12501
12602
12658
12871
12871
12871
12871
13256
13497
13696
14242
14242
14242
14242
14414
14575
14640
14782
14917
14917
14943
15083
15207
15248
15262
15263
15319
15547
15979
16004
16057
16083
16248
16248
16256
16256
16256
16481
16636
16673
16675
16675
16675
16675
16687
16961
17098
17108
17167
17484
17565
17611
18010
18109
18460
18814
19286
19286
19286
19338
20161
20192
20192
20192
20192
20192
20192
20202
20202
20202
20202
20202
20202
20202
20202
20202
20202
20202
20885
20910
21006
21143
21193
21194
21241
21559
21673
21840
21851
22138
22550
22689
22830
22830
22830
22833
22833
22998
23024
23187
23705
23915
23944
23944
23963
24119
24126
24126
24165
24165
24213
24285
24358
24580
24590
24590
24590
24676
24676
24744
24763
24803
24875
25002
25036
25415
25415
25468
25584
25584
25584
25584
26053
26119
26356
26456
26576
27080
27080
27127
27368
27472
27472
27528
27807
27807
27807
28451
28613
28613
28657
28719
28719
28719
28719
28719
28719
28719
28719
28719
28719
28719
28719
28719
28719
28719
28719
28719
28719
28719
28719
28719
29306
29306
29306
29387
29411
29411
29411
29585
29698
29785
29878
29966
29985
30013
30015
30016
30139
30166
30398
30814
31003
31046
31102
31156
31160
31160
31160
31160
31160
31160
31160
31160
31160
31228
31228
31448
31461
31461
31898
31983
32181
32210
32258
32566
33064
33158
33190
33380
33495
33749
33749
33912
33925
34057
34221
34221
34222
34557
34575
34585
34823
34962
35583
35583
35622
35622
35648
35648
35649
35655
35865
36261
36631
36631
36775
36914
36924
37107
37107
37107
37107
37107
37107
37107
37107
37416
37416
37457
37511
37889
37943
38120
38284
38290
38345
38347
38358
38358
38407
38723
38735
39037
39055
39055
39055
39055
39103
39354
39445
39596
39621
39621
39703
40021
40048
40051
40051
40151
40351
40351
40351
40351
40369
40472
40667
40723
40835
40953
41004
41580
41895
41901
41901
42565
42565
42671
42946
43011
43255
43255
43255
43255
43255
43495
43499
43639
43792
43879
43879
43879
43879
43879
43879
43879
43879
43879
43884
43888
43894
44319
44853
45107
45151
45231
45233
45233
45272
45272
45275
45275
45304
45362
45883
46047
46047
46166
46166
46166
46166
46166
46172
46172
46202
46221
46235
46254
46275
46275
46275
46433
46433
46436
46441
46480
46884
46884
46884
46884
46884
47186
47186
47204
47377
47478
47479
47531
47531
47531
47531
47543
47568
47609
