142
271
271
279
440
462
462
462
462
634
778
899
1324
1340
1346
1346
1346
1364
1460
1563
1737
1763
1763
1763
1772
1816
1816
1816
2020
2317
2389
2389
2607
3077
3102
3102
3471
3555
3694
3792
3792
3792
3831
4049
4157
5186
5186
5186
5186
5186
5186
5186
5186
5261
5763
5984
5994
6054
6054
6058
6058
6082
6082
6363
6755
6898
6899
7071
7124
7124
7411
7461
7552
7642
7649
7688
7745
7745
7962
8146
8162
8224
8226
8228
8228
8230
8231
8233
8333
8355
8356
8423
8450
8485
8591
8591
8591
8591
8591
8591
8591
8591
8591
8591
8591
8708
8857
8918
8927
9207
9470
9896
10559
10559
10559
10559
10559
10578
10597
10666
10851
10928
11020
11079
11301
11418
11781
12256
12304
12429
12704
12750
12755
13254
13360
13486
13486
13881
13908
13908
14147
14380
14396
14396
14530
14530
14539
14540
14606
14620
14640
14647
14911
15198
15211
15532
15770
15841
15894
15913
16256
16481
16830
16860
17033
17060
17103
17170
17484
17496
18061
18279
18300
18300
18300
18460
18466
18526
18526
18526
18945
18978
19946
19946
19950
20295
20910
21107
21143
21143
21146
21146
21146
21146
21241
21744
21753
22394
22397
22689
22830
22830
22903
22903
22998
23187
23705
23705
23705
23705
23705
23705
23705
23705
23705
23705
23705
23705
23705
23722
23944
23944
23944
23944
23944
24096
24098
24165
24169
24169
24228
24435
24614
24614
24620
24676
24706
24782
24803
24875
24875
24875
25002
25468
25570
25570
25602
25602
25756
25820
25820
26523
26525
26525
26777
26845
27080
27106
27349
27462
27533
27697
27697
27697
27697
27697
27698
27698
27698
27698
27771
27807
27836
28060
28060
28143
28266
28266
28408
28613
28613
28613
28657
29306
29387
29391
29878
29878
29878
30055
30095
30096
30163
30167
30169
30170
30178
30609
30629
30806
30806
31003
31031
31031
31031
31031
31031
31057
31057
31057
31057
31061
31228
31468
31468
31631
31793
32055
32080
32087
32090
32182
32352
32352
32352
32352
32489
32489
32576
32596
32596
32732
32732
33064
33241
33308
33380
33544
33749
33749
33749
33749
33749
33749
33909
33909
33915
33919
34057
34139
34150
34150
34282
34532
34532
34532
34575
34585
34626
34713
34714
34759
34823
35037
35037
35037
35037
35136
35410
35410
35410
35410
35410
35418
35531
36173
36173
36335
37107
37107
37107
37107
37107
37107
37107
37107
37107
37128
37399
37587
37822
37837
37895
38267
38407
38407
38495
38605
38960
38961
39055
39055
39839
40496
40507
40531
40794
40822
40822
40822
40918
41066
41162
41162
41162
41162
41164
41228
41525
41525
41525
41525
41525
41525
41910
41992
41996
42559
42565
42766
42766
42790
42794
42844
42960
42960
42978
43193
43272
43398
43632
43888
43888
44306
44683
44812
44822
44877
44877
45231
45749
45960
45960
45960
45960
45960
45960
45960
45960
45960
45960
45960
45960
45963
46152
46152
46236
46262
46315
46419
46436
46452
46471
46479
46480
46480
46480
46480
46480
46480
46712
46750
46884
46884
46884
46884
46884
46884
46935
47180
47186
47531
47531
47531
47531
47531
47543
47543
47543
47624
