207
842
1130
1286
1364
1364
1763
1763
2059
2985
2993
2993
3066
3113
3273
4049
4084
4198
4198
4242
4338
4691
4906
4906
5413
5763
5763
6054
6054
6054
6082
6082
6161
6223
6898
6905
7086
7154
7160
7649
7649
7729
7729
7927
8303
8303
8303
8307
8910
8910
9390
9707
9717
10305
10337
10424
10630
10641
11278
11318
11462
11468
12674
12906
13088
13130
13657
13838
13841
14127
14147
14252
14640
14809
14895
15177
15458
15922
15999
16009
16028
16047
16062
16679
17060
17108
17108
17325
17325
17541
17611
17611
17756
17945
18007
18039
18039
18061
18061
18460
18479
19453
19453
20513
20656
20656
20656
20656
21339
21512
21611
21613
21615
22145
22147
22179
22689
23944
23944
24358
24614
24746
24993
25036
25044
25048
25084
25468
25609
25609
25622
25898
26093
26363
26363
26392
26799
26799
27000
27078
27080
27472
27472
27836
28304
28571
28596
28613
28613
28613
28613
28657
29306
29609
29609
29609
29609
29609
29609
29878
29878
29912
30052
30161
31461
31688
31859
32095
32101
32111
32111
32111
32111
32111
32111
32111
32113
32113
32181
32181
32284
32284
32284
32415
32692
33114
33322
33322
33322
33322
33498
33648
33919
34713
34713
34713
34769
34883
34961
34961
35767
35767
35915
36072
36088
36091
36126
36994
37107
37107
37107
37107
37437
37725
37767
37767
37940
38266
38284
38325
39080
39094
39187
39260
39260
39260
39260
39260
39271
39271
39339
39682
39970
40185
40215
40489
40489
40497
40978
41045
41192
41558
41628
41661
41979
42043
42085
42261
42371
42690
42690
42847
42848
42963
43018
43168
43272
43894
44001
44015
44306
44874
45291
45291
45595
45595
46152
46152
46243
46243
46254
46382
46614
46614
46614
46614
46637
46884
46884
47053
47053
47053
47118
47237
47237
47519
47531
47531
47531
47609
47609
