424
533
967
1143
1143
1143
1606
1772
1772
2378
2408
2408
2504
2563
2821
2882
2989
3676
3676
3694
3694
3764
3764
3764
3831
4049
4049
4265
4265
4265
4776
5277
5332
5346
6082
6082
6082
6082
6082
6407
6890
6899
6929
6930
7160
7176
7176
7176
7176
7176
7176
7176
7176
7519
7546
7546
7579
7710
7903
8040
8136
8136
8146
8146
8262
8279
8389
8506
8558
8611
8724
8944
8954
8982
9035
9079
9081
9349
9482
9811
10078
10078
10080
10080
10133
10148
10148
10148
10148
10148
10148
10148
10148
10148
10148
10148
10148
10148
10148
10195
10431
10578
10682
11052
11155
11249
11462
11651
11651
11651
11651
11717
11720
11888
11888
11888
11891
11891
11891
12218
12754
13301
13301
13301
13301
13301
13301
13301
13301
13301
13301
13770
13800
13800
13947
13968
14606
14641
14659
14679
14711
14717
14769
14946
14946
14946
14948
14992
14992
14996
14997
15293
16096
16364
16512
17167
17208
17496
17556
17556
17556
17756
17756
17757
17913
17940
17985
18154
18764
19295
19482
19833
19836
19836
20295
20381
20381
20381
20381
20390
20391
20656
20992
20992
20992
20992
21145
21486
21679
21719
21720
21759
21780
21828
21865
21897
21900
22066
22105
22164
22193
22193
22783
22783
22945
22947
23331
23568
23568
23574
23574
23574
23574
23574
23574
23574
23574
23574
23574
23574
23574
23574
23574
23574
23574
23882
23882
24145
24145
24145
24145
24150
24150
24150
24150
24152
24192
24381
24399
24406
24559
24614
24766
24766
24816
24953
24975
25106
25143
25158
25570
25609
25609
25697
25702
25820
25905
26072
26103
26122
26179
26356
26462
26719
26719
26777
26777
27034
27034
27332
27768
28060
28225
28298
28424
28424
28492
28613
28613
28613
28657
28684
28693
29306
29451
29490
29498
29878
29995
30052
30139
30398
30941
31003
31004
31068
31084
31335
31335
31537
31609
31724
31777
31834
31834
31834
31841
32055
32055
32301
32580
32594
32779
32779
33058
33189
33258
33268
33335
33349
33641
33647
33731
33771
33846
33846
33846
33846
33846
33846
33846
33887
33887
33887
33902
33902
33902
33993
34057
34065
34065
34065
34338
34418
34418
34586
34620
34620
34620
34769
35060
35339
35340
35340
35738
35895
35895
35971
36320
36320
36393
36578
36578
37083
37107
37128
37531
37549
37554
37554
37554
37554
37554
37554
37554
37570
37570
37570
37570
37570
37587
37619
37920
38172
38184
38236
38236
38267
38366
38435
38876
38959
39013
39227
39227
39621
39621
39621
39621
39751
39823
39962
40429
40443
40443
40443
40542
41066
41067
41067
41074
41074
41142
41142
41148
41148
41148
41149
41149
41273
41345
41558
41901
41901
41979
42105
42105
42105
42210
42210
42210
42210
42210
42210
42210
42210
42211
42211
42211
42211
42213
42213
42213
42213
42213
42513
42687
42960
43082
43512
43850
43850
43883
43888
43888
43888
44001
44006
44190
44590
44593
44593
44593
44593
44593
44852
44853
45173
45173
45275
45421
45425
45425
45425
46152
46152
46330
46330
46333
46333
46424
46480
46480
46809
46884
46884
46884
46884
46884
46884
47186
47237
47237
47237
47237
47246
47246
47281
47363
47609
