271
271
276
354
390
899
903
903
903
903
903
1346
1346
1374
1674
2389
2759
3120
3120
5186
5277
5307
6140
6513
8165
8450
8985
9403
9470
10544
10559
10559
10559
10559
10559
10559
10559
10559
10559
10559
10559
11065
12647
12647
12647
12647
14021
14021
14531
14531
14792
14871
14871
14871
15054
15645
15922
15922
16047
17496
17750
17753
17985
17985
20079
20734
21214
21773
22253
24169
24169
24169
24169
24169
24169
24169
24169
24179
24483
24553
24614
25606
25606
25606
25606
25616
25814
25840
25840
26201
27080
27080
27171
27807
27807
27836
28462
28469
28604
28604
28604
28903
29196
29306
29630
29630
29878
29878
29878
30163
30163
30279
30735
30976
30976
30976
30976
30979
30979
31003
31461
31461
31461
32055
32596
32790
33102
33117
33158
33158
33189
33603
33749
33749
34422
35037
35037
35060
35118
35120
35410
35410
35565
35565
35601
35915
35917
35967
35967
35967
36896
36896
37107
37416
37416
37420
37422
37837
39500
39500
39724
39724
40134
40266
42650
42685
42722
42794
42879
43100
43398
43398
43398
43894
43894
44056
44094
44484
44812
44822
45482
45508
45960
45960
45960
45963
46152
46152
46152
46152
46152
46152
46152
46152
46152
46152
46159
46480
46884
46884
46884
46884
47039
47039
47039
47039
47055
47055
47237
47237
47543
