8
200
440
440
1340
2731
5186
5854
6054
6082
6494
6730
7337
7337
7579
8767
8985
8985
9349
9470
9669
9801
9893
10143
10369
10559
10559
10559
10673
10694
10694
10838
11020
11020
11862
13219
14422
14649
14871
15894
16406
17757
18061
18278
18278
18480
18898
20251
20251
21793
22790
22830
22830
23568
25106
25598
27084
27606
28266
28285
28657
28719
29306
29306
30279
30976
30976
30976
31057
31057
31461
31461
31461
31461
32258
32558
32558
32732
32985
33158
33546
33546
34038
34753
35488
35910
36320
36924
36924
37107
37416
37482
37482
38955
38967
39846
40051
40655
40822
40822
42960
45272
45915
45915
46433
46673
46884
46884
46884
46902
47186
47186
47568
47568
