440
1253
1346
2332
3994
4853
5052
5186
5186
6033
6033
6033
6033
6033
6033
6033
6057
7435
7689
7689
7989
8281
8725
9411
9411
9415
9669
9893
10559
10559
10678
10823
11020
11020
11030
12279
12311
12602
14530
14530
14608
14612
15638
16480
17568
17568
18048
18048
18048
18048
18300
18853
18982
19238
19304
19432
19938
22833
22839
22843
23199
23367
23705
24098
24098
24489
24821
25609
25622
26379
27080
27084
27768
27807
28266
28266
30000
30044
30054
30170
30398
30803
30956
30976
31003
31061
33158
33158
33545
33607
33626
34023
34282
34282
34282
35037
35410
35676
35829
35829
36964
37107
37107
37364
37866
37940
38305
38778
38850
38865
38890
39121
39712
39960
40264
40429
40429
40480
40953
40962
41939
41979
42794
42872
43174
43464
43942
44669
44812
44830
44841
45236
45920
45961
46262
46436
46646
46799
46884
46884
46884
46884
