374
458
525
659
659
690
820
888
888
899
899
899
1324
1370
1392
1503
1725
1763
1967
2039
2082
2234
3077
3077
3762
3949
4013
4084
5763
5972
6677
6929
7750
7750
7750
7750
7750
7750
7750
7750
7750
7750
7750
7750
7750
7754
7754
7754
8231
8231
8307
9043
10143
10413
10413
10413
10413
10413
10458
10458
10504
10504
11796
12304
12304
13344
13362
14775
15377
15809
16004
16004
16406
16441
16441
16441
16594
16680
16687
16705
17060
17266
17985
18517
18944
19836
19836
20365
20434
20434
20992
21039
21484
21517
21853
21897
22133
23748
23954
24116
24116
24155
24610
24655
24676
24993
24993
25820
25905
26368
26462
26462
26462
26462
26525
26526
26869
26869
26869
27528
27836
28180
28380
28485
28613
28613
28657
28657
28800
28854
29034
29300
29306
29306
29705
29785
29878
29995
31215
31461
31461
31461
31606
31791
31859
32147
32597
32962
33058
33388
33462
33648
33749
33892
34773
35159
35159
35360
35531
35678
35678
35922
36068
36587
37405
37810
37896
37920
37934
38167
38236
38236
38236
38305
38325
38907
39138
39141
39157
39260
40175
41525
42087
42220
42220
42220
42220
42220
42565
42686
42767
42960
42960
43334
43334
43334
43334
43334
43931
44094
44094
44362
45865
45949
46120
46120
46154
46164
46330
46565
46576
46576
46884
47186
47237
47543
47543
47543
47543
47543
47568
47568
47624
