8
142
142
142
142
279
440
440
510
927
1196
1346
1726
1726
2079
2079
2080
2264
2332
2769
3915
3915
4013
4198
4813
4853
4853
5186
5255
5258
5277
5295
5295
5307
5307
5763
6082
6082
6158
6717
6717
6717
6898
7057
7154
7489
7658
8136
8162
8162
8358
8385
8389
9031
9035
9036
9050
9470
9505
9811
9827
9931
10144
10144
10896
11141
11359
11404
11815
13212
13219
13298
13301
13301
13301
13340
13558
13777
13893
13930
14659
14809
15054
15209
15479
15922
16409
16687
16687
17403
17847
18061
18061
18061
18061
18061
18133
18133
18133
18133
18134
18134
19662
19662
19940
19996
19996
20295
20364
20878
20878
20878
20878
21193
21768
21842
21944
21944
21944
21944
21944
21944
21944
21944
21944
21944
22588
22783
22790
22830
22830
22845
23736
23944
24096
24399
24575
24710
24710
24993
25044
25044
25102
25622
25840
25933
26179
26201
26464
27080
27528
27533
27533
27533
27768
28265
28387
28424
28424
28613
28613
28613
28613
29306
29387
29391
29878
29985
29985
30000
30052
30315
30418
31003
31128
31480
31480
31480
31533
32087
32091
32091
32350
32352
32580
32674
32674
33125
33158
33211
33641
33645
33914
33919
34338
34720
34823
35371
35776
35956
35995
36068
36739
36739
36888
37107
37107
37107
37107
37107
37107
37595
37837
37866
37866
37866
37883
37883
37940
38778
38792
38798
38960
38960
39157
39226
39227
39621
40493
40523
40574
40574
40574
40723
41066
41067
41067
41067
41067
41067
41067
41067
41067
41067
41067
41067
41067
41067
41067
41067
41070
41074
41074
41142
41274
41800
42003
42004
42495
42650
42650
43312
43378
43880
44094
44094
44129
44520
44852
44852
44853
45158
45850
45850
45850
45850
45850
45850
45883
45883
46152
46472
46480
46798
46884
46884
46884
46884
46884
46884
46884
46884
46884
46896
47186
47186
47186
47186
47186
47186
47192
47199
47237
47531
47543
47543
