320
1726
2243
2398
2769
2772
2774
4198
4198
4198
4654
5296
5763
6028
6170
7767
8162
8719
8985
11278
11344
11470
12429
13018
13700
13852
14407
14422
14530
14531
14731
15211
15470
15590
16002
16403
16512
16512
16648
16929
17040
17565
18480
18480
18480
18764
19238
19662
20348
21194
21339
21681
21831
22147
22147
22147
22147
22149
22151
22151
23944
23944
24614
25055
25702
25924
26411
27528
28265
28265
28265
28613
28613
28623
29878
29878
30642
34258
34417
34537
34823
35773
36528
37883
37883
37883
37883
37940
39161
40556
40712
41401
42102
42247
42247
42247
42247
42261
42263
42339
42978
44142
44812
45173
45592
46959
47039
47281
47531
47531
47543
