323
330
440
780
780
847
1346
1563
2938
2938
2938
2938
2938
5261
5295
5295
5296
6717
6717
6717
6717
6717
6717
6717
6840
6898
7097
7430
7430
7439
7439
10444
14413
15177
15850
15925
16403
16673
16673
17784
17945
18480
18856
18856
19662
19996
20233
20251
20662
21153
21153
21153
21153
21153
21153
21157
21157
21944
21944
23914
24165
24358
24744
24816
24975
25048
25168
25468
25602
25820
26368
27528
28266
28613
29698
29751
29882
29946
31228
31242
31461
31480
31480
31480
31480
31480
31480
31480
31480
31488
32055
33090
33090
33090
33515
35548
35548
35548
35548
35548
35548
35548
35548
35548
35548
35551
35556
35773
35773
36103
36639
36639
36639
36639
37107
37837
38476
38545
39752
40048
40048
40556
41032
41345
41979
41985
41996
42381
42381
42381
42381
43326
44153
45291
47540
47541
