279
323
967
1253
1340
1346
2017
2390
3294
3761
5186
5186
5674
5674
5950
6043
6044
6082
6082
6104
6407
7251
8985
9108
10479
10586
10586
11372
11765
11765
12649
13834
13893
13992
14530
14549
14615
14620
14781
14917
14917
15262
16595
16595
16595
16673
16673
16830
17484
20443
20648
21097
22054
23024
24944
25622
26077
26533
26909
27084
27340
27478
28265
28666
29306
29693
29878
30060
30083
30717
31242
32373
32378
32732
33133
33158
33524
33898
34104
34528
34537
34823
35074
35076
35137
35449
36320
36575
37920
39712
39777
40462
40462
40490
40855
40855
40915
41187
41189
42501
42767
42791
43398
43431
44808
44878
44883
45961
46322
46781
46884
47281
47366
