7
7
233
665
709
844
962
1364
1725
1726
1726
2118
2144
2348
2563
3010
3093
3308
3323
3323
3473
3630
3792
3792
3915
3915
3915
3915
3915
3919
3919
3919
3919
3947
4049
4205
4411
4857
4857
5057
5218
5242
5277
5539
5639
5881
6055
6057
6082
6082
6158
6158
6268
6651
6861
6898
6905
6960
6960
7154
7160
7160
7176
7176
7176
7479
7481
7552
7708
7921
8224
8281
8632
8988
9207
9207
9207
9349
9492
9726
9726
9726
9938
9938
10143
10192
10192
10192
10192
10201
10305
10444
10516
10548
10614
10628
10793
11136
11136
11311
11315
11331
11651
11695
11695
11787
11860
11860
12256
12429
12765
12765
12906
13003
13065
13520
13523
13625
13696
13852
13852
13852
13852
13852
13872
13872
14100
14396
14407
14422
14640
14745
15083
15319
15590
15662
15864
15864
15894
16004
16004
16004
16004
16062
16062
16062
16078
16078
16078
16078
16080
16174
16176
16361
16424
16487
16578
16673
16675
17077
17099
17208
17295
17611
17721
17756
17945
18061
18061
18061
18414
18517
18764
18777
18971
19004
19008
19238
19432
19442
19838
19838
19838
20105
20273
20273
20295
20364
20364
20381
20574
20869
20968
21039
21091
21143
21146
21157
21194
21363
21551
21551
21599
21744
21744
21917
22303
22689
22689
22891
23568
23705
23705
23705
23705
23705
23705
23705
23705
23705
23722
23722
23854
23854
23944
23944
23992
24169
24592
24614
24652
24652
24652
24655
24809
24858
24858
24975
25036
25044
25069
25158
25609
25609
26179
26384
26991
27080
27084
27084
27127
27165
27165
27528
27530
27530
28060
28424
28424
28424
28613
28613
28613
28613
28666
28666
29252
29391
29689
29690
29698
29878
29907
30447
30663
30678
30941
30941
30941
30976
31057
31057
31057
31057
31242
31247
31247
31247
31247
31247
31247
31249
31448
31461
31461
31461
31461
31461
31461
31461
31468
31480
31537
31977
32091
32235
32235
32301
32344
32350
32352
32373
32386
32724
32724
32726
33124
33156
33177
33256
33633
33641
33828
33834
34365
34365
34585
34720
34753
34785
34855
34961
35074
35074
35074
35332
35548
35620
35621
35621
35622
35622
35648
35740
35767
35888
35888
35967
36332
36399
36591
36769
36928
37107
37107
37107
37107
37107
37107
37107
37107
37237
37237
37364
37416
37524
37632
37675
37675
37675
37675
37675
37682
37683
37683
37816
37866
37903
37903
37903
38290
38305
38312
38366
38706
39055
39080
39080
39157
39178
39484
39621
39621
39621
39754
39837
40039
40051
40134
40427
40538
40822
40874
41052
41074
41200
41525
41527
41535
41647
41895
41895
41895
41895
41895
41949
41979
41979
42016
42167
42409
42429
42429
42513
42654
42669
42777
42777
42794
42978
43082
43164
43224
43255
43255
43255
43279
43345
43575
43737
43877
43879
44006
44094
44098
44098
44196
44834
44846
44846
44846
44847
45153
45153
45272
45272
45724
46047
46047
46047
46047
46052
46202
46433
46441
46441
46441
46471
46479
46479
46479
46480
46758
46781
46884
46884
46884
46884
46884
46884
46884
46884
46884
46884
46884
46884
47118
47186
47186
47186
47186
47186
47204
47275
47531
47531
47534
47543
47543
47571
