510
510
526
888
1067
1315
1323
1346
1725
1830
2076
2332
2563
2595
2730
2737
2884
2884
2884
2973
3444
3495
3564
3702
4654
5100
5115
5543
6082
6082
6251
6251
6251
6363
6561
7176
7176
7176
7176
7176
7176
7176
7177
7177
8146
8238
8266
8378
8378
8378
8385
8392
8509
8509
8511
8985
9411
9420
9483
9508
9801
9801
10925
10925
10996
11136
11278
11379
11651
11664
11807
12381
13301
13301
13301
13301
13301
13302
13340
13398
13398
13749
13966
14021
14104
14407
14746
14792
14948
15083
15083
15177
15177
15257
15349
15349
15836
16363
16673
17620
17945
18061
18061
18061
19286
19286
19286
19647
19996
20105
20909
21044
21143
21193
21193
22137
22137
22139
22139
22395
22397
22399
23187
23421
23421
23421
23421
23560
23736
23944
23944
23960
24236
24244
24406
24875
24875
24875
24875
25046
25606
25820
26179
26461
26463
26777
26991
27165
28434
28434
28434
28434
28434
28434
28434
28434
28604
28613
28613
28839
28839
29306
29306
29705
29751
29839
29839
29839
30559
30678
30941
30941
31026
32055
32055
32076
32091
32091
32091
32091
32091
32311
32984
33258
33274
33653
33846
33919
33924
33925
34418
34428
34439
34511
34713
35645
35645
35645
35645
35886
35886
35886
36320
36320
36320
36332
36901
37107
37107
37107
37107
37416
37422
37477
37554
38165
38172
38267
38305
38347
38724
38960
38961
39153
39639
39970
39970
39970
39970
39970
39985
40077
40151
40186
40351
40495
40566
40574
41344
41345
41525
41525
41525
41525
41525
41525
41525
41525
41525
41895
41895
41895
41895
41895
41960
42960
43174
44094
44094
44306
44940
44940
45155
45158
45158
45158
45232
46001
46202
46441
46441
46614
46758
47053
47053
47186
47531
47531
47531
47543
47543
