133
279
279
279
279
323
374
440
444
510
510
520
704
749
778
903
1002
1280
1324
1346
1346
1370
1460
1460
1502
1563
2264
2349
2725
2731
2870
2870
2906
3555
3822
3831
4422
4853
4881
4908
5186
5186
5186
5186
5186
5242
5242
5295
5763
5881
6082
6082
6082
6363
6755
7154
7154
7154
7205
7239
7461
7579
7579
7579
8012
8146
8146
8162
8348
8509
8591
8708
8802
8924
8924
8985
9021
9142
9145
9145
9145
9145
9145
9145
9145
9468
9468
9468
9468
9468
9470
9470
9896
10091
10334
10369
10445
10504
10548
10566
10578
10666
10812
10812
10812
10851
10922
10922
10966
11020
11076
11215
11278
11301
11408
11418
11680
12304
12444
12602
12602
14178
14215
14396
14396
14530
14530
14530
14531
14531
14531
14606
14608
14612
14620
14640
14698
15004
15032
15063
15102
15103
15188
15198
15207
15212
15392
15465
15841
15913
16480
16512
16595
16595
16765
16830
16933
16961
17167
17208
17209
17266
17496
18039
18039
18061
18279
18279
18526
18526
18526
18526
18810
18946
19243
19453
19459
19698
19838
19950
19950
20212
20251
20909
20910
21105
21241
21373
21480
21480
21480
21583
21753
21831
21831
21831
21831
21897
22253
22253
22253
22253
22748
22825
22833
22903
22903
22972
23024
23187
23187
23574
23580
23944
24614
24614
24614
24685
24782
24793
25002
25096
25102
25143
25468
25468
25468
25580
25609
25820
25820
26179
26532
26532
26532
26532
26719
26845
26909
26909
26909
27084
27084
27106
27349
27462
27533
27580
27836
28180
28285
28463
28467
28467
28657
28657
28657
28903
28903
29196
29196
29387
29630
29708
29878
29920
30012
30054
30096
30139
30163
30178
30280
30280
30398
30806
30806
30859
30976
31026
31072
31077
31228
31526
32055
32301
32344
32352
32465
32596
32732
32732
32865
33064
33158
33217
33657
33761
33771
34066
34066
34150
34150
34532
34532
34532
34713
34720
34759
34770
34833
35136
35307
35335
35338
35407
35607
35651
35652
35971
36320
36746
36967
37107
37107
37107
37107
37107
37107
37420
37422
37535
37587
37866
37903
37903
37903
37903
37903
37903
37903
37903
38060
38201
38284
38476
38476
38486
38486
38486
38543
38961
39080
39121
39484
39837
39893
39893
40009
40009
40035
40247
40247
40353
40489
40489
40507
40507
40531
40794
40822
40953
40953
40962
41391
41525
41525
41525
41643
41895
41933
41985
41992
42220
42263
42444
42472
42475
42475
42479
42523
42559
42565
42650
42686
42686
42788
42788
42790
42793
42793
42793
42794
42960
42960
42960
42978
43506
43733
43888
43888
44338
44593
44661
44812
44910
45272
45883
46202
46202
46204
46204
46214
46419
46584
46614
46638
46712
46804
46884
46884
46884
46884
46884
46884
46884
47038
47039
47041
47042
47053
47177
47180
47186
47204
47543
47543
