142
142
276
279
444
473
508
533
746
768
903
1178
1178
1346
1346
1346
1392
1392
1430
1763
1889
1964
1971
2034
2118
2122
2230
2332
2491
2517
2989
2993
3077
3077
3077
3662
3694
3945
4049
4186
4265
4327
4327
4853
4853
4853
5107
5186
5186
5186
5186
5218
5460
5989
6043
6082
6179
6364
6563
6790
6932
6941
6947
6953
7239
7435
8136
8200
8577
9034
9043
9043
9043
9043
9079
9470
9470
9504
9504
9504
10234
10371
10444
10479
10479
10520
10559
10597
10668
10858
10896
10896
11050
11133
11378
11478
11629
11651
11665
11781
11826
11828
11884
12127
12393
12467
12487
12487
12487
12564
12564
12871
13486
13486
13598
13598
13995
13995
13995
14021
14221
14530
14530
14530
14531
14531
14620
14946
15033
15063
15101
15350
15636
15636
15640
15640
15640
15922
15922
15924
16004
16047
16362
16578
16920
17077
17167
17167
17167
17475
17475
17475
17484
17611
17611
17611
17620
17620
17945
18039
18039
18039
18039
18061
18460
18546
18945
19140
19574
20868
20991
20992
21006
21146
21197
21198
21240
21240
21293
21300
21768
22394
22455
22674
22830
22833
23024
23024
23024
23024
23024
23024
23024
23192
23408
23408
23408
23408
23568
23568
23568
23568
23568
23944
23988
24101
24262
24271
24552
24590
24614
24626
24746
24782
25044
25108
25108
25108
25956
26179
26179
26179
26368
26370
26570
27022
27080
27080
27080
27080
27084
27084
27146
27441
27836
27836
27836
27836
28285
28407
28424
28424
28424
28693
28693
28895
28903
28995
29306
29306
29306
29306
29306
29306
29387
29570
29576
29576
29691
29698
29707
29751
29878
29878
29878
29878
29878
29997
30032
30139
30146
30279
30314
30445
31003
31003
31025
31026
31040
31057
31461
31509
31522
31537
31606
31609
31609
32090
32091
32187
32301
32301
32375
32386
32386
32579
32732
33158
33158
33158
33158
33158
33274
33525
33525
33567
33635
33749
33761
34104
34104
34380
34388
34437
34528
34528
34557
34557
34575
34753
34773
34773
35037
35037
35037
35037
35037
35074
35120
35340
35418
35888
35892
36320
36320
36320
36320
36320
36332
36332
36400
36583
36639
37107
37416
37643
37643
37654
37714
37738
37920
37920
37920
37920
38184
38267
38279
38305
38305
38366
38468
38894
39055
39135
39153
39422
39584
39639
39741
39741
39805
39805
39899
40017
40135
40361
40473
40507
40644
40644
40723
40723
40891
40953
40962
40975
41029
41102
41102
41102
41103
41103
41232
41268
41339
41341
41525
41525
41920
41979
41979
41996
41996
42012
42013
42429
42444
42444
42444
42580
42649
42649
42649
42649
42649
42649
42650
42685
42686
42687
42687
42687
42687
42687
42687
42687
42687
42687
42687
42687
42687
42687
42687
42690
42691
42766
42767
42767
42767
42794
42794
42794
42844
42960
43026
43255
43304
43555
43639
43688
44384
44590
44868
45380
45749
46152
46152
46152
46330
46330
46471
46480
46480
46480
46596
46596
46614
46614
46637
46637
46668
46830
46884
46884
46884
46884
46884
46884
46884
46884
47053
47053
47118
47118
47123
47133
47133
47186
47186
47204
47204
47288
47288
47531
47531
47543
47566
47566
47571
47611
