106
440
473
520
520
748
755
1286
1340
1340
1346
1346
1346
1346
1346
1370
1737
1754
1763
1912
1972
1982
2028
2034
2492
2494
2553
2563
2731
2957
3077
3134
3154
3249
3269
3269
3269
3498
3764
3831
4350
4350
4350
4608
4608
4608
4608
5052
5054
5620
5832
5832
5832
5832
5832
5832
6060
6082
6082
6082
6106
6352
6352
6843
6843
6898
6899
6907
7708
7743
7743
7745
7745
8024
8136
8384
8511
8511
8591
8805
8960
8960
8960
8988
9043
9043
9207
9214
9214
9285
9415
9588
9588
9827
10078
10144
10331
10703
11221
11815
11946
11950
12116
12184
12279
12279
12467
12487
12487
13357
13444
13486
13488
13625
13729
13783
14063
14215
14222
14222
14463
14659
14701
14946
14948
15129
15177
15177
15182
15209
15223
15346
15392
15392
15412
15580
15608
15676
15676
15676
15764
16593
16593
16687
16717
17060
17060
17060
17060
17103
17167
17484
17484
17756
17757
17936
17945
17985
18206
18279
18300
18460
18460
18466
18466
18526
18764
19174
19304
19699
19916
20116
20212
20295
20295
20295
20737
20909
20910
20912
21044
21903
22672
22703
22727
22783
22830
23024
23024
23190
23531
23705
23705
23705
23705
23705
23705
23705
23705
23705
23705
23705
23705
23705
23705
23705
23995
24098
24203
24213
24358
24406
24406
24432
24458
24460
24821
24821
24875
24875
24875
24875
24975
25033
25044
25158
25168
25616
25622
25644
25697
25713
25820
25859
25868
26179
26287
26462
26462
26462
26523
26525
26548
26548
26618
26909
27446
27807
27807
27807
27807
27807
27807
27807
27807
27807
27807
27807
27807
27807
27807
28380
28404
28486
28567
28567
28613
28613
28613
28613
28657
28657
28657
28657
28657
28657
28657
28657
28811
28927
29186
29306
29391
29391
29575
29698
29878
29878
29878
29878
29878
29878
29912
30055
30132
30168
30408
30440
30859
30955
30976
30980
30980
31031
31057
31057
31057
31057
31057
31057
31057
31057
31057
31057
31057
31057
31057
31057
31057
31057
31057
31061
31061
31102
31461
31514
32064
32204
32204
32301
32303
32352
32373
32378
32576
32579
32596
32730
32730
32730
32732
32732
32948
33061
33114
33267
33274
33274
33274
33274
33274
33276
33276
33276
33387
33515
33657
33761
33915
33919
34065
34147
34257
34258
34962
35019
35672
35672
35672
35672
35782
35782
35782
35782
35995
36400
36405
36896
37070
37107
37107
37107
37107
37107
37107
37107
37107
37570
37866
37920
37928
37928
37934
37940
37940
37940
37981
38167
38345
38345
38733
38733
38733
38802
39055
39148
39148
39530
39631
39837
39846
39868
40154
40154
40723
40964
41142
41339
41341
41525
41628
41628
41895
41922
41979
41992
42105
42685
42685
42687
42687
42687
42767
42820
42829
42960
43117
43117
43117
43117
43117
43117
43117
43174
43398
43398
43737
43737
43737
43737
43738
43738
43738
43738
43738
43738
43738
43888
44573
45903
45920
45920
45960
45961
45963
46202
46310
46572
46641
46668
46884
46884
46935
47118
47118
47118
47118
47118
47118
47118
47118
47118
47118
47118
47118
47118
47118
47118
47120
47120
47120
47120
47120
47265
47288
47288
47366
47543
47571
47571
