444
927
2076
2332
2734
2807
3273
3473
4651
5801
6055
7086
7563
7649
8279
8279
9706
9801
10192
10566
10684
10935
10954
12145
13088
13219
13484
13915
13915
14147
14148
14380
14423
15211
15211
15319
15913
16657
16735
16735
16735
16735
16735
16735
16735
16735
16735
17044
17099
17239
17753
18061
18061
18061
18079
18079
18300
18300
19286
19286
19729
20435
20717
20909
21232
21494
22790
23024
23705
23705
23722
24165
24196
24620
24875
24903
24993
26991
26991
27472
27491
27770
28060
28266
28424
28613
28693
29306
29387
29698
30060
31487
31487
31487
31487
31533
32090
32351
32352
32415
32495
32691
33256
33591
33749
33749
33749
33909
34079
34626
35335
35489
35527
35645
35773
35962
36394
37092
38798
39049
39055
39055
40051
40051
41207
41212
41525
41525
41525
41910
41930
42444
42777
43224
43224
43665
44595
44682
44720
44817
44876
45275
45548
46254
46275
46480
46884
46884
47028
