93
1130
1130
1325
1346
1503
2332
2332
2606
2940
2989
2990
2990
3695
4049
4391
4654
4960
4960
5107
5352
6040
6082
6082
6082
6082
6082
6082
6082
6557
6557
7307
7307
8310
8321
8433
8558
8558
8558
8558
8563
8777
8985
9079
9798
9798
10144
10234
10331
10334
10368
10597
10597
10607
10607
10607
10860
11344
11457
11460
11570
11570
11570
11570
11570
11570
11570
11570
11570
11663
11663
11663
11663
11665
11953
11957
11957
11957
11957
11957
11957
11960
12047
12679
12871
13585
13774
13775
13777
13777
13779
13852
13879
13879
13879
13879
13879
13879
13879
13879
13879
13879
13879
13879
13879
14063
14147
14380
14380
14422
15112
15113
15728
16013
16579
16579
16579
16673
17490
17611
17611
17945
18475
18788
18788
19453
19631
19647
19946
19946
20161
20364
20909
20909
20913
21293
21293
21667
21673
21744
22313
22394
22783
22783
22783
23580
23736
23736
23881
24028
24103
24105
24105
24169
24169
24176
24379
24559
24559
24566
24620
24685
24809
25002
25044
25102
25102
25582
25616
25622
25820
26054
26363
26363
26370
26425
26572
27159
27836
27836
27836
27836
27939
28060
28304
29166
29174
29630
29751
29751
29751
30016
30160
30399
30728
30728
30728
30731
30731
30736
30908
31026
31384
31461
31461
31522
31533
31533
31537
31609
31609
31609
31609
32055
32064
32301
33256
33258
33258
33258
33495
33515
34257
34260
34343
34626
34713
35332
35332
35488
35742
36708
37422
37437
37509
37854
38325
38552
38552
38879
38879
38973
39639
39746
39751
39991
41142
41310
41310
41310
41310
41310
41310
41310
41313
41314
41525
41525
41525
41525
41579
41580
41614
41852
41866
41866
41866
41866
41873
41920
41921
41933
41979
41979
41996
42644
42960
42960
43042
43117
43193
43419
43634
43931
44104
44539
44590
44593
44593
44730
44730
45023
45317
46330
46330
46596
46596
46673
46673
46884
47055
47118
47118
47118
47118
47118
47118
47118
47118
47118
47118
47118
47118
47118
47120
47186
47186
47186
47220
47220
47220
47220
47220
47543
47543
