142
297
297
1271
1476
1602
2075
2075
2075
2075
2129
2241
2243
2492
2885
2885
2928
2993
4882
5767
5767
5767
5767
5994
6056
6106
6214
6214
6214
6214
6214
6214
6214
6214
6219
6334
6520
6717
7481
7579
7588
8136
8231
8392
8511
8629
8678
8777
8895
8895
8895
9411
9411
9411
9411
9420
9420
9773
10305
10331
10379
10504
10504
10678
11378
11379
11381
11442
12184
12381
12381
12871
13102
13625
13981
14147
14917
15208
15268
15349
15349
15579
16174
16406
16901
17131
17158
18811
18880
20217
20869
20909
20909
21194
21262
21484
21484
21640
22070
23736
24096
24354
24594
24676
24875
24875
24875
24886
24895
24895
24895
25468
25609
26179
26384
27196
27196
27274
27528
29306
29592
29701
29705
29851
29878
29956
30055
30590
30629
30956
30956
30956
30956
30956
30956
30956
30956
30956
30956
30956
30956
30963
30971
30980
31461
31461
31480
32087
32090
32090
32090
32090
32090
32090
32090
32090
33171
33274
33464
33525
33642
33749
34057
34258
34714
34833
35829
35829
35829
35829
35829
36103
36457
36457
36914
37092
37107
37107
37107
37107
37422
37531
37531
37587
37587
37587
37587
37587
39055
39138
39138
39138
39138
39138
39846
39899
40154
40425
40489
40581
40835
40837
40855
41056
41614
42194
42960
43375
43425
43520
43520
43520
43598
43598
44853
45102
45255
45272
45272
45275
45275
45275
45304
45548
45548
45548
46085
46576
46799
46884
46884
46884
46884
46884
46884
47023
47053
47055
47108
47108
47108
47377
