1324
1324
1346
1346
1502
2035
2036
2332
2360
2595
2824
2984
2985
3683
3873
4988
5267
5984
6253
6421
6529
6529
6529
6529
6529
6529
6529
6529
6529
6529
6529
6529
6699
6738
6781
6880
7750
7754
7796
8146
8690
9069
9470
9726
9726
10063
10112
10340
10749
10954
10954
11301
11468
12304
12555
12851
13360
13867
14065
14620
14647
14649
15054
15113
15113
15350
15809
15812
15894
15894
15952
16004
16403
16648
16687
17060
17178
17732
17940
18300
19256
19303
19454
20295
20295
21720
21720
21721
22253
22253
22253
22253
22253
22265
22697
22908
23024
23024
23944
24590
25106
25468
25570
25697
26097
26295
26318
26370
26523
26525
26794
27093
27528
28180
28604
28657
28927
28927
29001
29878
30622
30622
30622
30622
30622
30622
30622
30622
30956
31867
32055
32140
32140
33626
33626
34389
34511
34885
35190
35190
36192
36559
36559
36559
36559
36559
36559
36559
36559
36627
37043
37405
37629
37629
37810
37810
37837
37920
38172
38172
38543
38894
38894
38894
39777
39777
40254
40257
40462
40462
40462
40462
40462
40462
40462
40484
40491
40855
41065
41124
41271
41531
42220
42220
42226
42686
43050
43052
43164
43164
43164
43164
43164
43186
43186
43804
43805
44168
44168
44168
44168
44168
44168
44168
44168
44168
44168
44303
44303
44489
44825
46330
46330
46330
46712
46782
46980
47122
47362
47531
47531
47609
47609
47615
