279
279
440
463
463
526
666
735
748
842
842
842
842
843
903
986
1009
1009
1009
1280
1346
1429
1430
1725
1726
1726
2129
2130
2130
2332
2767
2984
2984
2984
2984
4049
4660
4813
5052
5277
5278
5763
5767
6159
6160
6170
6352
6363
6738
6762
6898
6898
7280
7579
7579
7649
7649
8115
8208
8230
8281
8308
8379
8390
8525
8575
8628
8632
8719
9035
9246
9246
9246
9246
9246
9246
9246
9246
9246
9246
9246
9246
9246
9246
9247
9247
9411
9411
9411
9411
9411
9470
9538
9706
9815
10144
10207
10353
11051
11171
11359
11462
11466
11467
11468
11704
11777
11787
12429
12871
13042
13065
13088
13219
13360
13360
13721
13800
13804
13863
13959
14077
14147
14147
14242
14242
14406
14409
14409
14423
14530
14539
14766
14769
14834
14917
14917
14992
15208
15230
15474
16001
16004
16004
16214
16215
16409
16648
16858
17055
17060
17098
17108
17108
17108
17108
17108
17108
17108
17154
17167
17167
17344
17496
17496
17565
17750
17750
17838
17838
17838
17838
18061
18061
18061
18061
18206
18206
18313
18449
18472
19052
19086
19453
19453
19453
19453
19453
19459
19465
20134
20134
20343
20381
20608
20868
20909
20992
21044
21146
21146
21241
21339
21339
21342
21494
21494
21618
21719
21854
22147
22147
22362
22713
22790
22845
22998
23287
23287
23287
23287
23408
23740
23960
23963
23991
23991
23991
23991
23991
23991
23991
23991
23991
23991
23991
23991
23991
23991
23993
24098
24098
24103
24406
24655
24655
24875
24875
24875
24875
25044
25609
25702
25814
25816
25825
26383
26462
26991
26991
26991
26991
26991
27080
27080
27233
27237
27386
27528
27836
28060
28266
28298
28408
28567
28613
28613
28613
28613
28655
28655
28655
28693
28693
29300
29690
30012
30012
30023
30052
30052
30052
30122
30122
30122
30122
30122
30122
30122
30122
30122
30200
30440
30678
31003
31018
31045
31046
31402
31402
32076
32090
32090
32691
32691
33413
33413
33413
33421
33648
33919
34056
34338
34546
34566
34720
35190
35204
35204
35773
35886
35919
35967
36739
37107
37107
37107
37343
37343
37343
37343
37343
37344
37344
37344
37587
37587
37595
37597
37643
37767
37883
37895
37903
38279
38290
38305
38960
39138
39220
39422
39422
39422
39690
39893
39893
39893
39893
39893
39893
39893
39893
39893
39893
39893
39893
39896
39897
39897
39897
39897
39897
39897
39897
39897
39897
39897
39898
39898
41029
41142
41525
41525
41530
41530
41530
41671
41895
41895
41895
41895
41930
41979
42103
42261
42263
42263
42351
42580
42919
43082
43083
43083
43100
43100
43175
43562
43663
43931
44232
44282
44590
44655
44853
45291
45652
45830
45830
45830
45830
45830
45830
45830
45830
45830
45883
46152
46480
46668
46804
46884
46884
46884
46884
46884
46884
46884
46884
47204
47237
47237
47240
