154
466
593
602
602
967
1502
2084
2321
2851
2854
3831
4049
4819
5296
5881
5881
6352
6935
6949
7157
7454
7454
7701
7810
8025
8136
8146
8374
8496
8807
9008
9207
9207
10143
10962
10966
10993
11139
11837
11955
13212
13212
13340
13486
13486
14252
14640
14712
14824
14824
14917
15283
15360
15673
15922
16409
16765
17004
17004
17611
17750
18061
18061
18061
18079
18079
18079
19243
19838
20426
20426
20426
20632
21241
21744
22070
22689
23705
23705
23722
23954
24236
24993
25036
25413
25413
25609
25609
25609
25622
25721
27080
27080
27084
27084
27084
27768
28613
28613
28790
30139
31003
31031
31031
31072
31550
32090
32091
32091
32350
32350
32356
32373
32373
32373
33223
33450
33450
33925
34580
34721
35621
35621
35971
36181
36335
36575
37107
37533
37865
38278
38278
38284
38407
38407
38437
39013
39121
39121
39121
39390
39990
40618
41529
41558
41852
41901
41901
41979
42220
42331
42690
42915
42960
42960
43186
43186
43262
43506
46152
46330
46330
46720
46720
46721
47207
47543
47566
47688
