323
373
440
444
444
444
444
447
451
536
634
831
962
1340
1340
1446
2054
2118
2492
2492
3037
3066
3077
3077
3102
3213
3214
3792
3831
3831
3831
3974
4049
4049
4049
4154
4154
4154
4186
4186
4186
4295
4302
4979
5044
5186
5261
5543
5565
5568
6035
6054
6082
6082
6082
6251
6330
6368
6674
6727
6866
6898
7176
7239
7579
7649
7649
7649
7649
8136
8220
8226
8230
8230
8245
8250
8807
8967
9470
9801
9801
9801
9815
9815
9893
10076
10143
10143
10253
10504
10559
10566
10652
10653
10666
10678
10681
10954
10966
10969
10969
10993
10993
11221
11381
11468
12437
12487
12750
12973
13008
13107
13212
13212
13212
13484
13486
13695
13696
14021
14051
14066
14147
14148
14148
14396
14620
14640
15209
15273
15311
15840
15921
15990
16004
16361
16406
16648
16830
17167
17167
17167
17167
17167
17167
17167
17167
17167
17167
17167
17167
17167
17167
17167
17167
17167
17167
17167
17167
17167
17170
17496
17499
17499
17499
17499
17499
17499
17499
17499
17499
17499
17499
17499
17499
17499
17499
17611
17757
17953
18029
18039
18061
18061
18061
18279
18300
18300
18300
18300
18480
18565
18946
19256
19286
19289
19313
19313
19538
19538
19836
20077
20105
20105
20105
20116
20131
20909
20992
21044
21146
21214
21363
21363
21662
21716
21734
21744
22133
22179
22397
22397
22397
22397
22455
22703
22825
23024
23311
23705
23705
23995
24028
24049
24098
24169
24169
24262
24483
24483
24614
24676
24711
24782
24793
24809
24821
24993
24993
25044
25084
25253
25257
25609
25713
25989
26179
26356
26493
26523
26576
27776
27807
28060
28265
28424
28424
28424
28434
28434
28434
28434
28434
28613
28613
28613
28653
28693
29230
29306
29751
29878
30053
30976
30976
30976
31082
31102
31215
31461
31461
31461
31468
31468
31609
31764
31771
31834
31978
32070
32076
32076
32173
32180
32180
32180
32180
32180
32180
32180
32180
32180
32180
32180
32180
32350
32350
32352
32373
32373
32378
32378
32378
32378
32378
32378
32378
32500
32724
32724
33114
33194
33258
33387
33387
33592
33592
33626
33749
33749
33925
34418
34557
34557
34585
35181
35284
35621
35636
35888
35905
36073
36203
36379
36493
37081
37396
37554
37587
37654
37816
37920
38169
38302
38746
38746
38955
39135
39584
39584
39621
39725
39745
40013
40644
40913
40959
41001
41525
41525
41530
41530
41558
41661
41662
41662
41662
41910
41979
41979
41979
41979
41979
41996
42339
42686
42687
42690
42841
42960
43082
43082
43133
43148
43431
45233
45272
45508
45862
45915
45960
45971
46047
46075
46075
46075
46103
46152
46433
46484
46484
46484
46484
46484
46484
46565
46576
46736
46772
46884
46884
46884
46884
46884
46884
47112
47186
47204
47237
47237
47237
47287
47513
47543
47609
47609
47609
