324
363
552
859
1503
1772
1969
2491
3694
4413
5792
6717
6935
8125
8433
8676
9706
10925
11136
12035
12467
14021
14104
14380
14606
15229
15257
15846
16004
16185
18061
18764
18764
19075
21146
21903
22941
23736
23963
24101
24203
24358
24358
24614
24614
24782
25158
25584
25609
25701
25933
27289
27528
27528
28060
28567
28567
28604
28613
28613
29196
29196
29196
29200
29245
29300
29306
29507
30015
30023
30668
31078
31078
31480
31508
31509
33057
33258
33380
33496
33925
34227
34236
34238
34239
34316
35407
36145
36745
36914
36924
38279
38284
38290
38290
38714
38961
39037
40437
42128
42960
42960
42983
43279
43454
43454
43454
43562
43599
44510
44665
45008
45173
45233
46330
46884
47186
47571
