142
142
233
486
510
927
1249
1324
1346
1563
1725
1816
2488
2488
2731
2957
4137
4853
4923
5186
5186
5186
5186
5186
5186
5186
5186
5186
5186
5772
6001
6035
6106
6106
6107
6107
6107
6107
6107
6107
6107
6107
6107
6107
6107
6107
6846
6864
6898
7479
7481
7579
7708
8136
8136
8245
8385
8777
8777
8788
8788
8856
8915
9214
9314
10253
10516
10548
10548
10652
10652
10652
10678
10962
11022
11030
11076
11256
11344
12296
12487
12602
12771
12869
13060
13414
13486
13486
13486
13486
13486
13486
13492
13628
13961
14410
14606
14640
14871
15103
15394
15394
15394
15394
15394
15395
15470
15809
15811
15850
15922
15999
16601
16920
17008
17484
17611
17611
17611
17756
18324
18870
18947
20246
20577
21245
22041
22689
22790
22790
22790
22790
22830
23151
23187
23287
23408
23422
23705
23705
23705
23714
23944
23960
24023
24098
24100
24169
24489
24614
24614
24744
24744
24793
24875
25051
25162
25606
25606
25616
25820
25865
26167
27034
27324
27807
27807
28017
28492
28657
28657
28657
28657
28693
28790
28927
28928
29186
29186
29387
29493
29495
29690
29690
29690
29691
29691
29701
29702
29702
29708
29708
29878
29878
29878
30139
30139
30693
30865
31031
31057
31057
31057
31057
31057
31057
31057
31057
31057
31057
31057
31057
31057
31057
31061
31359
31359
31792
32070
32181
32301
32386
32391
32391
32622
32692
33064
33261
33274
33448
33451
33770
33770
34143
34183
34258
34336
35410
35439
35905
35971
36072
36072
36072
36360
36924
36937
37107
37107
37107
37107
37816
37816
37822
37822
37822
37822
37920
38172
39080
39080
39260
39260
39260
39260
39669
39970
39970
40137
40151
40427
40429
40429
40429
40429
40429
40429
40429
40664
40723
40763
40816
40953
41042
41162
42777
42794
42872
43082
43117
43117
43224
43255
43893
43894
44836
45141
45570
45583
45733
45960
45960
46152
46262
46262
46330
46433
46433
46671
46758
47122
47122
47122
47204
47224
47288
47571
