244
277
708
710
747
1224
1249
1315
1346
1346
1346
1346
1346
1346
1346
1346
1346
1346
1346
1461
1510
1560
1563
1657
1727
1763
2297
2332
2592
2592
2593
2593
2681
2855
3077
3077
3094
3421
3473
3694
4397
4623
4821
4853
5186
5186
5186
5186
5186
5186
5289
5307
5994
6035
6035
6035
6054
6054
6054
6057
6058
6060
6082
6422
6422
6738
6846
6846
6846
6885
6898
6958
7097
7649
7649
7649
7649
7649
7649
7708
7714
7750
7801
7983
8197
8218
8218
8303
8303
8777
8777
8777
8777
8777
8777
8777
8777
8788
9266
9411
9489
9819
10142
10234
10444
10445
10445
10445
10479
10487
10487
11030
11030
11030
11074
11074
11074
11074
11074
11327
11327
11327
11744
11796
12016
12184
12458
12459
12459
12459
12459
12461
12461
12462
12462
12462
12462
12463
12463
12463
12463
12463
12463
12463
12463
12463
12463
12463
12463
12463
12463
12463
12484
12484
12484
13212
13311
13486
13486
13486
13488
13492
13492
13915
14148
14148
14148
14615
14761
14943
14978
15256
15571
15571
15571
15922
16004
16004
16595
16595
16595
16595
16645
16646
16673
16675
16675
16675
16675
16716
16716
17060
17098
17098
17106
17106
17107
17108
17113
17232
17399
17399
17490
17565
17655
17753
17753
17838
17838
17838
17945
18307
18460
18460
18460
18460
18466
18466
18466
18656
18656
18656
18656
18656
18656
18656
18656
18656
18867
18868
18971
18971
18971
18971
19286
19385
19385
19533
19538
19673
19717
19808
19808
19808
19808
19808
19808
19836
20448
20696
20696
20696
21146
21146
21214
21293
21759
21781
21944
22422
22689
22695
22830
22830
22830
22830
22833
22998
23192
23580
23580
23580
23580
23705
23914
24094
24094
24101
24169
24169
24169
24476
24489
24489
24489
24504
24744
24785
24868
24868
24993
25044
25468
25575
25602
25616
25705
25705
25813
26119
26119
26179
26179
26525
26525
26711
26711
26777
26991
26991
27037
27080
27080
27269
27597
27807
27807
27807
27807
27836
27939
28035
28184
28298
28486
28567
28632
28693
28755
28995
29207
29300
29387
29387
29703
29705
29769
29878
29878
29878
30043
30250
30440
30629
31003
31025
31031
31057
31057
31057
31057
31057
31057
31180
31357
31357
32352
32352
32352
32352
32373
32373
32373
32378
32378
32378
32521
32912
33158
33158
33171
33171
33351
33915
33915
33915
33919
34389
34537
34585
34714
34714
34714
34714
34714
34714
34714
34714
34714
34714
34714
34714
34719
34719
34739
34740
34823
34823
35037
35072
35166
35166
35201
35201
35526
35733
35798
35896
35905
36305
36581
36886
36914
36930
36961
36978
37587
37587
37587
37587
37587
37801
37801
37837
37862
37866
37866
37866
37940
38184
38236
38631
38960
38960
39055
39055
39055
39055
39837
39839
39846
40013
40816
40953
41010
41070
41201
41326
41525
41525
41529
41529
41672
41802
41979
42061
42149
42187
42426
42650
42686
42687
42919
42960
43074
43082
43255
43255
43272
43272
43398
43414
43485
43881
43881
43933
44001
44094
44094
44232
44282
44282
44466
44853
44940
45275
45355
45856
45960
45960
45960
45960
46196
46196
46196
46565
46565
46576
47186
47617
