473
903
1725
1763
1959
2595
2885
2885
3077
4521
5278
5413
5602
6057
6170
6738
6843
8307
8384
8384
8788
9008
9045
9411
9411
9411
9465
9508
9508
9563
9563
10516
10559
10628
10917
10917
10917
11038
11038
11466
11466
11468
12122
12687
13062
13062
13852
13893
14414
14414
14414
14414
14414
14414
14414
14608
14757
14758
14850
15624
15999
16004
16157
16594
16920
17058
17660
17660
17753
18300
18300
18840
18878
18971
19243
20023
20023
20023
20023
20273
20273
20273
20295
20364
20364
20438
21145
22546
23239
23239
23239
23705
23836
24098
24875
24975
24975
25006
25602
26068
26462
26991
26991
28604
28613
28808
29690
29878
30198
30200
30635
31003
31031
32091
33413
33499
33499
33499
33749
34511
34720
35141
35622
35738
35829
35829
35829
35829
35829
35947
36068
36069
36416
36914
37080
37080
37099
37107
37107
37142
37163
37531
39055
39621
39692
39692
39692
39777
40644
40655
41042
41311
41979
42194
42381
42381
42444
42788
42788
42960
43117
44094
44094
44133
45732
46576
46576
46576
46576
46884
46884
46884
46884
46884
46884
47204
47262
47543
47543
47543
