153
200
440
944
1340
1392
1982
2851
2851
3915
3915
3919
4833
4853
4853
4853
5036
5186
5418
5418
6082
6291
6727
6918
7160
7160
7160
7160
7176
7176
7176
8136
8238
8238
8325
8511
8563
8985
9726
9726
9726
9935
10652
10652
10654
10654
11004
11141
11933
12251
12295
12307
12602
12906
13107
13852
13852
13867
14021
14606
14615
15349
15349
15349
15823
16004
16004
16004
16595
16648
16648
18017
18061
18517
19697
20273
20574
20969
21193
22394
22830
22833
22833
23422
23705
23828
24816
25106
25109
25200
25609
26996
26996
27080
27781
27781
28265
28275
28552
28693
29186
29206
29245
29387
30976
31228
31461
31461
32055
32350
32378
32724
32724
33158
33887
34257
35385
35492
35548
35949
36320
37092
37107
37107
37416
37422
37643
37934
38907
38937
39484
39846
39962
40048
40644
40644
40644
40953
41228
41895
42010
42794
42794
42841
43100
43227
43793
44337
44836
44836
44846
44846
45963
46001
46001
46884
46884
46884
47039
47186
47186
47195
47204
