8
142
233
283
373
844
903
927
1282
1282
1340
1346
1429
1429
1429
1431
1726
1737
2088
2144
2332
2332
2353
2884
2928
2928
3093
3273
3273
3318
3331
3411
3411
3764
4186
4198
4198
4198
4198
4209
4813
5186
5186
5186
5277
5296
5296
5568
5665
5752
6054
6082
6158
6158
6214
6416
6898
6898
6898
6953
7160
7163
7163
7163
7163
7163
7176
7411
7649
8227
8228
8230
8317
8386
8563
8634
8777
8786
8788
8889
8985
9022
9036
9036
9349
9420
9468
9470
9505
9538
9706
10192
10201
10634
10922
10962
10962
10962
11304
11304
11381
11467
11501
11811
11811
12467
12467
12555
12899
13219
13219
13219
13349
13444
13674
13784
13852
13872
13893
13915
13915
13915
13915
13915
14063
14063
14063
14104
14147
14147
14147
14148
14406
14406
14406
14640
14895
15015
15018
15083
15349
15349
15870
16004
16004
16004
16203
16361
16361
16648
16687
16830
17037
17037
17060
17098
17098
17098
17098
17108
17108
17108
17611
17611
17620
17750
17753
17757
17757
18061
18061
18061
18300
18466
18517
18558
18886
19015
19453
19453
19453
19459
19817
19836
19958
19958
19958
19961
20023
20023
20192
20192
20250
20262
20273
20273
20273
20735
20764
20764
20869
20909
21039
21039
21143
21145
21153
21153
21157
21193
21194
21198
21300
21339
21494
21791
21799
21799
22147
22149
22689
23024
23187
23187
23568
23705
23944
24150
24179
24399
24407
24559
24614
24782
24816
24903
25044
25584
25606
25609
25609
25727
25756
25756
25756
25756
25756
25756
25820
26356
26363
26384
26384
26384
26384
26869
26869
26991
26991
26991
26996
26996
27080
27080
27080
27080
27084
27472
27812
27836
28266
28266
28266
28266
28387
28424
28613
28613
28613
28613
28613
28613
28613
28613
28719
28719
28719
29060
29060
29166
29306
29690
29951
29985
30098
30146
30166
30315
30373
30547
30941
30941
30963
30963
30976
30976
30976
31057
31072
31082
31247
31443
31448
31468
31468
31468
31609
31609
31624
32055
32111
32111
32111
32111
32181
32182
32344
32467
32596
32691
32691
32691
32694
32695
32695
32969
33156
33158
33158
33380
33380
33380
33380
33591
33591
33592
33641
33641
33642
33646
33648
33653
33653
33845
33845
33919
33919
33993
33993
33993
34257
34260
34365
34417
34417
34510
34823
34964
35039
35344
35380
35798
36041
36320
36320
36320
36380
36393
36399
36457
37088
37138
37389
37531
37532
37532
37554
37554
37554
37554
37570
37643
37883
38305
38608
38608
38792
39055
39138
39227
39227
39227
39227
39422
39621
39621
39990
40048
40048
40351
40507
40644
40667
40918
41314
41525
41530
41575
42104
42167
42167
42179
42184
42187
42259
42429
42446
42794
42819
42819
42960
43186
43186
43451
43562
43759
43759
43759
43879
44305
44305
44834
44869
45152
45511
45722
45722
45961
45961
46001
46027
46152
46254
46254
46433
46576
46758
46799
46799
46884
46884
46884
46884
46884
46884
46884
46884
46884
46884
46884
46884
46884
46884
46884
46884
46884
46884
46884
46884
46991
47019
47053
47053
47055
47195
47204
47224
47281
47307
47531
47531
47531
47531
47531
47531
47531
47531
47531
47531
47543
