444
462
533
842
927
1612
1961
3273
3555
3807
4853
5307
5763
5881
5881
5881
5881
5984
6447
7540
8146
8146
8197
8267
8334
8414
8614
8777
8945
8954
8987
9050
9508
9931
10703
11020
11075
11130
11311
11344
11462
11468
11896
12120
12564
12736
12951
13060
13340
13486
13486
13961
14147
14659
14867
14895
15088
15256
15257
15262
15262
15392
15392
15579
15608
16004
16406
16497
16512
16735
16735
16735
16735
16735
16735
16735
16837
17344
18061
18061
18061
18061
18061
18061
18061
18061
18079
18810
19432
19453
21127
21241
21263
21339
21339
21339
21339
21343
21480
21480
21480
21480
21480
21480
21558
21839
21897
21897
21909
21909
21940
22069
22830
22864
22943
22943
23287
23568
23705
23944
24106
24236
24553
24591
25602
26909
27080
27084
27591
27591
27591
27768
28447
28613
28613
28693
28719
29186
29240
29300
29300
29569
29698
29698
29698
29703
29708
29769
30014
30139
30140
30976
31003
31053
31205
32059
32180
32386
32580
33124
33308
33419
33642
33749
33749
33749
33749
33770
34057
34984
35037
35135
35202
35308
35359
35359
35359
35360
35362
35410
35606
35607
35645
35645
35645
35645
35645
35645
35645
35645
35645
35645
35645
35733
35995
36103
36891
36896
36901
36968
37107
37107
37107
37107
37107
37862
37862
37866
37882
37963
38121
38267
38283
38407
38478
38478
38798
39135
39424
40472
40524
41341
41517
41527
41541
42016
42254
42388
42766
43224
43255
43300
43550
43708
43708
43708
43718
43738
44660
44660
44660
44660
44729
45386
45682
45749
46204
46480
46668
46668
46884
46884
47050
47531
47531
47544
