440
461
461
461
510
510
622
897
1324
1340
1346
1346
1346
1370
1763
1967
2030
2243
2243
2733
3471
3597
3764
3831
4154
4409
4569
5186
5186
5186
5186
5752
5763
5881
5881
5989
6035
6054
6055
6055
6056
6058
6058
6082
6107
6107
6251
6251
6846
6898
6899
7298
7708
7714
8068
8201
8788
8788
9105
9207
9207
9301
10201
10584
10628
10628
10652
11030
11030
11298
11311
11336
11523
11663
12393
12453
12467
12590
12700
13060
13060
13060
13060
13213
13486
13486
13486
13486
13492
13754
14021
14380
14606
14615
15392
16361
16361
16405
16595
17546
17611
17620
17985
18113
18238
18278
18401
18449
18517
18789
18838
19149
19282
19453
20295
20399
20399
20577
20648
21006
21675
21675
21687
21738
22397
22689
22689
22825
23187
23197
23287
23580
23581
23705
23705
23705
23705
23705
23705
23705
23705
23705
23705
23705
23714
23714
23722
23722
23991
24023
24098
24169
24169
24178
24489
24489
24559
24614
24619
25002
25046
25051
25051
25096
25101
25108
25317
25456
25602
25606
25622
25756
25820
26525
26678
27043
27093
27247
27250
27441
27472
27528
27528
27836
27927
28425
28451
28604
28613
28693
28693
28719
28839
28839
29306
29387
29546
29689
29691
29878
29878
30477
31003
31057
31057
31061
31228
31421
31461
31461
31461
31461
31461
31461
31461
31468
31504
31856
31951
31963
32076
32076
32091
32279
32316
32316
32373
32391
32391
32404
32673
32901
33274
33919
34057
34104
34557
34557
34737
35037
35037
35158
35179
35360
35410
35410
35414
35418
35648
35648
35775
36267
36702
36914
37107
37107
37107
37107
37107
37107
37107
37107
37107
37142
37176
37389
37416
37751
37816
37822
37822
37822
37822
37822
37822
37837
37920
37940
38167
38167
38201
38407
38407
38545
39639
39751
39837
39973
40388
40780
40822
40918
41034
41525
41621
41750
41805
41939
41979
41985
41996
42254
42580
42687
42788
42872
42908
42960
43082
43224
43224
43309
43893
44001
44001
44092
44092
44094
44094
44507
44834
45291
45415
45415
45415
45732
45872
45872
45949
45961
45961
45963
45963
45963
46064
46065
46387
46387
46433
46433
46433
46436
46441
46471
46480
46566
46668
46884
46884
46884
46884
46884
46884
46884
46935
47113
47122
47191
47543
47543
47599
47599
47599
47599
47599
47599
47599
47599
47599
47599
47605
47605
