133
279
279
279
279
283
335
440
440
440
440
440
444
444
444
597
599
659
659
700
836
842
1041
1285
1325
1374
1737
2033
2114
2123
2186
2243
2250
2737
2938
3143
3286
3286
3308
3308
3308
3308
3312
3312
3323
3323
3323
3487
3792
4084
4140
4198
4198
4198
5052
5307
5333
5345
5539
5763
5763
5763
5763
5763
5763
5763
5763
5763
5763
5763
5763
5763
5763
5763
5763
5763
5767
5767
5767
5767
5767
6082
6082
6082
6158
6223
6287
6727
6745
6786
6791
6947
7163
7176
7307
7588
7708
7724
8011
8303
8307
8345
8392
8724
8767
8788
8908
8912
9032
9241
9268
9349
9349
9505
9538
9706
9709
9709
9819
9966
10143
10192
10201
10331
10559
10559
10614
10628
10898
11195
11467
11468
11468
11651
11680
11680
11680
11680
11778
12750
12755
12977
13100
13100
13100
13103
13219
13301
13484
13497
13497
13502
13502
13721
13721
13774
13777
13777
13779
13779
13805
13838
13852
13915
13915
13915
13927
13927
13958
13961
14063
14063
14077
14099
14147
14252
14253
14406
14407
14606
14640
14869
15193
15209
15209
15268
15273
15349
15350
15469
15809
15910
15934
16062
16187
16202
16287
16367
16673
16830
17060
17098
17098
17103
17108
17114
17167
17167
17167
17437
17484
17750
17750
17750
17838
17945
18061
18061
18061
18061
18061
18061
18300
18300
18480
18480
18878
19662
19754
20250
20477
20990
21073
21143
21195
21195
21326
21480
21494
21494
22073
22073
22074
22134
22147
22147
22147
22307
22394
22397
22790
22840
23705
23705
23705
23705
23705
23705
23705
23705
23722
23722
23722
23914
23921
23944
23954
23954
23954
24150
24399
24406
24559
24559
24575
24809
24816
24816
24875
24975
25102
25414
25468
25584
25615
25816
25816
25911
25924
26179
26363
26379
26384
26461
26678
26804
26804
27073
27087
27693
27829
28266
28408
28424
28424
28424
28567
28613
28613
28613
28613
28693
28934
29186
29412
29751
29917
29937
30012
30015
30469
30629
30629
31053
31057
31125
31228
31249
31261
31461
31461
31461
31480
31534
31834
32136
32147
32147
32182
32182
32475
32525
32598
33114
33215
33215
33299
33299
33314
33315
33367
33380
33380
33648
33749
33749
33749
33859
33919
33983
33984
34139
34179
34414
34417
34417
35059
35074
35158
35159
35159
35202
35274
35339
35371
35371
35373
35410
35418
35488
35652
35652
35739
35742
35773
35773
35887
36043
36068
36068
36320
36320
36332
36332
36384
36581
36896
37107
37675
37866
37866
37883
37883
37889
38191
38305
38407
38794
39013
39080
39391
39422
39422
39422
39439
39621
40045
40437
40489
40498
40507
40556
40566
40822
40918
40918
41074
41267
41469
41519
41519
41525
41525
41525
41527
41530
41735
41805
41895
41895
41895
42167
42167
42167
42167
42167
42247
42253
42777
42794
42960
42960
43334
43378
43451
43506
43507
43636
44001
44013
44148
44496
44595
44832
45149
45176
45291
45423
45511
45548
45646
46032
46075
46345
46673
46884
46884
46884
46884
46884
46884
46884
46884
46884
46884
46884
46884
47053
47055
47186
47195
47195
47199
47199
47204
47237
47531
47543
47543
47543
