8
262
279
279
279
323
358
375
440
466
665
713
713
778
778
888
1065
1324
1340
1460
1460
1461
1461
1563
2086
2491
2595
2721
2793
2851
2928
3077
3249
3433
3487
3555
3831
4651
4776
4853
4853
4853
4853
5115
5368
5763
5989
6082
6082
6082
6082
6082
6082
6082
6101
6140
6251
6363
6491
6755
6884
6884
7059
7239
7411
7461
7481
8146
8162
8303
8632
8777
8777
8777
8788
8840
8985
9008
9269
9269
9302
9364
9470
9470
9651
9896
9896
10040
10331
10444
10479
10559
10559
10569
10578
10628
10666
10851
10918
11000
11020
11115
11130
11139
11301
11336
11418
11651
11781
11954
12304
12369
12381
12393
12456
12467
12501
12555
12750
12801
12977
13486
13693
13852
13961
14099
14100
14100
14215
14396
14396
14406
14606
14606
14620
14640
14659
14895
14960
14998
15061
15063
15083
15198
15212
15579
15836
15841
15913
15922
16666
16687
16830
16830
16830
16830
17060
17496
17496
17611
17620
17656
17945
17976
18039
18061
18061
18279
18279
18363
18526
18526
18526
18526
18711
18898
18971
19077
19286
19286
19286
19286
19286
19288
19288
19453
19494
19551
19809
19950
19950
20192
20192
20250
20251
20381
20435
20789
20910
21241
21753
21763
22043
22073
22830
22830
22830
22833
22903
22903
23024
23024
23187
23290
23408
23581
23705
23705
23705
23886
23944
23944
24213
24213
24614
24614
24614
24614
24685
24782
24793
24793
24809
24875
24875
25002
25143
25468
25609
25820
25911
26179
26363
26436
26621
26663
26845
26996
27010
27106
27349
27507
27507
27533
27533
27580
27781
27782
27836
27836
28424
28424
28424
28468
28469
28613
28657
28657
28657
28672
28693
28693
28719
28719
28719
28719
28719
28719
28719
28719
28719
28719
28719
28719
28719
28719
28719
28719
28719
28719
28719
28719
29306
29411
29708
29878
29878
29985
29985
30020
30096
30178
30629
30728
30806
30806
30859
30941
30976
31156
31160
31160
31160
31228
31228
31341
31461
31461
31461
31461
31461
31461
31468
31526
31729
31962
32352
32567
32596
32596
32692
32732
33024
33051
33057
33064
33124
33133
33215
33215
33215
33217
33223
33223
33355
33367
33626
33749
33749
33749
33924
33925
34083
34150
34258
34439
34439
34532
34532
34532
34557
34713
34714
34759
34833
35136
35407
35583
35622
35652
35655
35767
36320
36320
36400
36400
36479
36888
36914
37142
37405
37416
37484
37587
37643
37862
37862
37883
37940
38115
38284
38284
38284
38284
38284
38284
38284
38284
38290
38778
38907
38961
39055
39055
39153
39745
39745
39759
39787
40149
40531
40794
40816
40822
40962
40979
41314
41525
41525
41580
41627
41781
41895
41895
41895
41910
41910
41910
41979
41988
41992
42016
42016
42016
42247
42559
42565
42631
42777
42788
42790
42794
42794
42872
42872
42872
42960
42960
42978
43188
43188
43224
43255
43326
43386
43398
43398
43398
43639
43640
43792
43856
43879
43879
43888
43888
44094
44094
44094
44122
44414
44846
45960
45963
46047
46052
46075
46202
46202
46202
46419
46433
46441
46614
46668
46712
46884
46884
46884
46884
46884
46884
47055
47055
47186
47281
47377
47531
47543
47543
