444
447
510
583
1219
1219
1219
1219
1219
1280
1346
1346
1392
1513
1563
1969
2027
2144
2343
2492
2606
2993
3308
3308
3754
3913
4458
4536
4536
4536
4536
4623
4866
5763
6082
6407
6422
6422
6550
6959
6959
6959
6959
6960
6960
6960
6960
6960
6960
6960
6960
6960
6961
7292
7337
7337
7337
7337
7337
7476
7481
7519
8218
8218
8218
8218
8218
8218
8218
8218
8223
8281
8281
8397
8508
8509
8510
8511
8511
8511
8522
8807
8924
9049
10597
10614
10614
10922
11080
11777
12288
12458
12458
12458
12458
13693
13838
13839
14100
14406
14592
14606
14606
14620
14711
14865
14916
14917
14932
15024
15232
15913
15913
15913
15925
16673
17077
17114
17283
17750
17945
18058
18526
18944
19256
19432
19432
19701
20362
20868
20869
20992
21039
21300
21480
21642
21642
21642
21642
22137
22138
22138
22395
22395
22397
23024
23187
23580
23736
23944
24059
24098
24098
24100
24809
25048
25702
26125
26379
26425
26525
26525
26525
27472
27472
27472
27472
27472
27472
27528
28265
28265
28265
28265
28265
28285
28408
29300
29387
29639
29991
29995
30012
30139
30140
31026
31111
31113
31461
31461
31461
31609
31609
31609
32055
32076
32132
32350
32352
32378
32777
32779
33065
33067
33067
33067
33125
33268
33599
33641
33749
33771
34257
34258
34258
34528
34714
34720
35166
35204
35332
35336
35645
35648
35648
35655
35738
35742
35866
35912
35912
35922
36578
37083
37083
37107
37107
37107
37107
37107
37107
37107
37107
37416
37879
37921
37928
38115
38201
38305
39055
39055
39639
39892
39892
39892
39892
39892
39892
40154
40209
40523
40523
40596
40644
40963
41029
41142
41227
41385
41979
41985
41992
41996
42010
42283
43082
43693
43882
43882
43882
45111
45816
46263
46330
46433
46441
46884
46884
46884
46884
46884
46884
46884
47053
47053
47055
47122
47133
47186
47368
47609
47609
47609
