276
560
712
899
1253
1392
3695
3835
3835
4013
4049
4084
5565
5994
6082
6407
6675
6861
6898
7411
7718
8136
8230
8281
8800
9470
9470
10652
10665
10678
10678
11020
11022
11378
11418
11695
12374
13486
13852
14063
14222
14226
15273
16004
16004
16837
16901
16934
17099
17167
17167
17484
17545
18061
18061
18061
18061
18061
19432
19432
19992
20381
20381
21240
21241
21241
21944
22074
23916
24028
24236
24236
24271
24676
24676
24793
25609
25723
26087
26122
27080
27080
28285
28485
28613
28613
28769
30139
30976
30976
31046
31461
31461
31461
31461
32055
32576
32732
32732
32864
33175
33175
33274
33577
33919
34062
34714
34721
35037
35037
35037
35037
35158
35266
35307
35339
35888
35922
35922
36320
36320
36332
36888
37643
37643
37643
37643
37643
37643
37643
37643
37643
37643
37654
37654
37654
37654
37654
38024
38305
38960
39055
39639
40507
41029
41102
41200
42644
42644
42644
42829
42960
42992
43082
43495
43495
44812
44833
45431
45431
45944
46596
46596
46668
46668
46668
46758
46884
46884
46884
