278
537
633
897
897
903
1346
1392
1392
1392
1392
1620
2603
2993
3077
3077
3490
3762
3941
4084
4186
4776
4853
5118
5186
5186
5186
5186
5186
5186
5186
5191
5295
5295
5295
5295
5295
5307
5307
5307
5428
5812
6082
6082
6082
7044
7251
8136
8136
8150
8218
8218
8524
8668
8777
8937
9142
9468
10190
10516
10559
10559
10559
10559
10652
10652
10666
10765
10776
10955
11650
11651
12871
12969
13344
13414
13486
13852
13931
14065
14530
14531
14531
14531
14531
14531
14560
14809
15034
15350
15350
15673
15922
16004
16480
16579
16579
16586
16595
16595
16795
16795
17399
17484
17484
17566
17611
17756
17945
17945
18300
18300
18526
18526
18559
18870
18947
18947
19313
20251
20474
20474
20476
21019
21768
21944
22570
22570
22579
22579
22833
22833
23024
23024
23024
23024
23024
23568
23568
23705
23960
24028
24098
24103
24169
24169
24169
24179
24179
24358
24358
24381
24381
24381
24381
24381
24386
24559
24594
24614
24614
24744
25015
25085
25143
25143
25143
25143
25151
25468
25606
25723
25840
25911
26122
26363
26411
26523
26523
26525
26909
27034
27080
27807
28060
28256
28266
28424
28434
28447
28462
28465
28467
28604
28613
29306
29306
29306
29387
29454
29705
29785
30398
30976
30976
31003
31003
31057
31057
31076
31197
31357
31357
31427
31522
31533
31533
31533
31895
32172
32373
32580
32580
32666
33158
33199
34079
34528
34545
34575
34585
34699
34721
35410
35450
36068
36068
36614
37048
37416
37420
37422
37422
37422
37525
37554
37554
37866
37866
37903
37920
37977
38344
38348
38706
39037
39055
39080
39621
39751
39806
40496
40723
41979
42016
42429
42559
42686
42687
42691
42767
42794
42919
42919
42960
42960
42960
42960
42994
42994
42994
42994
43117
43186
43398
43398
43523
43523
43737
43888
44047
44047
44094
44255
44282
44812
44812
44825
45149
45272
45708
45708
46159
46441
46471
46471
46565
46884
46884
46884
46884
46884
46884
46884
46884
46884
46884
47039
47039
47122
47363
47366
47377
47377
47543
