185
298
356
459
671
888
1183
1280
1301
1315
1325
1325
1340
1346
1392
1502
1502
1763
1763
1776
1902
1909
1911
1912
1912
1912
1912
2332
2491
2503
2504
2603
2725
2734
2993
2999
3077
3471
3694
3831
4013
4414
4451
4853
5109
5186
5295
5346
5346
5568
6035
6035
6035
6082
6261
6558
6678
6861
6905
6972
7649
7810
8012
8136
8223
8257
8279
8281
8281
8777
8788
8800
8857
9032
9087
9106
9207
9228
9953
10078
10407
10464
10516
10628
10630
10797
10797
10855
10993
11057
11422
11719
11946
12467
12631
12977
13121
13121
13343
13414
13484
13486
13486
13486
13492
13600
13672
13852
14074
14075
14076
14222
14396
14606
14606
14640
14640
14711
14768
14868
14911
14982
15225
15392
15590
15607
15636
15662
15667
15673
15841
15925
15999
15999
16004
16047
16540
16601
17239
17611
18061
18129
18131
18139
18207
18279
18279
18559
18952
18979
19316
19453
19647
19946
19961
19996
19996
19996
20105
20105
20117
20246
20295
20364
20381
20474
20670
20870
20992
21302
21903
22077
22138
22354
22394
22727
22727
22727
22727
22727
22729
22833
22936
23024
23130
23287
23705
23705
23705
23705
23705
23705
23705
23705
23705
23705
23705
23705
23722
23722
23944
24101
24130
24145
24147
24165
24213
24213
24213
24213
24483
24501
24559
24559
24626
24975
24993
25002
25033
25048
25102
25102
25102
25106
25108
25143
25606
25609
25622
25713
25820
25820
26179
26525
26651
27037
27094
27441
27771
27807
28060
28060
28060
28060
28276
28604
28604
28607
28613
28613
28613
28646
28754
29186
29186
29311
29878
29878
29878
29878
29878
29878
29878
30060
30063
30728
30976
31026
31031
31057
31057
31057
31057
31057
31057
31461
31468
31533
31533
31609
31609
31880
32033
32055
32064
32334
32373
32373
32386
32576
32732
32732
32886
33209
33274
33413
33628
33633
33774
33925
34154
34154
34537
34620
34720
34797
34819
34823
34885
35062
35117
35117
35583
35607
35649
35846
35865
35949
36069
36126
36320
36332
36399
36501
36739
37822
37927
37936
37939
37940
38212
38267
38268
38280
38814
38894
39080
39080
39122
39390
39744
39754
39761
39893
40103
40427
40447
40472
40828
40918
40959
41004
41311
41447
41529
41529
41787
41824
41936
41979
41985
41996
42133
42353
42371
42687
42766
42766
42777
42788
42978
43100
43100
43144
43227
43279
43378
43416
43510
43879
43879
43879
43879
43894
44009
44094
44094
44870
44877
45275
45818
45960
45963
45963
46093
46152
46221
46221
46423
46441
46712
46860
46884
46884
46884
47053
47186
47237
47271
47531
47543
47543
47571
47571
