320
451
458
508
671
888
1072
1222
1280
1340
1370
1461
1774
1969
2101
2268
2288
2492
2559
2720
2989
3102
3513
4049
4157
4157
5186
5460
5460
5590
6082
6082
6407
6557
7207
7513
7579
8664
8966
9032
9086
9086
9105
9428
10143
10628
10628
10628
10628
10628
10630
10652
10969
11629
12555
12564
12564
12564
13060
13065
13343
13484
13486
13488
13492
13943
14225
14531
14606
14606
14615
14619
14620
14640
14640
14865
15059
15083
15188
15211
15211
15350
15532
15850
16004
16004
16004
16540
16595
16687
16890
16934
17167
17496
17757
17945
17945
18061
18061
18061
18165
18279
18324
18324
18475
18480
18898
18971
19362
19453
19833
19992
19992
20295
20805
20909
21146
21193
21195
21240
21240
21240
21240
21240
21240
21262
22149
22394
22394
22394
22570
22830
23185
23192
23575
23705
23944
23954
23960
24145
24165
24486
24559
24614
24614
24816
24975
25098
25366
25606
25609
26087
26087
26179
26179
26523
26523
26525
26526
26596
26909
27095
28060
28060
28266
28304
28380
28424
28424
28485
28613
28873
29245
29306
29306
29306
29306
29596
29602
29878
29878
29878
30032
30044
30057
30060
30279
30859
30948
30976
30979
30979
30979
30982
30982
31031
31031
31057
31057
31057
31102
31102
31461
31522
31522
31636
32373
32386
32386
32404
32598
32962
33039
33051
33171
33246
33258
33258
33919
33919
33919
34418
34537
34720
34823
35042
35414
35865
36126
36179
36179
36262
36888
37643
37643
37645
37654
37654
37654
37654
37816
37822
37822
37822
37822
37822
37822
37895
37896
37940
38297
38959
38961
39026
39080
39080
39153
39157
39157
39157
39584
39584
39584
39584
39584
39584
39584
39806
40489
40542
40723
40846
40855
41050
41066
41271
41271
41311
41528
41931
42122
42220
42335
42335
42429
42784
42794
42794
42913
42978
43100
43174
43224
43224
43272
43272
43272
43272
43272
43272
43272
43536
44094
44094
44094
44094
44094
44094
44094
44305
45189
45509
45712
45862
45960
45964
45964
46330
46436
46436
46452
46480
46480
46596
46596
46596
46884
46884
46978
47122
47122
47186
47204
47216
47531
47531
47531
47543
47543
47543
47543
47543
47571
47729
