233
234
323
534
757
844
888
1253
1284
1285
1306
1306
1370
1877
1877
1877
1877
1912
1912
1912
1912
1912
2724
2725
2797
2993
2993
2999
3077
3080
3564
3564
3694
3754
3831
3974
4049
4157
4157
4327
4979
5307
5307
5418
5881
5881
5954
6082
6082
6082
6082
6082
6082
6082
6082
6557
6773
6843
6861
6898
6899
6899
7160
7160
7271
7579
7588
7948
8120
8136
8218
8230
8281
8281
8281
8281
8840
8985
8985
9064
9141
9207
9207
9207
9207
9403
9470
9567
9773
9801
10003
10076
10144
10353
10586
10628
10653
10673
10998
11050
11144
11301
11925
12437
12437
12487
12750
12765
13107
13444
13484
13484
13486
13486
13486
13493
13579
13783
13801
14063
14222
14606
14615
15044
15198
15256
15268
15579
15836
15836
15836
15836
15836
16004
16083
16096
16361
16424
16540
16687
16687
16687
16790
16934
17256
17484
17496
17496
17611
17611
17611
17945
17985
18017
18039
18039
18061
18393
18947
19140
19140
19140
19140
19140
19453
19453
19916
19940
19946
19996
20167
20167
20381
20868
20992
20992
21277
21583
21766
22135
22179
22394
22394
22588
22689
22703
22727
22727
22727
22727
22727
22727
22729
22769
22769
22838
23705
23705
23705
23705
23705
23705
23705
23705
23705
23705
23705
23705
23944
23944
23973
24098
24098
24098
24098
24098
24098
24101
24101
24101
24105
24335
24372
24614
24614
24614
24721
24737
24782
24782
24797
24991
25002
25002
25106
25132
25257
25578
25599
25609
25609
25820
25820
25820
25859
26179
26356
26363
26363
26379
26411
26463
26463
26523
26845
27080
27533
27771
27771
27807
27807
27836
28060
28195
28266
28424
28424
28424
28424
28424
28424
28424
28424
28425
28425
28425
28425
28693
28693
28693
28693
28693
28693
29170
29245
29306
29306
29698
29705
29878
29991
30060
30166
30279
30314
30728
30813
30980
31003
31057
31057
31057
31057
31057
31057
31057
31057
31057
31057
31057
31057
31057
31057
31219
31228
31461
31650
31771
32125
32373
32373
32373
32373
32375
32386
32386
32386
32386
32386
32386
32703
32724
32988
33158
33199
33215
33448
33749
33749
33761
33924
34079
34154
34154
34154
34154
34156
34354
34566
34719
34823
35213
35670
36320
36332
36575
36978
37107
37184
37339
37416
37816
37837
37903
37940
37940
38279
38284
38297
38407
38407
38778
38794
38984
38988
39055
39135
39135
39458
39621
39632
39698
39698
39712
39958
40079
40429
40429
40441
40489
40723
40816
40822
40962
41095
41143
41525
41530
41979
41979
42102
42444
42580
42580
42628
42644
42685
42793
42793
42848
42960
42978
42990
43119
43419
43803
43854
44874
45751
45883
45915
45960
45960
45960
46079
46085
46152
46154
46154
46164
46204
46668
46699
46884
46884
46884
46884
46935
46984
47053
47053
47053
47053
47055
47055
47133
47186
47275
47288
47543
47543
47566
47650
47709
