8
27
132
458
464
772
773
842
888
888
1346
1346
1460
1513
1763
1783
2037
2105
2503
2634
2690
2690
2690
2748
2854
2993
3077
3638
3654
3762
3804
4084
4084
4569
4660
5295
6223
6223
6251
6293
6557
6787
6862
6884
6884
7205
7579
7579
8136
8226
8303
8923
8985
8985
8985
9340
9489
9504
9706
9953
10407
10628
10630
10666
10986
11278
11297
11759
11759
12184
12438
12548
13088
13088
13088
13088
13088
13102
13202
13600
13721
14141
14530
14531
14640
14701
14717
14990
14990
14990
15072
15177
16004
16119
16185
16619
16673
17167
17611
17620
17838
17838
17838
17985
18278
18317
18530
19346
19346
19441
19453
19453
19602
19802
19996
20023
20295
20381
20397
20608
20828
20839
21193
21253
21744
21897
21897
22178
22397
22572
23287
23692
23954
23991
24406
24550
24559
24559
24594
24594
24991
25044
25101
25106
25108
25602
25609
25609
25609
25775
25776
25820
25963
25963
25963
26122
26125
26179
26379
26634
26662
26662
26939
26996
27237
27237
27237
27237
27489
27550
27550
27836
28385
28434
28482
28613
28613
29241
29531
29535
29635
30678
30767
30767
31012
31102
31525
31626
31811
32076
32080
32080
32080
32080
32081
32082
32087
32087
32090
32190
32301
32301
32301
32412
32576
32680
32858
33029
33029
33215
33230
33249
33253
33253
33421
33495
33642
34139
34453
34528
34557
34585
35371
35531
35531
35773
35922
36393
36400
36504
36967
37100
37100
37107
37344
37344
37389
37422
37587
37595
37595
37624
37767
37934
37936
38054
38201
38568
38786
38798
38875
38944
39055
39080
39690
39893
39893
39893
39893
39893
39893
39893
39893
39893
39894
39901
39903
39970
39989
40209
40489
40493
40644
41384
41525
41525
41621
41704
41895
41895
41979
41979
42339
42339
42444
42580
42580
42580
42644
42766
42767
42777
42790
42792
42793
42960
42960
42960
43018
43384
43592
44306
44336
44851
45079
45142
45510
45548
45599
45599
45749
45862
45864
45977
46000
46439
46441
46480
46565
46884
46884
46884
46884
46884
46884
47091
47237
47237
47237
47237
47237
47237
47237
47246
47368
47571
