8
233
233
276
279
279
279
320
320
323
440
473
526
533
630
662
778
836
888
927
1324
1346
1460
1460
1502
1563
1563
2022
2123
2595
2600
2884
2938
2938
2938
2993
3092
3465
3473
3555
3762
3831
5763
5994
6047
6060
6082
6082
6082
6082
6082
6140
6251
6363
6755
6846
6960
6960
7160
7176
7176
7176
7176
7176
7177
7177
7461
7480
7588
8027
8040
8146
8162
8227
8317
8510
8511
8563
8634
8708
8914
8915
8985
8985
9470
9470
9896
9896
10444
10444
10479
10516
10578
10630
10666
10776
10851
11020
11210
11298
11301
11344
11344
11418
11781
11846
12056
12059
12304
13065
13107
13133
13133
13301
13600
13625
13961
13961
14021
14021
14066
14177
14177
14177
14190
14190
14215
14396
14396
14422
14606
14620
14640
14640
14717
14809
14947
14947
15063
15083
15083
15198
15212
15257
15318
15841
15864
15913
16062
16062
16174
16480
16687
16687
16687
16830
16837
16975
17295
17484
17496
17549
17611
17620
17753
18061
18061
18279
18279
18526
18526
18526
18526
19238
19286
19286
19286
19286
19286
19286
19286
19286
19286
19286
19286
19286
19286
19453
19453
19453
19647
19950
19950
20251
20365
20789
20910
21044
21146
21193
21241
21480
21583
21753
21759
22147
22147
22884
22903
22903
23024
23187
23568
23736
23809
23944
23944
23944
23944
24049
24100
24100
24176
24614
24614
24614
24614
24685
24757
24782
24793
24875
24975
24993
24993
25113
25143
25468
25575
25820
25820
25820
25820
26413
26461
26576
26576
26576
26576
26576
26576
26576
26576
26576
26576
26576
26576
26576
26845
26869
26909
27022
27022
27106
27349
27472
27533
27533
27580
27836
28242
28425
28657
28657
28657
28719
28719
28719
28719
28719
29186
29751
29878
29878
29878
30096
30163
30178
30350
30806
30806
31102
31228
31461
31461
31461
31461
31461
31461
31526
31533
32076
32352
32352
32352
32596
32596
32612
32732
33064
33256
33258
33387
33387
33642
33646
33646
34150
34150
34260
34417
34510
34532
34532
34532
34713
34713
34759
35040
35041
35041
35042
35042
35042
35136
35159
35307
35308
35309
35407
35414
35645
35645
35652
35736
35773
35773
35967
36103
36399
37107
37107
37107
37107
37107
37107
37202
37554
37570
37570
37570
37570
37587
37866
37895
37927
38044
38044
38267
38267
38267
38284
38290
38290
38290
38290
38290
38290
38290
38290
38708
38960
38960
38961
39055
39751
39777
39846
39978
39978
39978
40154
40351
40361
40369
40531
40723
40723
40723
40794
40962
41052
41052
41311
41314
41353
41525
41525
41525
41525
41525
41930
41992
42102
42213
42283
42429
42559
42565
42777
42790
42794
42819
42820
42960
42960
42960
42960
42978
43639
43639
43639
43639
43639
43639
43888
43888
44006
44006
44094
44338
44422
44515
45484
45681
45715
45869
45883
46001
46047
46052
46052
46202
46419
46471
46480
46614
46637
46712
46884
47186
47204
47368
47531
47531
47531
47543
47543
47543
47543
47609
47609
47609
47609
47609
47609
47609
