133
273
279
279
279
279
279
323
373
440
440
440
510
525
526
551
749
903
904
904
927
927
927
1315
1340
1340
1346
1346
1392
2217
2218
2241
2241
2243
2264
2332
2332
2492
2748
2748
2885
2993
3154
3376
3444
3555
4049
4156
4753
4833
4845
5091
5186
5186
5186
5196
5455
5460
5657
5767
5767
5767
6082
6082
6214
6332
6407
6469
6717
6786
6789
6884
7205
7439
7708
8162
8202
8218
8238
8303
8303
8303
8303
8509
8517
8541
8563
8563
8978
9467
9468
9504
9538
9709
9709
9815
10144
10144
10331
10444
10548
10559
10559
10559
10559
10559
10559
10559
10569
10569
10597
10597
10652
10765
11136
11222
11301
11651
11663
11702
11790
11805
12127
12564
13100
13102
13212
13212
13219
13219
13254
13958
14021
14063
14280
14530
14530
14530
14530
14531
14606
14606
14743
14911
14960
14968
14973
15008
15054
15059
15254
15269
15392
15392
15401
15420
15579
15809
15809
15850
15913
15913
16002
16002
16002
16002
16595
16595
16595
16596
16830
16830
16830
17060
17167
17484
17490
17611
17985
17985
18002
18002
18002
18002
18059
18061
18061
18279
19044
19238
19238
19494
20838
20909
20909
20909
20991
20991
21146
21230
21230
21253
21337
21339
21339
21339
21412
21780
21897
21944
21944
22253
22265
22394
22572
22830
22830
22830
22830
22830
23024
23794
23914
23916
23921
23960
24057
24098
24165
24169
24169
24213
24236
24358
24594
24614
24614
24620
24821
24975
25044
25108
25347
25440
25440
25440
25582
25602
25709
25730
25911
25911
25911
25911
25911
26173
26179
26363
26526
26583
26909
27084
27533
27546
27771
27836
28266
28408
28424
28467
28485
28552
28613
28613
28613
28613
28613
28757
29245
29306
29306
29306
29705
29751
29878
29878
29878
29878
30052
30052
30279
30980
31003
31025
31026
31046
31053
31094
31461
31480
31480
31533
31678
31880
32055
32139
32147
32301
32580
32691
32773
32777
32849
32865
32928
32932
33051
33061
33061
33153
33193
33230
33256
33268
33322
33336
33444
33567
33598
33641
33641
33641
33657
33919
33919
33984
33984
34023
34065
34115
34116
34418
34626
34640
34769
34773
35204
35343
35343
35371
35382
35424
35486
35735
35886
35958
36400
36400
36575
36722
36930
36997
37107
37801
37866
37866
37883
37883
37932
38172
38191
38284
38284
38290
38290
38290
38290
38290
38290
38290
38290
38290
38290
38290
38290
38290
38290
38290
38290
38290
38290
38290
38290
38290
38290
38347
38794
39080
39080
39080
39080
39080
39422
39424
39725
39751
39754
39778
39805
39825
39990
40437
40531
40636
40972
40998
40998
41001
41042
41470
41519
42106
42444
42444
42444
42791
42876
42960
43082
43100
43117
43398
43398
43398
43398
43398
43398
43398
43398
43398
43398
43398
43398
43398
43398
43398
43398
43399
43414
43495
43523
43523
43600
43600
43632
43850
43876
43876
44244
44282
44282
44869
44877
45156
45247
45275
45421
45883
45954
46001
46330
46345
46424
46638
46809
46884
46884
46884
46884
46884
46884
46884
46884
46884
46884
46884
46884
46902
47053
47053
47237
47237
47262
47265
47265
47275
47366
47531
47543
47688
