133
133
323
440
1346
1346
1346
1346
1763
1772
1912
2027
2030
2767
2851
2993
3471
3694
3831
4691
4853
5107
5186
5186
5196
5267
5343
6056
6056
6060
6082
6082
6082
6082
6082
6082
6082
6861
6898
6917
6956
7563
7579
7633
8025
8126
8150
8226
8279
8279
8509
8511
8719
8777
9228
9470
9499
9724
10078
10144
10652
10962
10962
10962
10962
10969
11221
11337
11344
11457
11457
11862
12564
13107
13484
13486
13486
13486
13486
13488
13492
14063
15177
15211
15263
15293
15636
15922
16001
16406
16679
16687
16901
17611
17611
17945
18061
18061
18061
18061
18061
18061
18061
18061
18278
18764
18983
19940
20074
20364
20577
20577
20577
20579
20909
21451
22179
22703
22703
22703
22703
22703
22830
23024
23574
23705
23705
23705
23705
23705
23705
23705
23705
23705
23705
23705
23705
23705
23705
23705
23705
23705
23705
23705
23914
23944
23944
23944
24096
24098
24098
24098
24101
24165
24372
24710
25106
25106
25820
25820
26363
26581
26663
27080
27233
27533
27768
28020
28060
28424
28424
28424
28424
28424
28424
28424
28424
28623
28623
28693
28693
28693
28839
28925
28925
29186
29186
29186
29306
29311
29639
29693
29878
29878
30060
30169
31057
31057
31057
31057
31057
31057
31057
31057
31057
31102
31461
31461
31461
31771
32064
32115
32172
32350
32732
32732
32734
33158
33450
33626
33641
33749
33749
33832
33919
34179
34510
34557
34585
34680
34805
34823
34823
34984
35064
35670
35670
35868
35967
35995
36068
36069
37070
37405
37643
37643
37659
37816
37822
37895
38267
38290
38794
38798
38798
38861
39013
39037
39037
39958
40148
40342
40489
40581
40664
40723
41029
41525
41525
41529
41930
42580
42777
42794
43035
43255
43255
43255
43416
43850
43854
43879
43888
44337
45431
45732
45960
45961
45963
45963
45963
46001
46052
46152
46673
46673
46673
46804
46804
46884
46902
46935
46935
46935
46982
46982
47053
47122
47260
47543
47543
47543
47543
47543
47760
