320
662
903
1315
1346
1763
2266
2492
2733
3077
3093
3102
3143
3143
3912
4609
4609
4609
4853
5186
5186
5186
5186
5186
5296
5307
5307
5460
5994
6054
6086
6717
6717
6717
6717
6717
6717
6717
6717
6717
6717
6717
6717
6717
6717
6717
6717
6717
6717
6717
6717
6717
6884
8162
8317
8631
8820
8986
9489
10504
10548
10559
10559
10559
10628
10652
10702
12467
13219
13219
13340
13486
13492
13852
13961
14091
14531
14911
14917
14917
14917
14917
14917
14917
15054
15532
15537
15912
15913
16016
16062
16552
16673
16673
16687
16830
17167
17611
17985
19036
19038
19432
19432
19701
20909
21039
21040
21041
21241
22253
22570
22570
22830
22833
23024
23024
23024
23568
23963
24169
24179
24358
24782
25578
25606
25606
25606
25609
25723
25864
25864
25911
26356
26526
26991
27080
28604
28613
28613
28693
28693
28693
28719
28719
29196
29878
29878
29878
30095
31013
31031
31480
31480
31480
31480
31480
31480
31480
31480
31480
31480
31480
31480
31480
31480
31480
31480
31480
31480
31480
31480
31480
31609
31616
32055
32391
32404
32901
32901
33158
33448
34060
34418
35037
35037
35037
35037
35317
35338
35410
35410
35967
35967
36126
36393
37107
37107
37107
37107
37107
37107
37107
37107
37420
37643
37816
37837
37837
38266
38305
38944
39080
39153
39157
40134
40441
40574
40964
40982
41527
41621
41621
41840
41895
41979
41985
42371
42794
42794
42927
42960
42979
43398
43398
43398
44094
44094
44094
44282
44282
44812
44812
44845
45382
45960
45960
45963
45963
45963
45972
46075
46152
46152
46346
46441
47039
47039
47053
47053
47053
47055
47055
47055
47237
47237
47265
47531
47543
47543
47543
47543
47543
47543
47543
