142
472
1249
1315
1346
3077
3916
4049
4049
4084
4154
5186
5186
5568
5575
6082
6082
6717
6717
6717
6717
7154
7588
7714
7716
7716
8661
8788
9146
10143
10422
11020
11022
11065
11065
11550
11550
12930
13486
13492
13852
14531
14809
15273
15273
15314
15392
15638
15649
16004
17209
17212
18061
18324
18324
20364
20369
22253
22253
23705
24169
24483
24483
24614
24744
25606
25622
26075
26996
27095
27353
27768
27768
27768
28613
28693
29196
29196
29387
29391
30976
30976
31031
31031
31057
31057
31102
31102
31242
31480
31480
31480
31480
32311
32386
32386
32386
32598
33133
33516
33516
34714
34773
35074
35672
35677
35949
35967
35971
37107
37107
37405
37643
37659
37760
37816
37822
37822
37822
37822
37822
37822
37822
37920
37945
38476
38476
38476
39106
39584
39639
39751
41575
41895
41895
41895
41895
41895
41895
41895
41901
41901
41979
42960
43272
43879
44992
45275
45275
45291
45960
45960
45960
45964
45964
45964
45966
45966
45966
45966
45966
45966
46075
46208
46598
46598
46884
46935
47122
