279
301
301
335
335
335
440
440
447
700
750
1107
1186
1280
1284
1340
1346
1346
1502
1967
2114
2115
2491
2547
2851
2885
2938
2938
3694
3694
3695
3696
3762
4198
4813
4857
4908
5109
5109
5539
5539
5565
5568
5568
5575
5575
5575
5752
5753
5898
6047
6054
6054
6054
6082
6082
6140
6223
6251
6269
6416
6738
6745
6876
6884
6884
6932
6947
7163
7166
7176
7176
7176
7176
7239
7710
7754
8042
8222
8226
8250
8279
8279
8281
8901
9411
9411
9420
9420
9424
9706
9706
9706
9706
9706
9708
9773
10078
10192
10192
10353
10614
10614
10962
10971
11311
11375
11467
11467
11468
11468
11501
11665
11680
11680
11920
11926
12279
12287
12487
12553
12553
12910
13082
13301
13301
13301
13301
13301
13700
13805
13852
13915
13961
13961
14021
14053
14063
14063
14066
14066
14128
14215
14396
14640
14640
14865
14895
14946
15177
15177
15254
15349
15350
15479
15592
15626
15644
15644
16424
16675
16677
16748
17060
17098
17108
17496
17496
17546
17611
17611
17750
17945
17985
17985
18061
18061
18133
18466
18466
18466
18764
18816
18971
19453
19453
19453
19465
19647
20012
20023
20259
20269
20269
20273
20348
20778
20967
21157
21157
21326
22073
22131
22164
22370
22455
22783
22783
22790
22838
22839
23024
23187
23287
23334
23417
23722
23853
23944
23944
24096
24098
24145
24380
24380
24380
24380
24559
24559
24614
24614
24793
24793
24793
24816
24816
24856
24875
24875
24875
24875
24888
25036
25106
25108
25113
25468
25468
25609
25609
25716
25756
25956
26196
26199
26368
26463
26576
26576
26576
26869
26869
26869
26869
26869
27130
27472
27528
28060
28060
28227
28424
28424
28434
28480
28539
28570
28613
28613
28613
28613
28693
29306
29306
29306
29306
29306
29306
29387
29682
29689
29689
29751
29878
30052
30166
30166
30663
30717
30717
30722
30722
30722
30722
30820
30971
31046
31072
31088
31461
31461
31461
31461
31461
31461
31461
31461
31461
31461
31461
31461
31461
31461
31606
31631
32064
32136
32612
32612
32684
32717
32732
33034
33066
33215
33367
33889
33993
33993
34173
34680
34681
34681
34713
35037
35158
35158
35162
35163
35556
35645
36179
36179
36179
36179
36320
36320
36393
36393
36457
36751
37080
37554
37554
37837
37883
37928
38284
38290
38290
38290
38476
38792
39037
39055
39055
39227
39324
39422
39621
39621
39621
39639
39899
39973
40158
40437
40489
40489
40490
40918
40918
40953
41525
41525
41535
41558
41558
41558
41558
41621
41621
41895
41895
41930
41979
41979
42123
42178
42220
42263
42429
42580
42687
42960
42978
42978
42978
42978
43100
43100
43326
43443
43451
43451
43495
43592
43854
43941
44338
44673
44836
44852
44853
44869
45272
45272
45272
45272
45275
45908
45944
46027
46027
46027
46052
46152
46152
46330
46480
46576
46576
46576
46804
46804
46884
46884
46884
46884
46884
47001
47186
47186
47186
47186
47186
47186
47186
47186
47237
47237
47265
47531
47543
47609
47609
47609
47609
47609
47609
47609
47609
47609
47609
47609
47609
47609
47609
47609
47609
47609
47612
47624
47624
47624
47624
47624
47624
47624
47760
