15
847
847
3077
3223
3223
3223
3225
3225
3411
4045
4045
4058
4154
4154
4724
4780
4787
5820
6035
7479
7480
7708
7750
8385
9001
11344
11980
13852
14606
14916
15056
15257
15922
17262
17318
17318
17656
17945
19360
20250
21687
21862
21944
22570
22866
23697
23736
23944
24103
24169
24169
24169
24179
24179
24706
24793
24975
25106
25211
25468
25480
25480
25480
25702
25705
26772
27472
27528
27528
27618
27768
27768
27768
28180
28613
29186
29306
29311
29387
29387
29639
30701
32059
32166
32732
33274
34074
34139
34511
34557
34557
34823
35339
35675
35888
36068
37810
38115
38439
38894
39295
39919
40245
40245
40462
40574
41275
41385
41648
41648
43025
43287
43287
43495
43495
43931
44877
46075
46552
46884
46951
47237
