243
246
279
440
494
666
666
735
1346
1346
1530
1530
1530
1530
1530
1530
1530
2111
2920
3471
3694
3919
5267
5565
5763
5989
6028
6035
6082
6717
6738
6738
6738
6843
6866
6885
7280
7430
8205
8226
8878
10143
11136
11230
11419
11790
11790
11951
12750
12758
12765
13081
13219
13219
13915
13958
13958
13961
14063
14766
14809
14809
14958
14992
16362
16595
16595
16600
16648
17060
17655
17838
17838
17838
18061
18472
18480
19052
19238
19459
20909
20945
21146
21153
21241
21339
21339
21339
21613
21613
22147
23205
23287
23610
23800
24196
24213
24614
25710
25814
25816
25816
25816
27080
27349
28434
28613
29186
29186
29186
29186
29186
29196
29306
29361
29878
30585
30635
30722
31003
31053
31480
31978
32691
32733
32737
33074
33330
33330
33330
33330
34418
34648
34769
35738
35773
35773
35773
35773
35961
36298
36298
36298
37107
37107
37107
37107
37344
37587
37587
37889
37889
37895
37895
37920
38349
38545
38927
39220
39220
39227
39846
39846
40184
40561
40561
40685
40925
41047
41474
41474
41525
41930
43100
43186
43310
43339
43451
44145
44282
44852
44852
44852
44853
44853
44853
45700
45883
46075
46758
46758
47013
47186
47186
47186
47186
47186
47244
47531
47599
