1324
1392
1421
1737
2234
4327
5295
5295
5295
5296
5307
5307
5307
5307
6876
7105
7105
7563
7563
7563
7563
7578
8281
8281
8281
8857
9246
9415
9416
10078
10516
11052
11381
12394
13599
13656
13842
14612
14612
14612
14647
15329
15894
16402
17611
18278
18278
18278
18278
20216
21480
22179
22839
22843
23187
23187
23187
23187
23187
23353
23991
24702
24778
24778
24778
24793
24793
24793
24875
25048
25143
25143
25432
26523
27807
28266
28424
30168
30976
30976
31003
31003
31856
31856
31872
32172
32183
33124
37107
37554
39745
39893
40217
40217
40217
40217
40932
41985
41996
42580
42911
42911
42911
43875
46085
46262
46480
46668
46884
47531
47543
47617
