200
273
288
288
1346
1726
2343
2559
4623
4623
4623
4632
6861
8279
8416
8508
8508
8860
8860
8889
8894
8895
8895
8895
8901
9815
10216
10216
10216
10216
11712
12369
12598
13696
13696
13838
14615
15030
16406
16483
16687
17099
17771
17771
17771
17771
18061
19286
19286
19286
19286
19286
19304
19313
19647
20192
20992
21146
21579
22164
22394
22395
22845
23568
24372
24750
24875
25609
25820
26087
26425
26462
26634
26793
27093
27619
28060
29387
30055
30098
30098
30098
30279
31156
31160
31461
31461
31461
32076
32456
33175
33522
33523
33653
33653
33653
33749
33993
34769
34798
34859
35135
35418
35676
35971
36140
36511
36775
36775
36775
36775
37092
37416
37920
38284
38290
38290
38290
38476
40523
41036
41558
41945
41945
41945
41945
44094
44293
44832
45416
45681
45758
45758
45758
45883
45915
46471
46551
46799
46804
46884
46884
46884
