525
526
534
780
899
1143
1340
1346
2243
2332
2332
2398
3487
3831
3892
3892
4084
4930
5517
5565
5568
5575
5830
6082
6082
6140
6261
7439
7439
8197
8205
8279
8279
8498
8508
8709
8777
8777
9301
9411
9416
9416
9420
9420
9420
10331
10765
10996
11366
12551
12562
12687
13212
14147
14632
14632
14640
14895
14896
14901
14901
14904
15032
15063
15415
16253
17945
18278
18300
18480
18480
20023
20269
20273
20273
20273
20273
20273
20574
20574
20670
21494
22843
23290
23290
23290
23290
23290
23290
23290
23290
23335
23718
23718
23721
23836
24098
24291
24399
24614
24875
24875
25036
25051
25106
25143
25468
25911
26053
26461
26461
26909
27010
27010
27010
27010
27010
27010
27010
27010
27303
27807
27807
27807
28060
28424
28424
28424
28424
28425
28482
28485
28613
28613
28613
28613
29186
29188
29387
31003
32055
32076
32091
32091
32091
32091
32091
32091
32091
32194
32301
32495
32495
33496
33591
34510
34510
34753
34753
35141
35829
37422
37422
38191
38280
38290
38305
39037
39037
39846
39899
39962
40697
40697
40880
41045
41525
41531
41662
41996
42687
42767
42773
42832
42960
43339
44408
44536
45068
45784
46052
46082
46330
46480
46480
46804
46884
46884
47312
47543
47543
