286
297
700
700
801
1233
1280
1280
1284
1683
1725
2564
3702
3702
6062
6960
7439
7439
7439
8150
8257
8281
8823
8986
9706
12374
12394
12404
12404
12404
12404
12404
12404
12404
13107
14063
14422
16406
16424
16424
16934
17503
17784
17784
17784
17784
17985
18039
18554
18558
19699
20011
20011
20209
20251
20273
20381
20991
22395
22397
22422
22570
23991
24614
24893
24937
25269
25609
26093
26093
26122
26525
27233
27233
27233
27233
28408
28800
28811
29300
30139
30634
30634
31461
31461
31706
31706
31706
31898
33641
33641
33646
34546
34770
36400
36640
37107
37390
37531
37643
38345
38562
38562
38565
39022
39320
40154
40351
40574
40574
40953
41517
41521
41523
41558
42364
42559
42960
43357
43585
43641
43641
43879
43879
43879
46052
46154
46479
46884
46884
46991
