200
288
361
440
440
447
899
1288
1346
1346
1346
1725
1725
1982
1982
2132
2132
2144
2938
2938
2993
2993
2999
3077
3077
3597
3597
3597
3597
3792
3831
4302
4302
4654
5000
5107
5107
5110
5296
5368
5408
5408
5989
6057
6082
6082
6082
6214
6214
6214
6267
6557
6787
7177
8576
8670
8676
8777
9087
9430
9470
9816
9819
10144
10144
10369
10369
10516
10586
10590
10590
10772
10896
11394
11448
11448
12758
12758
12758
12871
12871
13018
13288
13424
13696
13696
13856
13961
13961
13961
14640
14640
14895
14896
14901
14917
15083
15209
15232
15350
15840
15846
16004
16047
16052
16052
16062
16062
16062
16062
16083
16287
16379
16379
16389
16595
16837
16934
17376
17900
18061
18061
18061
18061
18061
18182
18206
18460
18945
18971
18971
18971
18971
18971
18971
18971
19286
19295
19746
19746
19746
19838
19996
20192
20192
20648
20764
20764
21039
21039
21124
21480
21577
21582
21673
22217
22570
23024
23024
23024
23353
23353
23371
23371
23371
23374
23421
23875
23875
23875
23944
23960
23960
24062
24196
24213
24559
24793
24809
24809
24975
25094
25106
25468
25616
25820
26460
26725
26923
26923
26939
26939
27080
27084
27107
27107
27196
27225
27228
27228
27462
27462
27724
27724
27727
27727
27727
27727
27727
27728
27728
27728
27728
27728
27728
27728
27728
27728
27728
27807
27807
27963
28282
28380
28380
28380
28380
28567
28567
28567
28567
28604
28693
29245
29387
29387
29878
29878
29878
29878
29878
29878
29878
30397
30398
30489
30837
30837
30837
30837
30837
30837
31053
31432
31461
31461
31468
31944
31944
32059
32090
32091
32311
32691
33051
33380
33515
33591
33770
33887
34165
34585
34783
35082
35105
35105
35190
35410
35489
35645
35648
35733
35733
35768
35773
35971
35971
36103
36103
36138
36138
36320
36394
36410
36457
36457
36457
36463
36463
36591
36591
37080
37080
37088
37092
37092
37092
37092
37092
37092
37107
37107
37107
37107
37107
37357
37416
37420
37457
37531
37675
37860
37866
37879
37882
37882
38201
38268
38473
38662
38735
38735
38759
38759
38759
38759
38759
38759
38762
38764
38879
38944
38960
39055
39121
39121
39153
39422
39437
39437
39437
39437
39437
39437
39437
39437
39437
39437
39437
39437
39616
39754
39754
39772
39777
40029
40154
40184
40189
40723
40828
40829
40889
40978
41273
41854
41895
41985
41996
41996
42649
42670
42723
42794
42960
42960
43117
43117
43117
43117
43272
43272
43425
43425
43425
43562
43575
43636
44094
44094
44595
44595
44877
45275
45275
45291
45546
45548
45869
46047
46159
46204
46249
46262
46330
46480
46614
46758
46884
46884
46884
47191
47204
47543
47543
47543
47543
47543
47631
