279
444
444
444
510
949
949
962
1288
1346
1451
2052
2125
2491
2928
3154
3473
4186
5277
6001
6054
6054
6054
6260
6269
6269
6984
6984
6984
6984
6984
6984
7154
7160
7160
7160
7160
7166
7176
7176
7176
7176
7176
7176
7176
7176
7176
7176
7176
7177
7520
7520
7633
7671
8219
8226
8281
8508
8857
8929
9105
9278
9893
10143
10375
10375
10504
10504
10652
10962
11570
11651
11790
11790
11816
12099
12758
13061
13065
13065
13065
13283
13283
13283
13297
13838
14380
14396
14647
14809
14915
14946
15211
15349
15392
15640
16004
16004
16047
16361
16648
17060
17499
17620
17940
18039
18061
18061
18061
18079
18240
18278
18460
18517
18517
18787
18947
19273
19286
19286
19286
19286
19286
19286
19286
19286
19286
19286
19286
19286
19286
19286
19295
19313
19433
19453
19983
19983
19983
19983
19983
20105
20666
21144
21194
21241
21717
22069
22397
22650
23024
23581
23705
23944
23944
23991
23992
24262
24262
24264
24614
24751
24757
25106
25361
25361
25361
25602
25609
25750
25820
25820
25820
26523
26576
26576
26576
26576
26576
26576
26576
26576
26576
26576
26576
26576
26576
26576
27080
27486
27564
27621
27697
27697
27697
27697
27807
27807
27836
27836
28424
28424
28434
28434
28434
28613
28613
28657
29306
29387
29410
30053
30053
30859
30941
30941
30980
31216
31461
31461
32055
32055
32055
32055
32136
32136
32596
33156
33158
33258
33258
33342
33342
33342
33496
33523
33626
33770
33771
33919
33925
33985
34039
34532
34714
35074
35074
35169
35648
35886
35896
35912
36138
37070
37107
37107
37107
37339
37554
37554
37554
37554
37554
37570
37920
37920
37927
38290
38312
38944
39751
40021
40148
40154
40184
40217
40351
40351
41525
41525
41525
41525
41525
41525
41528
41866
41866
41895
41911
41911
42284
42559
42639
42639
42644
42737
43082
43444
43444
43444
43444
44413
44874
44874
45233
45421
45749
46052
46052
46330
46333
46472
46472
46480
46480
46565
46596
46712
46758
46884
46884
46884
46884
46884
47186
47186
47192
47199
47237
47283
47283
47531
47531
47531
47531
47543
47543
47609
47611
47611
