279
323
324
440
444
447
462
778
778
780
888
1286
1346
1392
1429
1460
1460
1763
2993
3487
3555
3762
3773
3831
4049
4341
4776
4853
5105
5186
5186
5295
5296
5368
5368
5763
6073
6082
6082
6082
6082
6082
6082
6082
6106
6107
6140
6160
6363
6843
6898
7176
7176
7239
7251
7435
7435
7435
7452
7461
7546
7579
7649
7708
8136
8146
8279
8287
8487
8499
8777
8788
8985
9142
9153
9411
9411
9470
9470
9470
9470
9470
9470
9499
9499
9707
9707
9941
10578
10597
10597
10666
10666
10682
10779
10855
10996
11000
11020
11022
11022
11022
11301
11365
11456
11459
11500
11569
11787
11807
12295
12295
12296
12304
12306
12306
12467
12564
12636
12705
13212
13212
13219
13219
13488
13852
14148
14178
14202
14215
14396
14606
14612
14620
14620
14640
14647
15063
15177
15188
15188
15212
15256
15256
15263
15273
15349
15608
15670
15812
15836
15841
15913
16083
16601
16687
16687
16830
16830
17060
17167
17167
17167
17167
17496
17611
17750
17923
18061
18061
18061
18278
18278
18279
18279
18300
18526
18526
18526
18526
18764
18810
19012
19279
19304
19453
19459
19836
19950
19950
20023
20251
20411
20491
20910
21337
21363
21494
21583
21744
21744
21744
21753
22147
22147
22187
22455
22830
22838
22903
22903
22998
23024
23024
23024
23026
23026
23187
23199
23199
23408
23422
23568
23705
23705
23705
23705
23705
23721
23944
24101
24101
24101
24169
24169
24169
24174
24175
24196
24196
24213
24498
24594
24614
24614
24614
24614
24737
24782
24793
24793
24793
24809
24816
24816
24816
24816
25468
25602
25609
25609
25609
25820
25911
25911
26078
26363
26621
26845
26991
26996
26996
27106
27580
27618
27618
27768
27771
27836
28060
28060
28060
28060
28060
28060
28266
28283
28285
28424
28425
28485
28604
28613
28613
28657
28657
28657
28693
28839
29245
29306
29596
29878
29878
30053
30054
30096
30163
30178
30279
30420
30422
30803
30806
30806
31057
31057
31057
31102
31228
31287
31287
31461
31461
31461
32065
32080
32091
32251
32352
32373
32373
32378
32386
32386
32596
32596
32682
32732
32732
32732
32732
32732
33029
33064
33143
33223
33248
33258
33258
33598
33603
33626
33749
33749
33909
33919
33919
33919
34065
34173
34173
34239
34257
34532
34532
34532
34557
34557
34557
34557
34654
34931
35104
35136
35162
35162
35407
35410
35416
35428
35428
35652
35967
36320
36320
36332
36332
36575
36754
36914
37142
37237
37903
37920
38184
38284
38290
38290
38305
38316
38339
38450
38941
39037
39621
40109
40480
40480
40507
40531
40549
40723
40794
41032
41393
41393
41525
41525
41525
41979
41979
42013
42565
42790
42794
42794
42794
42902
42960
42978
43100
43123
43148
43255
43326
43339
43339
43398
43500
43597
43636
43638
43880
43888
43888
43931
44001
44812
44836
44874
45159
45291
45431
45732
45915
45960
45966
46032
46152
46152
46152
46152
46164
46164
46350
46363
46419
46433
46479
46479
46614
46614
46668
46712
46720
46758
46884
46884
46884
46884
46884
46884
46884
46884
46884
46884
46884
46935
46935
47055
47122
47122
47186
47186
47531
47543
47543
47543
47543
