285
525
704
747
747
747
748
755
897
904
904
904
1280
1324
1346
1346
1370
1392
1392
1420
2316
2332
2332
2332
2504
2547
2854
2884
2907
3077
3077
3444
3444
3792
3869
4157
4177
4178
4817
4833
4833
5081
5186
5238
5277
5277
5295
5295
5296
5307
5343
5413
5763
5763
6082
6549
6549
6549
6549
6549
6717
6738
6866
6866
6898
6905
7081
7154
7154
7205
7454
7454
7588
7708
7708
7716
7817
7852
8003
8162
8202
8207
8208
8208
8245
8281
8356
8356
8439
8801
8857
8860
8954
8954
8987
9145
9468
9468
9504
9542
9611
9611
9683
9706
9876
10190
10532
10559
10812
11136
11136
11136
11136
11136
11378
11381
11464
11467
11468
11468
11501
11583
11680
11765
11796
11950
11955
12255
12429
12429
12750
12754
12797
12947
13119
13212
13212
13219
13219
13301
13301
13360
13523
14063
14091
14147
14531
14531
14531
14606
14640
14679
14958
14960
15008
15177
15308
15418
15420
15470
15667
15929
16038
16038
16187
16424
16512
16512
16512
16579
16595
16683
16830
16830
16830
16830
16830
16984
17058
17333
17496
17562
17611
17611
17756
17838
17846
18061
18061
18061
18079
18079
18279
18342
18460
18480
18880
18898
19321
19453
19494
19554
19647
19880
19996
19996
20105
20105
20105
20251
20991
20992
20992
21084
21143
21193
21241
21241
21241
21484
21738
21759
21828
21897
21944
21944
21944
21944
21944
22179
22253
22253
22265
22265
22397
22397
22572
22572
22790
22839
23024
23568
23574
23705
23736
23995
24028
24101
24196
24213
24399
24476
24494
24614
24614
24821
25044
25085
25162
25609
25609
25622
25820
25820
25820
25905
26125
26125
26179
26363
26363
26462
26918
27080
27084
27087
27700
27700
27807
27836
27925
27939
28265
28283
28285
28304
28387
28466
28467
28467
28467
28468
28613
28613
28719
28894
29196
29196
29306
29538
29698
29698
29751
29878
29878
29878
29878
29878
30052
30052
30053
30549
30620
30976
30979
30979
30980
30980
30980
31003
31040
31133
31242
31480
31533
31609
31937
32136
32140
32352
32352
32352
32352
32352
32352
32352
32352
32352
32352
32469
32692
32724
32734
32778
32864
33140
33246
33336
33387
33459
34116
34557
34962
35315
35339
35339
35340
35340
35376
35670
35959
36068
36575
36575
36578
36942
36942
37198
37416
37654
37738
37816
37889
37903
37903
37903
37928
38278
38278
38305
38464
38605
38944
38960
39055
39078
39422
39700
40051
40429
40531
40531
40723
40842
40963
41032
41142
41268
41305
41596
41910
41985
41996
42016
42065
42102
42109
42580
42686
42687
42687
42766
42767
42788
42829
42919
43082
43100
43398
43398
43398
43398
43398
43398
43398
43398
43398
43398
43398
43398
43398
43398
43398
43398
43398
43398
43398
43398
43398
43398
43398
43398
43398
43398
43398
43398
43398
43398
43398
43398
43398
43398
43398
43398
43398
43523
43637
43850
44094
44593
44730
44812
44836
44940
46152
46330
46330
46367
46480
46480
46668
46884
46884
46884
46884
46884
46884
46884
46884
46884
46884
46884
46884
46884
46884
46884
47053
47055
47055
47204
47224
47237
47246
47387
47387
47543
47543
47543
47543
47688
