233
233
241
440
459
516
526
533
535
619
796
897
944
1041
1208
1280
1288
1346
1356
1370
1519
1677
2078
2080
2123
2492
2606
2906
2907
3831
4321
4321
5307
5332
5408
5413
5749
5806
6082
6082
6352
6363
6407
6407
6559
6561
6905
6959
6960
7160
7176
7410
7579
7579
7950
8136
8146
8162
8190
8224
8224
8230
8281
8326
8439
8563
8670
8685
8756
8766
8861
9036
9045
9538
9773
9773
9773
9780
9789
9789
9953
10181
10192
10201
10368
10369
10488
10488
10559
10630
10652
10666
10678
10682
10762
10776
10855
10899
10899
10969
11003
11221
11414
11414
11787
11862
11940
12199
12467
12623
12765
12765
12977
12977
13060
13065
13065
13343
13343
13486
13628
14659
14911
14911
14915
14917
14946
15208
15256
15318
15349
15350
15392
15636
15673
15922
16004
16004
16004
16004
16004
16138
16480
16619
16817
16929
16929
16929
16929
17098
17209
17484
17611
17611
17753
17808
17945
18061
18061
18061
18061
18061
18079
18245
18764
18764
18785
18785
18785
18785
18898
18944
19238
19303
19303
19304
19338
19424
19453
19453
20047
20047
20047
20047
20105
20251
20251
20403
20461
20461
20992
20992
20992
20992
21040
21040
21077
21080
21097
21193
21744
21780
21782
21839
22069
22229
22397
22517
22783
22908
22940
22946
23026
23026
23026
23026
23187
23187
23568
23568
23568
23574
23580
23836
24005
24028
24262
24314
24321
24489
24526
24526
24526
24559
24575
24614
24620
24746
24793
25036
25048
25106
25269
25468
25468
25609
25609
25622
25622
25820
25820
26359
26359
26379
26379
26379
26379
26384
26523
26523
26525
26584
27080
27080
27226
27441
27441
27836
27836
28060
28060
28424
28424
28434
29237
29306
29306
29496
29498
29678
29681
29681
29682
29682
29682
29682
29682
29682
29702
29702
29751
29878
29937
29970
30053
30139
30859
30991
30991
31003
31025
31026
31053
31057
31461
31461
31461
31461
31461
31461
32064
32176
32176
32301
32301
32311
32344
32344
32344
32378
32495
32570
33118
33125
33156
33171
33205
33205
33205
33205
33207
33248
33248
33258
33274
33274
33274
33274
33372
33421
33519
33652
33749
33749
33749
33749
33749
33749
33919
33925
34079
34417
34417
34620
34847
34847
35042
35209
35209
35225
35336
35359
35359
35359
35359
35359
35563
35563
35605
35652
35677
35739
35922
35960
36068
36140
36320
36320
36324
36400
36400
36704
36964
37080
37080
37092
37092
37107
37107
37405
37416
37442
37934
38165
38204
38204
38204
38204
38204
38207
38208
38208
38208
38208
38208
38264
38267
38267
38267
38267
38267
38267
38279
38280
38284
38297
38302
38374
38476
38476
38476
38476
38476
38798
38894
38961
39037
39055
39121
39804
39959
40045
40431
40644
40918
40959
41036
41142
41319
41493
41493
41525
41525
41527
41632
41633
41895
41979
41979
42459
42479
42685
42788
42847
42960
42960
42960
42960
42960
43117
43291
43634
43854
43854
44001
44094
44652
44730
45406
45421
45722
45722
45749
45818
45915
46066
46152
46152
46330
46330
46474
46884
46884
46884
46884
46884
46884
47023
47120
47186
47204
47275
47275
47368
47531
47543
47543
47543
47566
47609
