323
447
533
671
747
910
910
910
975
1683
1683
1683
1683
1969
2118
2118
2243
2332
2993
3150
3166
3730
3831
4186
4186
4186
4186
4186
4186
4186
4209
4209
4853
4853
4870
4930
5186
5186
5307
5307
5674
5829
6082
6251
6867
6884
6884
6898
7034
7148
7229
7579
7649
7649
7649
7649
7649
8025
8025
8029
8230
8279
8591
8896
8985
9021
9166
9539
9801
9893
9938
10053
10143
10144
10523
10559
10559
10559
10559
10597
10597
10599
10747
10874
10874
10874
10874
10874
10962
10966
11130
11136
11344
11419
11702
11848
12393
12412
12456
12463
12487
12704
12712
12750
12771
13202
13486
13488
13696
13696
14100
14147
14147
14147
14147
14147
14147
14147
14147
14148
14148
14620
14871
15259
15259
15415
15418
15418
15420
15579
15817
16004
16031
16038
16062
16424
16424
16424
16424
16660
16687
16830
16920
17484
17611
17784
17838
18054
18054
18054
18061
18061
18061
18300
18300
18300
18300
18365
18476
18517
18517
18520
19015
19256
19313
19313
19454
19647
19940
20131
20143
20295
20828
20992
21673
21744
21851
21940
22397
22783
22783
22830
22830
23705
23705
23705
23719
23722
23722
23902
23944
24028
24028
24028
24028
24096
24098
24103
24236
24236
24236
24358
24372
24614
24616
24782
24903
24993
25051
25106
25106
25106
25106
25609
25707
25756
25905
26179
26179
26359
26411
26777
26777
27084
27084
27084
27084
27226
27226
27807
27807
27836
27836
28387
28424
28613
28613
28613
28800
28995
29245
29245
29300
29785
29878
30053
30398
30976
30976
31057
31087
31343
31613
32076
32224
32350
32350
32350
32350
32373
32468
32596
32604
33121
33158
33158
33449
33449
33450
33450
33450
33591
33594
33598
33598
33629
33902
33915
33919
33993
34173
34173
34207
34532
34532
34783
34885
35206
35368
35382
35621
35818
35910
36335
36410
36575
36932
36942
37036
37732
37866
37866
37920
37981
38284
38305
38310
38407
39055
39080
39726
39825
40437
40437
40437
40437
40437
40437
40664
41361
41525
41530
41558
41979
41985
42004
42220
42220
42580
42650
42650
42686
42687
42687
42690
42960
42960
43082
43100
43224
43224
43255
43255
43300
43398
43398
43416
43662
43745
43850
43854
43856
44145
44282
44496
44533
44825
45141
45157
45223
45425
45788
45788
45960
46152
46152
46152
46152
46159
46330
46479
46479
46479
46479
46668
46884
46884
46884
46884
46884
46884
47089
47133
47133
47133
47186
47204
47571
47571
