8
8
8
8
320
331
373
515
749
1284
1725
2118
2807
2815
2815
2815
2938
2938
3104
3104
3696
4651
4651
5539
5539
5543
5568
5569
5569
5569
5569
5575
5575
6170
6170
6170
6170
6251
6251
6251
6251
6621
6843
7579
7588
7671
8126
8222
8231
8985
8986
8986
8987
9168
9372
9538
10484
10520
10520
10614
10620
10846
10846
10996
10996
11049
11136
11136
11136
11554
11665
13340
13343
13872
13966
14242
14242
14242
14620
14712
15083
15256
15910
15912
15912
15912
15913
15913
15913
15913
15916
15916
16004
16062
16062
16095
16095
16095
16673
16673
16673
17077
17099
17108
17108
17318
17611
17611
17611
17611
17620
17753
18061
18061
18061
18414
18466
18472
18475
19033
19238
19286
19286
19286
19286
19286
19286
19453
19768
20105
20202
21146
21153
21193
21196
21197
21197
21293
21293
22070
22147
22998
23024
23736
23944
24406
24658
24782
24858
24858
24858
24858
25002
25033
25036
25036
25046
25468
25582
25584
25584
25699
25840
25840
26368
26384
26461
26461
26461
26468
27084
27472
27472
28202
28202
28202
28205
28266
28425
28434
28604
28613
28613
28665
28693
28719
28719
28719
28719
28719
28719
28719
28719
28719
28719
28729
28729
29240
29387
29698
29878
29903
30166
30976
31053
31053
31102
31156
31156
31160
31461
31509
31550
32076
33066
33258
33342
33641
33642
33645
33646
33749
33749
33749
33749
34418
34528
34557
35082
35151
35376
35408
35580
35596
35596
35625
35645
35645
35645
35645
35648
35655
35734
36114
36399
36399
36400
36914
37107
37107
37107
37107
37107
37107
37107
37107
37107
37107
37400
37400
37416
37837
37837
38268
38268
38284
38284
38284
38290
38290
38316
38708
38746
38746
38746
38746
38746
38746
38786
38937
39621
39621
39621
39621
39639
40048
40048
40048
40329
40431
40489
40816
41662
41662
42105
42444
42669
42794
42978
42978
43278
43499
43506
43636
43639
43884
43884
43884
43884
43884
43884
44337
44338
44877
45047
45047
45234
45272
46052
46052
46052
46263
46330
46439
46721
46758
46884
47019
47186
47199
47265
47531
47531
47535
47541
47543
47543
47543
