74
74
229
233
233
233
233
233
233
233
233
233
234
239
239
747
749
1065
1228
1280
1323
1340
1346
1510
1563
1612
1725
1752
1752
1754
1911
1969
2039
2082
2350
2491
2706
2761
2980
2993
3078
3143
3175
3269
3683
3783
4077
4410
4509
4619
4691
4791
4853
5107
5186
5186
5881
5881
5881
6035
6053
6054
6082
6140
6293
6293
6482
6890
6898
6898
6899
6905
6907
6937
7432
7810
8025
8092
8094
8136
8136
8230
8231
8244
8850
8857
8950
9141
9177
9706
9724
9829
9865
10301
10516
10586
10586
10594
10597
10599
10665
10678
10682
11030
11202
11278
11344
11378
11576
11717
12467
12562
12765
12768
13414
13486
13486
13852
13852
13868
14021
14021
14074
14147
14222
14468
14531
14640
14781
14948
15032
15112
15182
15211
15225
15350
15360
15392
15392
15636
15667
15676
15676
15676
15836
15884
16004
16004
16045
16096
16111
16406
16578
16595
16595
17484
17484
17611
17979
17979
18039
18039
18039
18279
18853
18946
18962
18982
19039
19051
19051
19120
19140
19140
19238
19238
19384
19699
19916
19996
19996
20105
20106
20106
20156
20242
20251
20251
20364
20381
20464
20648
20670
20771
21145
21196
21843
21849
21944
22041
22139
22394
22455
22727
22830
22882
22906
22984
23024
23024
23026
23221
23370
23409
23705
23881
24098
24100
24143
24147
24213
24406
24504
24559
24559
24614
24614
24614
24624
24744
25044
25096
25108
25468
25468
25602
25606
25609
25609
25609
25644
25701
25820
25820
25820
25820
26122
26363
26363
26411
26411
26462
26525
26548
26665
27080
27080
27162
27207
27533
27606
27772
27807
27807
27807
27807
27807
27836
28060
28060
28180
28265
28424
28424
28424
28757
28757
28951
29306
29576
29693
29698
29751
29878
29937
29937
29937
29937
29937
29937
29946
30053
30166
30398
30445
30634
30824
30980
31057
31057
31102
31153
31357
31461
31461
31461
31461
31461
31461
31461
31461
31461
31461
31763
32055
32139
32344
32378
32386
32386
32386
32386
32386
32844
33058
33125
33199
33421
33648
33749
33818
34021
34104
34173
34365
34365
34365
34365
34365
34365
34366
34537
34585
34585
34586
34621
34626
34713
34714
34714
34719
34719
34720
35037
35236
35645
35904
35915
36103
36914
36994
37048
37080
37107
37107
37107
37416
37554
37866
37903
38267
38345
38407
38585
38591
38661
38778
39153
39153
39621
39621
39621
39639
39751
39751
39777
39806
39816
39958
39970
40148
40148
40266
40472
40490
40507
40723
40816
40816
40816
41190
41314
41319
41383
41558
41840
41901
41911
41930
41979
41996
42013
42293
42335
42337
42444
42580
42580
42649
42670
42670
42686
42686
42687
42687
42767
42783
42788
42793
42793
42793
42793
42793
42793
42793
42793
42793
42794
42960
42960
42960
42960
43010
43117
43346
43456
43456
43456
43894
44051
44092
44092
44094
44145
44255
44839
45272
45738
45749
45816
45816
45818
45903
46064
46085
46330
46333
46367
46374
46480
46614
46673
46884
46884
46884
47113
47118
47118
47118
47118
47118
47118
47118
47120
47177
47183
47186
47191
47237
47262
47265
47281
47288
47288
47531
47543
47617
47617
47631
47631
