142
142
279
279
323
440
447
451
472
778
801
888
1009
1009
1009
1324
1346
1346
1460
1460
1563
1967
2030
2139
2360
2387
2492
2989
2993
3077
3555
3646
3694
3779
3792
3831
3831
3831
4652
4652
4751
5107
5107
5392
5763
5924
6035
6082
6082
6082
6140
6140
6140
6363
6407
6738
6745
6755
6861
6984
6984
6984
6984
6984
7176
7176
7176
7176
7433
7461
7579
7641
7708
7729
8026
8067
8146
8162
8230
8281
8632
8708
8985
8985
8988
9100
9102
9102
9470
9470
9492
9508
9773
9896
9896
9976
10368
10368
10369
10465
10465
10504
10516
10578
10666
10851
11020
11181
11181
11181
11183
11183
11183
11183
11184
11301
11385
11402
11402
11418
11455
11629
11781
11811
12304
12465
12487
12801
12906
13128
13534
13616
13616
14215
14396
14396
14606
14606
14606
14620
14620
14640
14640
14649
15063
15198
15212
15350
15350
15495
15532
15579
15579
15579
15581
15836
15841
15913
16062
16062
16214
16214
16214
16214
16214
16214
16214
16214
16214
16214
16214
16214
16334
16340
16406
16480
16486
16512
16830
17167
17288
17290
17388
17496
17976
17976
18039
18079
18278
18279
18279
18384
18456
18526
18526
18526
18526
18526
18526
18810
18998
19033
19033
19041
19174
19343
19453
19574
19574
19574
19639
19639
19639
19639
19950
19950
19958
19996
19996
19996
20105
20108
20203
20246
20251
20251
20251
20662
20764
20910
21080
21146
21241
21293
21583
21673
21753
22028
22395
22455
22455
22497
22517
22537
22537
22537
22903
22903
22951
23001
23001
23024
23187
23266
23267
23353
23353
23353
23353
23568
23580
23944
24055
24055
24057
24057
24147
24165
24169
24169
24236
24236
24236
24435
24559
24614
24614
24614
24685
24782
24793
24793
24809
24809
24816
24895
24896
25044
25143
25468
25697
25820
25820
25820
26525
26548
26548
26548
26586
26845
26909
27106
27349
27349
27533
27580
27836
28182
28184
28266
28380
28657
28657
28657
28657
28657
28693
28848
29306
29677
29682
29698
29698
29698
29878
29878
29878
29878
29997
30096
30143
30163
30178
30279
30398
30806
30806
31042
31042
31228
31402
31526
31771
31792
32090
32352
32596
32732
33064
33125
33205
33258
33258
33272
33897
34150
34150
34532
34532
34532
34713
34714
34759
34812
35120
35136
35407
35410
35410
35652
35684
36068
36069
36069
36138
36138
36501
36501
36901
36901
36911
36937
37107
37107
37107
37107
37107
37107
37107
37107
37107
37107
37107
37107
37107
37416
37420
37554
37587
37837
37862
38222
38325
38325
38325
38343
38345
38345
38946
38961
39055
39055
39080
39157
39484
39484
39709
39745
39759
39759
39767
39927
40531
40581
40581
40723
40794
40829
40962
40972
41052
41159
41525
41525
41979
41985
41992
42103
42559
42565
42686
42699
42790
42790
42793
42794
42794
42960
42960
42960
42960
42960
42978
43100
43117
43117
43174
43272
43299
43326
43888
43888
43893
43931
43931
43932
44094
44094
44337
45438
45722
45816
45818
46152
46330
46419
46433
46441
46441
46614
46661
46712
46884
46884
47055
47122
47177
47186
47204
47204
47539
47543
47543
47543
47571
47611
