372
373
373
379
440
444
462
462
525
536
836
836
844
1315
1340
1346
1429
1429
1429
1431
2115
2118
2748
2796
3093
3308
3323
3552
3775
4049
4198
4410
4681
5575
6082
6209
6223
6758
6861
6898
6898
6898
7140
7160
7253
7454
7638
7649
7649
7649
7649
7649
8591
8591
9166
9470
9482
9706
10630
10636
10969
11054
11304
11468
11468
11826
12287
13060
13107
13219
13349
13414
13498
13598
13721
13756
13956
13956
13956
13956
13958
13958
13958
13958
13958
13958
13959
13959
13959
13959
13959
13959
14021
14075
14075
14076
14463
14612
14620
14647
14649
14701
14741
14768
14768
15072
15673
16054
17060
17298
17434
17437
17496
17611
17611
17681
17750
17945
17945
18061
18278
18300
18360
19009
19313
19334
19647
19673
19836
20023
20023
20204
20250
20273
20364
20364
20364
20364
20364
20662
20704
20704
20704
20992
21039
21146
21326
21326
21613
21719
21720
21721
22147
22147
22147
22790
23353
23568
23705
23705
23722
23736
23944
23960
24295
24614
24816
25468
25609
25622
25702
25705
25820
26077
26363
26525
27080
27094
27233
27768
27770
28265
28266
28285
28424
28424
28434
28552
28552
28552
28552
28567
28567
28571
28613
28623
28693
29186
29245
29300
29306
29576
29660
29878
29971
30053
30053
30053
30280
30790
30976
31003
31003
31025
31057
31102
31461
31601
32076
32080
32377
32386
33256
33314
33351
33413
33413
33515
33616
33641
33771
33919
33989
34016
34557
34557
34585
34626
34660
34720
35159
35645
35737
35773
35886
35888
36027
36062
36639
37107
37399
37889
37940
38211
38236
38284
38325
38407
39226
39227
39227
39678
39725
39751
39893
39962
40045
40148
40149
40733
40766
40834
40918
40918
41621
42102
42102
42102
42253
42253
42253
42261
42263
42263
42565
42864
42960
42960
43326
43505
43511
43592
44094
44094
44343
44573
44836
45961
46154
46480
46480
46668
46884
46884
46884
46884
46884
46884
46884
47118
47183
47186
47186
47191
47237
47237
47237
47237
47246
47265
47543
47609
47609
47609
47709
47709
47709
47709
