15
320
510
510
1346
1346
1346
2332
2508
2608
2938
3077
3226
3498
3670
3919
4049
4460
5792
5881
6054
6082
6082
6348
6557
6558
6898
6898
7542
7979
8511
8850
8985
9004
9006
9031
9411
9411
9411
9411
9420
9483
9483
9483
9483
9485
9964
10516
10762
10811
11152
11215
11344
11407
11411
11411
12145
12467
12647
12719
13346
13414
13961
14252
14640
14717
14901
15113
15764
15898
15922
15932
16403
16898
16900
18279
18971
19214
19453
19642
19746
19746
19746
19746
20295
20295
21143
21194
21194
21480
21494
21707
21707
21707
22133
22147
22394
22394
23914
24064
24064
24105
24358
24559
24614
24816
24882
25468
25582
25583
26170
26523
26719
26719
26725
26932
26939
26939
27836
28387
28613
28613
29387
29387
29602
29751
29878
29937
30280
31003
31025
31461
31461
31550
31880
32064
32566
32694
32694
32696
32696
32696
32696
32696
32696
32696
33119
33199
33256
33256
33380
33387
33498
33648
34084
34536
34720
35492
35583
35584
35584
35586
35586
35587
35587
35625
35652
35917
35917
35917
35949
35970
36457
36457
36457
36457
36457
36457
36463
36463
36463
36463
36463
36463
36463
36463
36560
36583
36745
36924
37107
37107
37107
37107
37784
37787
37882
37920
38268
38347
38960
38961
39184
39778
40151
40151
40151
40151
40151
40207
40264
40803
40803
40822
40918
41047
41568
41568
41568
41568
41657
41657
41658
41933
41933
41979
42226
42226
42351
42352
42565
42580
42580
42794
42794
42960
42960
43186
43272
43600
43638
45272
45284
45285
45291
45548
45865
46387
46387
46387
46433
46441
46452
46576
46576
46576
46605
46605
46758
46884
46991
47053
47186
