133
133
142
142
197
218
218
221
271
277
373
440
459
473
473
666
704
778
888
897
903
1187
1324
1346
1346
1346
1346
1772
1827
1967
1969
2054
2118
2217
2241
2243
2262
2267
2268
2268
2332
2378
2488
2600
2603
2876
2938
2993
3077
3077
3100
3413
3444
3473
3755
3777
3816
3827
3832
3919
3919
4049
4049
4154
4833
5186
5289
5295
5296
5460
5699
5701
6082
6082
6083
6140
6140
6161
6266
6416
6447
6727
6727
6786
6787
6884
6966
7251
7272
7341
7481
7579
7579
7579
7620
7918
8031
8032
8450
8525
8752
8752
8767
8807
8918
9349
9468
9470
9470
9478
9489
9504
10190
10331
10479
10652
10678
10681
10997
11304
11468
11629
11629
11829
12207
12487
12570
12570
12570
12786
13212
13216
13268
13600
13838
13852
13960
14100
14148
14226
14530
14530
14530
14530
14531
14560
14560
14606
14640
14701
14702
14717
14817
14911
14968
14972
15112
15113
15202
15211
15229
15229
15256
15259
15268
15314
15318
15359
15809
15809
15905
15905
15913
15922
15922
15924
16004
16601
16648
16648
16916
16934
17020
17021
17060
17104
17104
17396
17399
17611
17611
17611
17619
17750
17753
17945
17945
17945
17985
18058
18060
18061
18061
18061
18061
18278
18278
18334
18475
18548
18686
18870
18971
19033
19453
19647
19701
19834
19836
20055
20212
20364
20365
20381
20649
20656
20735
20993
21230
21230
21716
21759
22131
22147
22253
22282
22370
22397
22825
23024
23024
23024
23024
23024
23042
23266
23292
23408
23408
23568
23914
24028
24096
24100
24190
24270
24372
24559
24614
24614
24614
24975
25046
25048
25048
25048
25158
25468
25468
25602
25609
25609
25609
25609
25622
25820
26122
26125
26179
26356
26363
26368
26411
26526
26548
26701
26909
26909
27228
27365
27441
27462
27528
27533
27836
28266
28266
28424
28434
28434
28465
28467
28613
28613
28693
29002
29196
29306
29306
29490
29751
29878
29878
29878
30139
30608
31003
31025
31046
31461
31461
31461
31461
31473
31504
31533
31533
31550
31602
31609
31859
32091
32301
32373
32373
32386
32386
32578
32596
32596
32658
32732
32848
32849
32904
32988
33051
33158
34372
34372
34418
34518
34585
34585
34585
34585
34585
34620
34626
34626
34721
34841
35063
35115
35194
35204
35339
35339
35340
35371
35910
35922
36121
36179
36179
36320
37107
37107
37416
37416
37511
37587
37587
37595
37837
37837
37920
37920
37920
37934
37939
37939
37939
38191
38305
38305
38706
38706
38737
38894
39037
39037
39037
39153
39372
39530
39745
39751
39823
39837
39876
39878
39878
40021
40109
40184
40437
40507
40531
40605
40701
40723
41070
41070
41070
41273
41351
41496
41599
41628
41754
41937
41979
41979
41992
42444
42470
42559
42686
42687
42687
42687
42687
42687
42766
42768
42768
42794
42794
42876
42960
42960
42960
43074
43117
43117
43164
43398
43398
43398
43398
43398
43850
44009
44337
44559
44730
44812
44812
44825
45068
45103
45141
45204
45749
45749
45961
45963
46154
46154
46159
46330
46330
46333
46480
46480
46565
46668
46758
46758
46884
46884
47023
47237
47237
47531
47543
47571
47571
47571
