120
510
526
1280
1346
1502
1502
1502
1510
2022
2144
2241
2332
2355
2362
2993
3143
3303
3303
3303
3792
4013
4049
4049
4842
5565
5761
5761
5761
5761
5984
6163
6163
6170
6170
6170
6240
6240
6240
6310
6727
6905
7481
7816
8292
8292
8317
8317
8985
9117
9470
9470
9470
9483
10186
10504
10628
10652
10652
10652
11651
11663
11902
12771
12780
13107
13600
13600
13645
13839
13852
14129
14129
14606
14640
14640
14669
14769
14874
14874
15083
15178
15193
15256
15319
15662
15850
15850
16194
16601
16680
16705
16898
17611
17620
17700
17945
17945
18061
18280
18476
18480
18480
18480
18480
18880
20295
21194
21195
22070
22147
22570
23024
23024
23024
23570
23914
23921
23921
23921
23944
23960
24165
24165
24213
24213
24358
24364
24399
24406
24676
24676
24676
24676
24685
24685
24685
24831
25570
25820
25840
25906
26356
26379
26728
26835
26991
26991
27379
27380
27528
27619
27836
28567
28613
29186
29186
29247
29306
29387
29387
29387
29391
29391
29391
29603
29790
30440
30717
31078
31078
31078
31078
31396
31461
31461
31461
31461
31461
31461
31461
31533
32091
32244
33124
33124
33246
33380
33919
34227
34227
34227
34227
34238
34238
34351
34418
34585
35065
35158
35360
35373
35896
36238
36238
36238
36241
36393
36393
36393
36395
36745
36914
37107
37107
37355
37405
37405
37405
37822
37920
37927
38284
38290
38290
38325
39055
39756
39846
39846
39846
39899
40154
40429
40544
40544
40544
40544
40544
40548
40548
40548
40548
40548
40548
40685
41258
41339
41407
41598
41598
41614
41712
41712
42335
42541
42541
42794
42960
43107
43443
43443
43443
43443
43454
43454
43454
43454
43454
43454
43562
43562
43592
43600
44337
45272
45275
45275
45291
45291
45291
45415
45416
46075
46075
46075
46075
46075
46075
46075
46433
46434
46551
46565
46576
46884
46884
46884
46884
47038
47053
47265
47275
47531
47531
47531
47531
47617
