1104
1726
3581
5039
5039
5039
5039
5039
5178
5181
5181
5182
5763
6240
6240
6558
6738
7439
8226
8307
8915
10192
10504
10678
12655
13212
13774
15208
15225
15922
16679
17168
19832
21195
21484
22070
22147
22442
22783
22790
24028
24103
24816
25103
25241
25468
25606
27073
27770
27930
28266
28613
28613
28657
31003
32076
32091
32303
32712
33133
33777
33777
33777
33777
33919
34721
37107
37142
37422
38115
38305
38305
38312
38944
39138
39692
42794
42978
43325
44282
44416
45108
46027
46075
46075
46075
46075
46884
47039
47531
