271
271
271
276
276
277
279
323
323
358
440
447
700
700
702
703
705
899
902
1280
1282
1346
1346
1396
1460
1563
1625
1763
1763
1969
2030
2030
2030
2030
2030
2030
2031
2033
2033
2033
2033
2037
2044
2264
2332
2492
2560
2563
2984
2984
2987
2989
3077
3088
3308
3831
3919
4013
4013
4481
5098
5207
5763
5984
5984
5984
5989
6001
6082
6082
6082
6082
6269
6363
6407
6407
6416
6416
6416
6416
6416
6416
6416
6416
6416
6416
6419
6738
6745
6755
6884
6899
6959
6959
6960
6960
7239
7427
7477
7477
7477
7477
7478
7478
7478
7478
7478
7478
7479
7481
7483
7641
7641
7936
8146
8162
8525
8558
8708
8735
8807
8915
8985
8985
8985
8985
8985
9470
9470
9896
10186
10516
10559
10559
10578
10665
10665
10665
10678
10678
10678
10851
10857
11020
11301
11344
11344
11651
11781
11787
11807
11808
11811
11811
11811
11870
12120
12225
12304
12369
12487
13003
13003
13003
13003
13003
13003
13003
13003
13003
13444
13779
13852
14063
14105
14105
14215
14339
14396
14396
14606
14606
14612
14659
14659
14911
15030
15063
15198
15532
15636
15638
15841
16002
16830
17266
17377
17496
17611
17611
17619
17753
17753
17945
18279
18279
18526
18526
18526
18526
18526
19304
19304
19305
19662
19950
20246
20251
20480
20910
21021
21021
21080
21153
21240
21241
21583
21753
21759
21775
22903
22903
23024
23187
23568
23568
23568
24028
24028
24028
24028
24057
24057
24096
24150
24213
24213
24236
24236
24236
24236
24244
24314
24358
24358
24358
24559
24614
24614
24614
24614
24782
24793
24993
25044
25051
25168
25168
25168
25168
25468
25468
25609
25622
25622
25622
25697
25697
25820
25820
25820
25820
26179
26369
26845
26909
27106
27107
27349
27533
27580
27836
28266
28567
28657
28657
28665
29306
29387
29603
29689
29689
29689
29689
29689
29689
29689
29689
29689
29693
29693
29693
29693
29819
29878
29878
29878
29878
29964
30163
30178
30279
30314
30806
30806
31242
31249
31448
31461
31461
31461
31461
31461
31461
31461
31624
31792
31792
31792
31792
31982
32325
32352
32596
32717
32732
32777
33064
33064
33064
33065
33065
33246
33274
33274
33342
33413
33413
33647
33749
33749
33919
33919
34104
34150
34150
34413
34418
34511
34528
34528
34532
34532
34575
34626
34713
34714
34719
34823
35136
35307
35407
35648
35648
35648
35648
35652
36138
36320
36320
36320
36320
36320
36329
36332
36332
36452
36452
36452
36452
36775
37107
37107
37107
37107
37107
37107
37107
37107
37107
37107
37107
37107
37354
37416
37420
37619
38314
38345
38960
38961
39037
39037
39621
39639
39745
39751
40148
40151
40566
40566
40566
40794
40971
41029
41271
41345
41525
41525
41525
41525
41527
41558
41639
41979
41985
41992
42104
42322
42559
42687
42794
42960
42960
42960
42960
42978
43117
43117
43117
43117
43708
43708
43888
43888
44152
44363
44386
44975
45304
46001
46001
46001
46001
46001
46056
46330
46419
46439
46479
46479
46614
46712
46884
46884
47042
47053
47122
47186
47186
47186
47195
47204
47265
47364
47531
47531
47531
47543
47609
