154
279
700
749
838
888
1284
1315
1446
1620
1751
1763
2010
2077
2077
2223
2241
2356
2360
2560
2583
2742
2824
2824
2993
3323
3696
3718
3720
3871
3919
4041
4084
4154
4270
4350
4882
5112
5307
5328
5367
5752
5763
5792
5815
5817
5817
5853
5853
5853
5853
5918
5920
5984
5984
5994
6098
6214
6407
6416
6559
6727
6843
6953
6960
7034
7271
7337
7369
8040
8342
8342
8342
8386
8392
8392
8400
8578
8634
8688
8802
8914
8991
9350
9403
9666
9708
9801
9938
10107
10192
10192
10305
10497
10504
10504
10504
10516
10614
10682
10902
11004
11076
11076
11136
11183
11188
11188
11202
11344
11344
11379
11379
11419
11464
11651
11664
11883
11889
11926
12249
12377
12379
12381
12487
12487
12771
12889
12993
13042
13065
13135
13414
13414
13444
13546
13696
13778
13779
13930
14147
14147
14620
14640
14655
14659
14746
14947
14957
15025
15113
15209
15211
15211
15211
15211
15495
15502
15673
15804
15905
15922
15924
15999
16146
16157
16424
16673
16830
17004
17108
17114
17422
17422
17496
17496
17753
17945
17945
17976
18039
18061
18061
18196
18206
18207
18526
18802
18898
19174
19256
19343
19453
19453
19453
19697
19996
19996
19996
19996
19996
20011
20011
20011
20012
20192
20246
20250
20381
20474
20595
20595
20773
20876
20876
20882
21146
21163
21197
21233
21241
21598
21767
21855
22022
22394
22790
22790
23024
23254
23408
23568
23705
23736
23944
23954
23960
23960
24057
24213
24244
24244
24358
24381
24620
24797
24809
24816
24816
24816
24975
24993
25024
25044
25051
25106
25106
25108
25609
25622
25820
26053
26179
26258
26296
26296
26363
26461
26678
26953
27250
27289
27462
27472
27533
27533
27768
27836
28613
28793
28811
29245
29387
29387
29407
29587
29587
29689
29705
29878
30166
30398
30630
30697
31094
31094
31102
31102
31102
31128
31228
31242
31247
31461
31461
31461
31461
31461
31461
31533
31533
31562
31624
31624
32344
32865
33029
33154
33215
33217
33256
33258
33258
33275
33449
33449
33496
33499
33624
33648
33749
33751
33771
33771
34155
34418
34528
34528
34585
34620
34714
34714
34847
35042
35118
35190
35336
35410
35548
35548
35621
35733
35733
35741
35827
36068
36138
36320
36320
36338
36360
36457
36695
36746
36797
37107
37107
37107
37107
37422
37422
37422
37422
37457
37457
37554
37866
37895
37903
37920
38267
38302
38305
38305
38353
38557
38605
38670
38787
38886
39055
39055
39153
39153
39153
39320
39327
39360
39597
39759
39759
39772
39777
39835
39846
40033
40048
40048
40051
40148
40154
40154
40574
40581
40723
40723
40723
40723
40723
40723
40723
40828
40959
40971
41066
41250
41353
41383
41525
41597
41607
41985
42125
42178
42220
42281
42335
42426
42431
42766
42777
42848
42960
42960
43100
43117
43117
43117
43184
43186
43250
43562
43598
43819
44094
44094
44337
44386
44832
44853
45073
45275
45285
45291
45438
45867
46001
46001
46001
46001
46052
46191
46275
46424
46433
46605
46884
46956
46956
46956
46956
46956
47186
47186
47195
47204
47265
47368
47375
47376
47377
47531
47543
47543
47543
47543
47543
47543
47571
47617
