279
301
440
447
510
659
662
700
700
700
707
927
1340
1346
1562
1776
1776
2144
2243
2264
2332
2332
2484
2493
2493
2493
2493
2493
2588
2588
2595
2595
2748
2928
2990
3308
4001
4013
4013
4218
4651
4863
5243
5510
5510
6082
6082
6082
6082
6082
6082
6098
6163
6163
6251
6407
6416
6861
6866
6959
7045
7176
7176
7176
7411
7519
7579
7579
7690
7714
7724
8265
8267
8279
8279
8279
8281
8281
8281
8511
8511
8558
8613
8632
8914
8914
8914
8918
8989
8990
9156
9254
9397
9411
9411
9411
9411
9411
9411
9411
9411
9411
9411
9411
9411
9411
9415
9416
9416
9416
9416
9420
9420
9420
9420
9420
9420
9420
9551
9773
9801
10143
10143
10143
10144
10144
10516
10566
10972
11136
11136
11319
11378
11381
11530
11680
11787
11941
12463
12487
12871
13107
13212
13301
13301
13301
13340
13360
13360
13474
13625
13695
13838
13842
13863
13961
13961
13961
14063
14063
14066
14066
14066
14612
14647
14654
14658
14744
15349
15930
16157
16361
16362
16409
16424
16703
16830
16920
17611
17611
17753
17753
17760
18061
18061
18061
18061
18430
18460
18466
18466
18466
18466
18466
18813
19140
19286
19286
19286
19286
19286
19453
19453
19453
19453
19453
19453
19453
19463
19463
19647
19996
19996
19996
20023
20204
20207
20250
20273
20295
20295
20295
20909
20940
20992
20992
21146
21146
21193
21373
21456
21480
21480
21480
21480
21480
21480
22179
22179
22394
22397
22397
23099
23099
23187
23287
23287
23287
23705
23705
23705
23705
23722
24455
24620
24702
24875
24875
24875
24875
24875
24875
24875
24875
24875
24975
25044
25046
25048
25048
25048
25096
25468
25622
25622
25820
25820
25820
25820
25924
26352
26384
26384
26411
26909
27462
27533
27768
28266
28408
28408
28424
28424
28424
28613
28613
28719
28719
29000
29186
29387
29387
29702
29702
29702
29702
29937
29937
29995
30166
30352
30697
30717
30722
30941
31249
31402
31461
31461
31461
31461
32055
32059
32087
32172
32373
32576
32598
32691
32691
32782
32988
32989
33029
33066
33215
33342
33591
33591
33642
33749
33749
33749
33749
33749
33749
34065
34065
34065
34065
34257
34257
34258
34258
34557
34713
34714
34714
34719
34721
35194
35332
35371
35371
35376
35734
35735
35735
35827
35829
35829
35829
35829
35829
35829
35829
35886
35904
35904
35912
35912
35912
35912
35912
36138
36395
36400
36400
36400
36400
36400
36410
36715
36715
37080
37092
37107
37437
37554
37554
37554
37570
37570
37860
37883
37920
37920
38290
38290
38290
38290
38325
38478
38486
38794
38944
39153
39322
39324
39422
39621
39621
39990
39990
40351
40351
40574
40581
40667
40822
40918
40953
40953
41047
41052
41525
41525
41525
41525
41525
41580
41901
41985
41985
41992
41992
42102
42335
42960
43042
43291
44094
44591
44825
45144
45236
45272
45272
45683
45865
45883
45944
45944
45944
45945
45949
46001
46001
46001
46001
46152
46154
46156
46241
46414
46414
46596
46596
46596
46596
46596
46596
46596
46668
46804
46884
46884
46884
46884
46884
47038
47186
47186
47186
47195
47204
47204
47204
47265
47609
