510
510
1009
1346
1392
1392
1392
1695
1695
2350
2350
2492
2725
3077
3100
3180
3764
4030
4049
4519
4853
5078
5119
5295
5314
5320
6054
6251
6251
6261
6407
6407
6953
6960
6960
7122
8162
8386
8508
9100
9254
9254
10465
10465
11076
11204
11402
11470
11651
11769
12120
12444
12687
13060
13060
13121
13357
13360
14063
14383
14606
15350
15350
15350
15579
15638
15639
16062
16402
16512
16512
16512
16579
16830
16830
17186
17186
17266
17620
17753
18061
18559
18951
18952
18952
18971
19313
19441
19453
19958
19996
19996
20105
20205
20480
20480
20480
21603
21604
21687
21691
22069
22236
22236
22236
22236
22236
22236
22236
22236
22236
22394
22517
22518
22518
22830
22830
22830
22906
23024
23187
23254
23531
23963
24169
24236
24372
24793
24975
25581
25581
25609
26358
26425
26432
26436
26576
27080
27249
27289
27528
27815
27815
27836
28339
28339
28339
28339
28408
28447
28613
29148
29306
29698
29878
30309
30824
30941
31550
31550
32055
32091
32173
32622
32988
33125
33158
33205
33205
33207
33207
33594
33912
34125
34411
34411
34411
34411
34518
34546
34718
34720
35137
35151
35344
35344
35349
35359
35360
35360
35360
35360
35360
35360
35384
35410
35424
35655
35738
36073
36262
36262
36332
36393
37080
37107
37107
37107
37107
37107
37107
37107
37107
37107
37107
37107
37107
37422
37866
37866
37895
38591
39026
39390
40209
40523
40523
40667
40803
40822
41314
41866
41949
41949
42300
42300
42363
42363
42363
42409
42412
42501
42777
42960
43082
43082
43304
43451
43592
43636
43931
43931
45100
45144
45230
45231
45845
45865
45869
45869
46079
46079
46269
46374
46441
46638
46884
46884
47053
47192
47192
47531
47539
47543
47571
47658
47658
47658
47658
47658
47658
47659
