133
353
440
440
440
473
508
525
537
537
674
803
888
888
888
905
1059
1104
1346
1392
1502
1563
1725
1763
1813
1814
1814
1972
2039
2332
2491
2583
2928
3077
3471
3473
3473
3816
3816
3915
4154
4268
4275
4305
4327
4536
5307
5352
5488
5989
6082
6082
6082
6082
6082
6082
6163
6163
6352
6352
6416
6898
7154
7280
7439
7675
8025
8025
8136
8307
8307
8307
8307
8591
8628
8915
9254
9254
9254
9285
9551
9551
9551
9551
9551
9551
9551
9551
10144
10504
10504
10504
10504
10504
10516
10703
10996
11381
11381
11381
11390
11390
11392
11394
11398
11462
11462
11483
11570
11818
12074
12337
12337
12369
12393
12467
12648
12871
13042
13060
13101
13343
13343
13357
13357
13600
13943
13961
13961
13961
13961
14021
14099
14530
14659
14717
14895
14960
14972
15033
15063
15063
15083
15177
15262
15330
15392
15764
15850
15999
15999
16002
16406
16687
16687
17475
17490
17490
17591
17611
17611
17945
17985
18079
18288
18870
19253
19286
19286
19286
19288
19295
19326
19326
19453
19453
19526
19621
19621
19621
19621
20202
20202
20250
20250
20295
20295
20295
20295
20434
20521
20654
20662
20667
20896
21193
21194
21262
21264
21326
21400
21403
21403
21403
21403
21667
21667
21673
21759
21840
22178
22296
23024
23024
23370
23495
23568
23729
23729
23729
23729
24358
24358
24614
24614
24676
24745
24975
24975
24993
25051
25413
25606
25609
25705
25811
25812
25812
25813
25820
25840
25840
25840
25840
25840
25905
25906
25984
26179
26182
26292
26292
26316
26316
26413
26435
26801
26909
26991
26991
26991
26996
27022
27107
27328
27329
27441
27533
27836
28128
28239
28266
28424
28425
28447
28486
28596
28604
28719
28719
28719
29306
29306
29387
29387
29387
29391
29698
29878
29878
29997
30139
30143
30166
30384
30386
30689
30956
31003
31045
31073
31160
31273
31273
31273
31273
31273
31273
31273
31461
31461
31480
31480
31480
31508
31745
31745
31745
31745
31763
31867
31880
32037
32059
32106
32111
32495
32576
32580
33029
33215
33256
33274
33308
33308
33309
33336
33336
33641
33641
33648
33761
33771
33798
34006
34079
34104
34463
34518
34546
34546
34556
34575
34585
35382
35637
35637
35886
35904
35967
35967
35967
35967
35971
35971
36320
36450
37107
37107
37107
37147
37214
37214
37214
37216
37216
37216
37422
37422
37422
37422
37422
37422
37422
37422
37422
37422
37439
37554
37920
37920
38170
38345
38347
38629
38907
38960
39393
39422
39805
39893
39962
40156
40211
40351
40366
40514
40830
40842
40979
41010
41204
41319
41523
41579
41607
41686
41686
41686
41866
41895
41979
41979
41996
42048
42102
42371
42493
42493
42493
42493
42493
42493
42493
42493
42493
42511
42511
42511
42511
42511
42511
42511
42511
42513
42513
42513
42513
42513
42513
42513
42513
42513
42513
42513
42513
42513
42649
42687
42691
42766
42833
42841
42978
43326
43728
43806
44094
44094
44094
44145
44145
44145
44148
44432
44603
44853
44877
45143
45173
45845
46441
46441
46441
46668
46804
46804
46809
46884
46884
46884
46884
47007
47053
47053
47053
47069
47237
47281
47571
