440
444
820
888
1315
1325
1340
1340
1340
1725
1726
1763
2037
2075
2332
3698
3698
3698
3698
4853
5005
5338
5539
5994
6140
6236
6885
7178
7529
8162
9008
9254
9254
9712
9712
9712
9726
9726
9801
9801
10078
10516
10548
10548
10614
10673
10832
10966
11777
12287
12674
12817
12871
13102
13548
13754
13774
14021
15057
15177
15256
15636
15875
15913
15924
16004
16481
16578
16673
16673
16853
16855
16855
16855
16855
17167
17212
17496
18061
18061
18061
18061
18764
18764
18764
18971
18971
19238
19453
19838
19961
19961
20250
21337
21897
21899
22395
22833
22979
23024
23024
23565
24676
24858
24868
24869
25101
25103
25103
25106
25106
25468
25820
25820
26175
26179
26384
26384
27472
27533
27649
28424
29245
29306
30806
31228
31305
31461
31537
31764
32276
32301
32901
32902
33114
33276
33634
33641
34413
34575
34652
34720
35548
35905
35907
35907
35971
37107
37107
37107
37107
37107
37107
37420
37702
37866
37883
37883
37927
38029
38029
38067
38407
38861
38879
39030
39055
39131
39138
39991
40106
40490
40723
40852
40855
41525
41525
41551
41621
41621
41621
41621
42003
42167
42167
42459
42960
43186
43395
44094
44282
44416
44573
44846
45142
45143
45231
45234
45511
45838
46758
46884
47186
47186
47195
47195
47204
47543
47568
47709
