311
657
700
700
840
975
975
1284
1285
1340
1513
1563
1969
2035
2039
2039
2332
2492
2493
2493
3077
3077
3077
3487
3488
3506
3784
3832
4049
4500
4523
4848
4853
4853
5035
5186
5242
5307
5427
5575
5604
5606
5752
5753
5984
5989
5989
6054
6082
6082
6082
6082
6140
6140
6251
6787
6885
7176
7298
7321
7529
7557
7588
7588
7671
7681
8106
8106
8108
8162
8255
8267
8416
8577
8591
8613
8668
8771
8920
9043
9043
9254
9254
9254
9340
9504
9801
9801
9889
9960
9973
10091
10091
10091
10143
10410
10504
10516
10544
10552
10586
10597
10614
10614
10630
10700
10702
10747
10846
10851
11048
11128
11418
11418
11651
11777
11988
12187
12444
12444
12456
12467
12679
12742
13065
13343
13357
13598
13995
14242
14396
14606
14606
14606
14606
14606
14618
14620
14640
14640
14640
14640
14651
14917
14951
14958
14958
14958
14981
15113
15846
16402
16619
16629
16934
17212
17266
17353
17499
17611
17940
17945
17945
17985
18061
18079
18250
18278
18279
18475
18526
18526
18546
18647
18666
18898
18947
19012
19015
19384
19526
19554
19647
19701
20025
20025
20246
20364
20435
20509
20648
20838
20838
20896
21220
21255
21384
21480
21480
21851
21898
21900
22278
22783
22830
22830
22830
22830
22830
22830
22830
22830
22830
22833
22833
22868
22905
23024
23026
23192
23287
23287
23329
23329
23408
23568
23581
23881
23944
23944
23944
23944
23960
23960
24103
24196
24372
24481
24550
24550
24550
24553
24607
24614
24620
24676
24793
24793
24908
25002
25048
25100
25117
25468
25743
25814
25893
26003
26085
26363
26363
26370
26370
26411
26411
26663
26846
26991
27080
27080
27080
27080
27087
27226
27462
27642
28043
28216
28265
28265
28303
28424
28432
28604
28657
28672
28693
29301
29306
29411
29527
29546
29602
29684
29736
29878
29878
29878
30016
30722
31228
31461
31461
31461
31461
31461
31461
31522
31525
31836
31836
31925
32055
32066
32180
32311
32311
32373
32488
32495
32864
32935
32938
33049
33146
33158
33158
33158
33158
33158
33246
33413
33511
33556
33749
33777
33919
33919
34056
34076
34104
34104
34173
34257
34338
34418
34418
34528
34528
34528
35344
35450
35456
35607
35649
35725
35737
35933
36320
36356
36396
36914
37400
37416
37416
37420
37587
37837
37860
37917
37917
37917
37927
37938
38066
38266
38266
38284
38568
38608
38651
38651
38695
38706
38894
38894
39026
39080
39153
39157
39187
39195
39199
39351
39372
39480
39621
39621
39698
39745
39751
39751
39751
39755
39778
39805
39825
39959
40087
40361
40637
40723
40723
40855
40918
40918
40950
41029
41117
41271
41340
41403
41403
41653
41979
41979
42335
42335
42335
42431
42444
42493
42493
42580
42580
42685
42685
42685
42686
42687
42794
42872
42908
42960
43082
43888
43888
43931
44001
44015
44035
44149
44395
44590
44697
44730
44760
45026
45234
45297
45376
45588
45588
45689
45825
46032
46152
46164
46164
46262
46262
46433
46433
46433
46433
46433
46480
46668
46781
46870
46884
46884
46884
46884
46884
46884
47053
47183
47186
47186
47204
47237
47265
47288
47531
47543
47571
47604
47608
47611
