320
440
662
703
975
1346
2448
2957
2999
3456
3628
3628
3629
3735
3736
3779
3779
3779
3783
4853
4874
5763
5823
5823
6053
6214
6214
6745
7176
7381
7708
8146
8146
8386
8386
8386
8914
9529
9529
9801
9914
11278
11991
12187
12537
12738
12738
13474
13693
14647
14792
15349
16920
17060
17060
17378
17378
17611
17945
18061
18414
18466
18466
18466
18666
18952
18971
19441
19958
19958
19958
19958
19996
20499
20737
22455
22830
23914
24295
24380
24614
24614
24816
24905
25111
25150
25622
27080
27095
27441
27472
28182
28381
28800
28894
29391
29397
29878
29878
29985
29985
30140
30956
30971
31461
31461
31461
31461
31461
31461
31461
31461
33158
33215
33591
33749
33777
35648
35822
35827
35829
35933
37107
37107
37364
37364
37810
37810
37940
38062
38062
39138
39148
39621
40189
40209
40574
40822
41980
41981
42283
42591
42766
43100
44913
45845
46001
46001
46152
46436
46884
47061
47061
47531
47617
