496
510
510
1041
1194
1620
2101
2938
2938
3792
3915
3915
4360
4713
5278
5332
5368
5763
5984
6001
6035
6082
6082
6082
6082
6082
6885
6885
6885
6885
6885
7160
7160
8279
8439
8509
8724
8761
8807
8985
9254
9254
9706
9726
9726
9893
11278
11663
11950
12467
13121
13598
13696
13696
13696
13774
13779
13779
14063
14063
14647
14647
14716
15913
15913
15913
16203
16648
16855
17611
17945
18061
18061
18518
18518
18944
19432
19453
19453
20577
21146
21153
21153
21157
21157
21196
21196
21300
22069
22070
22073
22178
22370
22370
22370
22677
22783
23187
23287
23287
24213
24702
25609
25622
25622
25951
26359
26384
26384
26384
26384
26396
26462
26996
27084
28060
28060
28266
28424
29148
30019
30309
30678
30678
30678
30678
31031
31061
31228
31228
31461
31461
31461
31461
31504
32055
32373
32596
33199
33199
33523
33591
33598
33598
33641
33887
33919
34257
34260
34338
35606
36011
36068
36143
36143
36396
36490
36722
37107
37107
37364
37531
37531
37866
37920
38029
38029
38029
38029
38029
38029
38312
38407
38778
38879
38879
39026
39153
39153
39584
39584
39584
39777
40566
40566
40667
40963
41403
41525
41525
41525
41530
41895
41895
41910
41979
41979
41985
42167
42167
42667
42667
43082
43082
43117
44592
44672
44672
44672
44846
44846
44940
44940
45230
45233
45233
45272
45291
45303
46152
46433
46479
46479
46479
46479
46884
46884
46884
47186
47195
47377
