142
146
193
278
278
320
323
352
353
373
440
599
618
748
927
1141
1141
1141
1340
1346
1510
1725
1725
1811
1811
1811
1812
1812
2027
2030
2074
2074
2075
2118
2332
2560
2563
2726
2920
2990
3101
3783
3831
3832
4117
4119
4350
4350
4350
4350
4350
4350
4350
4350
4350
4632
5296
5307
5763
6082
6082
6097
6282
6352
6717
6717
6866
7176
7579
8040
8559
8808
8808
9278
9432
9452
9504
9551
10076
10444
10504
10559
10669
11136
11136
11136
11381
11381
11442
11651
11888
11889
11890
12231
12393
12871
13060
13061
13301
13301
13301
13301
13301
13852
13968
14063
14225
14463
14606
14647
14647
14649
14659
14708
14708
14708
14708
14708
14719
14719
14719
14775
14834
14916
14948
15850
16673
16673
16673
16673
16920
16920
17008
17155
17170
17433
17619
17750
17976
18061
18079
18123
18123
18123
18125
18125
18125
18125
18125
18125
18125
18125
18125
18125
18125
18125
18466
19432
19574
19662
19662
19673
19698
20116
20295
20364
20971
21064
21146
21241
21613
21759
22940
23024
23024
23024
23485
23736
24179
24620
24620
24655
24985
25108
25108
25158
25168
25182
25609
25609
25820
25820
25868
26909
26909
27095
27121
27339
28447
28448
29006
29166
29306
29387
29689
29693
29693
29693
29705
29746
29751
29878
29878
29878
29878
29878
30012
30053
30053
30053
30350
31026
31461
31480
31480
31492
31509
31551
31579
32055
32064
32064
32064
32136
32136
32350
32691
32901
32901
32901
32901
32901
32901
32901
33040
33274
33274
33274
33344
33641
33832
33846
34057
34104
34150
34338
34714
34714
35202
35424
35648
35773
35905
35971
35971
35971
35971
36320
36924
37107
37554
37554
37570
37570
37570
38267
38349
38495
38933
39121
39135
39157
39227
39484
40013
40394
40489
40507
40685
41066
41067
41067
41067
41067
41067
41067
41067
41067
41067
41067
41067
41067
41074
41074
41616
41753
41895
41895
41979
42103
42213
42213
42213
42213
42213
42213
42226
42293
42317
42339
42384
42565
42670
42685
42692
42794
42978
43368
43669
44032
44047
44365
44418
44432
44448
44564
44564
44698
44776
44852
44852
44852
44853
44853
44853
44853
44853
45704
46064
46381
46712
46712
46781
46823
46884
46884
46884
46884
46884
46884
46884
46884
46884
46896
47053
47133
47186
47204
47531
47531
47531
47571
47571
