142
1284
1284
1524
1967
1967
1971
2030
2993
3498
3923
4327
4327
6035
6082
6082
6214
6270
6559
6959
6959
6959
6960
6960
7078
7176
7272
7750
7750
7750
7750
7750
7750
7797
8032
8146
8162
8281
8281
8281
8914
8985
8985
8986
9035
9119
9128
9254
9372
9502
9502
9538
10444
10483
10504
10504
10504
10504
10666
10666
11651
11996
12458
12461
12487
12487
12622
12771
12871
13100
13598
14640
14647
15211
15392
15392
15673
15929
15929
16311
16424
16424
16441
16648
16830
16830
16922
17757
17757
17764
17976
18079
18278
18898
18952
18952
19238
19286
19453
19453
19453
19453
19459
19996
19996
20192
20343
21143
21293
21480
21744
21775
22375
22376
23024
23024
23024
23024
23488
23488
23568
23963
24655
24818
24818
24818
24875
24875
24905
24993
25109
25109
25609
25609
26149
26149
26352
26352
26352
26352
26352
26352
26352
26352
27462
27530
28424
28437
28613
28657
28665
28666
28666
29072
29252
29306
29306
29689
30166
30297
31046
31461
31461
31480
31872
32021
32141
32141
32141
32477
32844
33156
33246
33641
33648
33925
34785
35332
36320
36332
37107
37554
38165
38284
38290
38850
38944
39153
39751
39754
40173
40348
40348
40351
40490
40574
41187
41594
41979
41979
41992
42669
42960
43117
43592
43791
45053
45272
45272
45272
45415
45546
46001
46032
46152
46439
46480
46576
46576
46588
46673
46884
46884
46884
46884
46884
46884
46884
47259
