142
440
508
700
700
700
700
967
1280
1280
1346
1346
1725
1725
1772
1776
2606
2905
5307
5665
5787
6082
6416
7003
7154
7251
7404
8115
8238
8267
8267
8279
8719
8918
9254
9254
9254
9254
9254
9254
9254
9551
11381
11381
11663
11777
11790
12633
13060
13961
14063
14063
14620
15330
15350
16830
16830
16934
17611
17611
18061
18061
18061
18061
18061
18061
18094
18094
18094
18094
18558
18558
19286
19286
19286
19453
19453
19453
19459
19996
19996
21143
21472
21480
21480
21480
21480
21480
21480
21480
23187
23963
23963
24614
24710
24809
25840
25840
26119
26425
26592
26663
26663
26665
26665
27080
27080
27181
27196
28123
28613
28613
28719
28719
29387
29701
29705
30015
30072
30098
30139
30678
30720
31003
31461
31461
31461
31461
31792
32173
33034
33119
33158
33158
33330
33591
33641
33641
33641
33648
33749
33749
33749
33749
33767
34065
34065
34720
34961
35371
35373
35738
36320
36896
37080
37107
37107
37389
38165
38201
38201
38284
38284
38284
38284
38284
38284
38284
38290
38305
38602
39037
39837
40209
40490
40574
40581
41525
41866
42523
42526
42975
42975
42978
43180
43195
43592
43880
43886
45143
45272
45272
45280
45284
45291
45845
46001
46433
46480
46480
46639
46639
46639
46639
46884
46884
46884
46884
46884
46884
47177
47651
