142
325
440
447
510
510
510
510
709
848
1143
1280
1284
1321
1325
1346
1346
1346
1476
1502
1754
1754
1763
1982
2492
2493
2493
2499
2499
2499
2583
2584
2928
3416
3416
3416
3416
3471
3699
3800
3831
3831
3939
4013
4135
4853
5017
5098
5118
5263
5763
5763
5763
5767
5767
5767
5984
6001
6001
6033
6082
6082
6082
6082
6106
6169
6169
6519
6727
6727
6745
6762
6843
7154
7511
7584
7584
7588
7722
8136
8146
8162
8231
8303
8303
8303
8508
8509
8511
8563
8672
8672
8767
8878
8914
8915
8985
8985
9482
9508
9713
9801
10144
10144
10559
10575
10851
10852
10859
10969
10997
10998
11021
11591
11888
12045
12187
12187
12187
12369
12465
12467
12787
13107
13107
13360
13696
13700
13729
13774
13774
13774
13774
13774
13775
13777
13852
13852
13927
13959
14021
14104
14396
14396
14612
14701
15034
15314
15314
15579
15636
15636
15701
15913
16002
16002
16259
16402
16406
16487
16571
16648
16648
16767
17060
17134
17484
17619
17700
17887
17945
18061
18061
18061
18061
18061
18061
18061
18061
18061
18558
18562
18830
19009
19453
19647
19758
19983
19996
19996
19996
19996
19996
19996
19996
20218
20228
20295
20374
20374
20831
20868
21145
21146
21146
21146
21339
21339
21403
21773
22012
22012
22395
22783
22790
22790
22830
22830
22830
22830
23024
23105
23287
23287
23422
24028
24068
24100
24100
24196
24203
24203
24203
24203
24381
24489
24614
24685
24782
24793
24809
24905
24957
25048
25096
25361
25609
25609
25609
25814
25820
25820
25820
26045
26384
26525
26525
26665
26725
26943
27080
27084
27462
27472
27587
27807
27807
27836
27836
28060
28060
28060
28060
28266
28266
28424
28424
28424
28434
28757
28800
29000
29000
29148
29186
29186
29186
29306
29411
29691
29698
29703
29705
29761
29819
29878
29985
30020
30032
30166
30169
30279
30722
30722
31197
31228
31300
31300
31300
31461
31461
31468
31468
31674
32055
32055
32065
32596
32756
32782
33158
33158
33199
33322
33496
33591
33641
33749
33749
33749
33749
33919
33919
33919
34065
34065
34147
34257
34640
34714
34916
35019
35019
35019
35162
35410
35410
35483
35492
35645
35932
35991
35992
36400
36400
36575
36594
36896
36896
36914
37107
37107
37107
37107
37107
37107
37107
37107
37107
37107
37107
37107
37107
37416
37420
37482
37866
37883
37889
37940
37977
38267
38284
38290
38290
38290
38290
38290
38290
38305
38305
38490
38545
38545
38545
38695
38695
38695
38879
38879
39037
39138
39424
39609
39609
39621
39621
39621
39621
39745
39990
40109
40154
40351
40351
40351
40351
40351
40351
40351
40351
40368
40574
40581
40723
40723
40838
40988
41525
41558
41558
41901
41913
42699
42777
42978
43117
43117
43117
43398
43592
43600
43634
43854
43920
43920
43931
44007
44094
44584
44812
44812
44822
44874
44913
44925
45325
45883
46175
46175
46175
46175
46330
46362
46480
46576
46576
46884
46884
46884
47186
47186
47186
47186
47186
47186
47186
47186
47192
47192
47192
47195
47195
47195
47195
47195
47195
47195
47195
47195
47204
47220
47259
47366
47366
47568
47599
47599
47599
47709
