318
342
463
526
597
597
601
602
700
897
899
903
903
903
903
903
904
1510
1510
1510
1513
1763
1763
1775
2491
2592
2592
2807
2824
2906
2928
3077
3308
3498
3775
3775
5277
5277
5763
6001
6082
6082
6082
6082
6082
6082
6082
6082
6082
6082
6082
6158
6191
6416
6905
6907
7044
7476
7476
7476
7476
7476
7476
7476
7476
7476
7476
7476
7481
7481
7481
7531
7710
8031
8031
8307
8317
8384
8756
8820
8820
8895
8914
8914
8916
8985
8985
8985
8985
8985
9001
9010
9031
9036
9036
9036
9254
9254
9372
9538
9551
10458
10559
10669
10682
11136
11651
11680
11946
11950
11950
12045
12973
13212
13444
13546
13772
13772
13772
13772
13772
13772
13772
13772
13772
13772
13772
13772
13772
13772
13772
13772
13774
13774
13774
13774
13774
13774
13774
13774
13774
13774
13774
13774
13774
13774
13774
13774
13774
13774
13774
13774
13774
13774
13774
13774
13774
13774
13775
13775
13775
13775
13775
13775
13775
13775
13775
13775
13775
13777
13777
13777
13777
13777
13779
13779
13839
14074
14104
14396
14717
14731
14749
14969
15922
15922
15922
16203
16204
16204
16204
16578
16809
17060
17060
17077
17105
17108
17134
17134
17134
17134
17134
17134
17134
17134
17134
17134
17134
17134
17134
17134
17134
17134
17134
17134
17134
17134
17135
17135
17135
17135
17135
17135
17135
17750
18061
18206
18206
18214
19453
19453
19453
19647
19880
19880
19880
19880
19958
19958
19958
19961
20250
20250
20250
21146
21241
21241
21241
21293
21480
21480
21744
22179
22783
22979
22979
22998
22998
22998
22998
23187
23190
23190
23944
24049
24049
24145
24169
24169
24236
24554
24706
24706
24706
24706
24706
25609
25609
25609
25622
25840
25840
26095
26179
26179
26179
26179
26179
26179
26363
27073
27472
27530
27836
28060
28060
28060
28060
28266
28408
28424
28424
28424
28613
29174
29247
29306
29391
30020
30163
30163
30163
30163
30163
30163
30166
30722
30722
30933
31003
31190
31228
31228
31228
31228
31228
31228
31228
31228
31228
31242
31247
31247
31249
31249
31443
31533
31533
31533
32055
32055
32059
32172
32539
33124
33125
33274
33297
33516
33641
33641
33749
33749
33749
33887
33919
34065
34065
34413
34510
34528
34713
34714
34719
34823
34823
34823
34823
34823
34823
34969
35165
35190
35201
35201
35224
35645
35676
35733
35802
35895
35912
35955
36011
36011
36067
36072
36114
36114
36332
36400
37531
37531
37531
37531
37883
37928
38236
38290
38290
39037
39080
39080
39080
40051
40351
40351
40493
40493
40507
40523
40566
40566
40723
40723
40723
40723
41164
41237
41319
41525
41525
41558
41644
41979
41979
41985
41985
41992
41996
42178
42444
42766
42794
42960
42960
42960
42960
43186
43326
43398
43451
43451
43451
43881
43881
43881
43882
44603
44603
44812
44874
44874
44874
45272
45272
45272
45272
45272
45275
45303
45304
45486
45498
45945
45945
46027
46027
46032
46032
46032
46262
46441
46441
46441
46441
46441
46673
46673
46884
46884
46884
46884
46884
46884
46884
47186
47186
47186
47186
47186
47191
47204
47204
47364
47366
47366
47531
47617
