142
358
749
888
899
1346
1563
1725
1967
1967
2079
2390
3077
3555
4084
4876
5989
6101
6833
6885
6905
6907
7435
8136
8162
8717
8985
8987
9254
9254
9254
9551
9801
9801
10143
10186
10201
10305
10628
11665
11665
11957
12487
12871
13340
13545
13546
13893
14021
14063
14949
15083
15177
15314
15349
15392
15590
15850
15912
15913
16481
16765
17611
17611
17750
17838
18558
19002
19282
19282
19282
19453
19453
19453
19453
19453
19803
19838
19958
19958
19958
19958
20017
20017
20017
20017
20019
20023
20023
20023
20262
20273
21157
21193
21196
21897
21897
22073
22397
22411
22790
22790
22825
23705
23722
23944
23944
24308
24692
24856
24905
25044
25096
25106
25468
25557
25622
25820
25820
26179
27084
27528
27528
27528
27528
27533
27649
27649
27649
27649
27649
27649
27649
28424
28552
28693
29306
29705
29903
30060
30806
30806
30806
31082
31228
31247
31247
31249
31249
31249
31249
31533
31533
31533
32136
32656
32656
33114
33215
33641
34528
34528
34528
34528
34528
34970
35664
35664
35684
35949
35967
36396
37092
37107
37107
37107
37400
37531
37531
37866
37938
38407
39240
39295
39472
39472
39621
39912
40159
40507
40574
41049
41052
41345
41385
41403
41403
41525
41525
41525
41979
42364
42699
42794
42794
42806
42960
43082
43082
43186
43224
43632
43633
44940
45108
45275
45681
45845
45883
46052
46202
46202
46315
46315
46441
46441
46799
46884
46884
46884
46884
46884
46884
46884
47133
47195
