276
276
440
444
446
510
704
704
899
899
1346
1725
2268
2343
2737
3661
3696
3783
4013
4013
4853
5242
5242
5242
5243
5278
5767
5984
6251
6861
6861
7154
7154
8040
8686
8881
8881
8881
8881
8881
8985
8988
9214
9254
9254
9254
9254
9254
9254
9411
9470
9470
9470
9499
9504
9551
9551
9801
9815
9815
10143
10477
10516
10516
10590
10797
11000
11030
11136
11422
11633
11955
12187
12564
12977
13060
13212
13357
13484
13696
13696
13942
13942
14181
14181
14659
14897
14917
15338
15392
15701
16648
16648
17620
18061
18061
18061
18061
18061
18061
18061
18061
18061
18079
18560
18946
18947
19286
20192
20945
20991
21006
21300
21897
22164
22165
22397
22689
22830
22830
23024
23199
23199
23199
23199
23199
23203
23422
23705
23705
23705
23705
24096
24098
24098
24098
24098
24100
24100
24100
24100
24101
24103
24381
24489
24614
24652
24746
24809
24905
24975
25044
25622
25820
26384
26384
26384
26384
26425
26461
27080
27084
27250
27441
27441
28060
28266
28266
28266
28266
28266
28486
28613
28693
28693
28693
28693
28693
28693
29689
29689
29690
29701
30060
30060
30060
30060
30060
30061
30309
30746
30806
30806
30806
30976
31031
31031
31031
31057
31057
31057
31102
31461
31461
31468
31792
32116
32181
32311
32373
32373
32580
33158
33158
33232
33344
33496
33591
33648
33887
33887
33887
33919
34079
34372
35352
35904
36320
36393
36575
37107
37107
37107
37107
37107
37107
37107
37128
37364
37364
37389
37592
37592
37594
37632
37735
37920
38478
38478
38613
38973
39121
39121
39121
39121
39395
39621
39621
40021
40148
40149
40154
40209
40441
40480
40480
40531
41006
41278
41525
41525
41525
41930
41985
42122
42337
42493
42511
42511
42580
42644
42685
42686
42978
42978
43100
43100
43100
43219
43272
43893
44092
44282
44836
45142
45732
45758
46001
46152
46433
46433
46433
46433
46433
46441
46480
46673
46884
46884
46884
46884
46884
46884
46884
47053
47186
47186
47186
47186
47204
47366
47377
