320
510
510
617
622
622
700
700
820
1315
1370
1416
1464
2123
2204
2241
2332
2332
2491
2492
2492
2725
2963
3597
3699
4013
4536
4654
4657
5133
5242
5488
5517
5763
5989
6082
6107
6143
6251
6251
6251
6251
6251
6251
6251
6251
6251
6251
6251
6251
6251
6351
6407
6416
6416
6557
6843
6861
6885
6899
6905
6947
6992
7280
7579
7585
8025
8136
8146
8218
8325
8386
8510
8558
8750
8800
8914
8982
8986
8988
9207
9242
9254
9254
9254
9254
9254
9254
9254
9254
9296
9397
9403
9470
9478
9504
9551
9551
9551
9551
10305
10305
10504
10590
10749
10770
11136
11219
11222
11278
11278
11651
11665
11784
11942
11957
12364
12369
12393
12439
12444
12456
12602
12664
12797
13060
13065
13730
14021
14021
14531
14606
14608
14640
14640
14649
14649
14741
14741
14741
14824
14871
15673
15840
15841
15936
16004
16004
16004
16004
16512
16512
16512
16595
16890
16961
17060
17060
17060
17611
17619
17620
17750
17753
17985
17985
18079
18559
18559
18898
18971
19033
19286
19286
19286
19286
19304
19647
20161
20192
20192
20192
20192
20192
20192
20192
20250
20250
20764
20788
20890
20969
20969
20992
21098
21144
21193
21199
21199
21266
21480
21484
21559
21771
21775
21851
21851
21851
21851
21851
21851
21851
21851
22257
22265
22689
22830
22830
22830
22830
22830
22830
22830
22830
22830
22830
22830
22833
22833
22833
23039
23199
23254
23568
23653
23705
23705
23944
23954
23960
24005
24098
24098
24176
24335
24614
24782
24975
24975
24975
25044
25044
25048
25052
25145
25448
25616
25622
25820
25830
25905
26030
26179
26195
26425
26425
26425
26462
26576
26663
27037
27080
27080
27080
27080
27080
27080
27080
27080
27080
27080
27080
27080
27080
27084
27084
27462
27462
27462
27528
27768
27770
27770
27770
27770
27815
28265
28408
28434
28657
28657
28719
28769
29196
29240
29306
29387
29690
29912
30137
30184
30184
30309
30655
30655
30655
30720
30761
31042
31102
31156
31160
31602
31602
32091
32258
32262
32373
32580
32580
32596
32596
32732
32813
32842
32891
32940
33051
33051
33051
33158
33158
33158
33158
33158
33158
33158
33158
33158
33158
33158
33158
33158
33591
33594
33635
33919
34079
34125
34125
34125
34125
34125
34370
34511
34528
34528
34713
34719
34719
34719
34847
34847
34847
35645
36396
36746
36896
36914
37048
37063
37107
37107
37107
37107
37107
37107
37107
37107
37107
37107
37364
37364
37866
37866
37866
37866
38067
38478
38883
39026
39055
39621
39751
39777
40031
40051
40051
40109
40111
40149
40351
40351
40351
40429
40507
40523
40523
40723
40918
40953
40972
41029
41032
41052
41102
41403
41407
41530
41851
41851
41866
41866
41866
41895
41979
41985
42220
42220
42220
42220
42351
42459
42501
42501
42511
42559
42565
42580
42650
42737
42737
42775
42775
42840
42960
42960
43117
43175
43291
43636
43639
43856
44047
44047
44122
44337
44832
44832
45121
45247
45303
45585
45587
45588
45845
45845
45845
45845
45876
46159
46330
46433
46469
46480
46614
46758
46780
46884
46884
46884
47023
47027
47028
47053
47186
47186
47237
47267
47267
