142
440
486
665
897
962
1199
1280
1340
1346
1971
2118
2121
2889
3077
3213
3663
3694
3919
3919
4013
4013
4013
4049
4198
4327
4651
4941
5044
5242
6082
6082
6140
6170
6213
6213
6213
6213
6223
6223
6223
6559
6898
6898
6898
6898
6905
7337
7457
7476
7567
7633
7649
7649
7649
7649
7649
7722
8108
8162
8767
8800
8910
8912
8912
8974
9050
9130
9254
9349
9372
9709
10143
10143
10144
10234
10305
10630
11000
11052
11155
11650
11651
11759
12462
12670
13212
13217
13218
13218
13721
13721
13721
13915
13992
13995
14397
14606
14649
14717
14943
14951
15072
15194
15319
15459
15536
15812
16361
16424
16540
16657
17044
17092
17167
17490
17503
17595
17619
17634
17756
17861
18039
18207
18278
18300
18360
18360
18361
18517
18741
18947
18952
19334
20105
20381
20397
20868
21613
21744
21744
21759
22915
23024
23187
23190
23568
23568
23580
24213
24380
24399
24471
24559
24614
24614
24628
24656
24701
24809
24816
25002
25111
25168
25168
25468
25622
25701
25820
26167
26356
26356
26363
26363
26711
26711
26776
26933
26996
27365
27365
27771
27771
27836
27836
28060
28180
28398
28407
28424
28631
28631
28750
28891
29240
29245
29306
29306
29360
29361
29878
29878
29878
29878
30032
30309
30315
30461
30806
31026
31321
31399
31458
31461
31895
31898
32080
32080
32101
32172
32301
32352
32356
32467
33102
33256
33256
33256
33308
33315
33919
33925
34057
34104
34303
34418
34532
34546
34546
34557
34660
34720
34961
34964
35059
35620
35621
35622
35655
35847
36044
36068
36126
36132
36320
36715
36994
37389
37422
37422
37422
37939
38810
38850
38960
39003
39026
39037
39205
39484
39639
39639
39639
39724
39724
39725
39751
39991
40431
40682
40682
40682
41036
41077
41187
41297
41345
41558
42247
42259
42259
42261
42263
42317
42444
42444
42511
42580
42686
42686
42690
42690
42864
42956
42960
43168
43405
43592
43850
43850
43894
44094
44535
44590
44591
45272
45276
45325
45425
45488
45758
46191
46397
46480
46668
46781
46781
46894
47186
47224
47237
47255
47265
47531
47709
