1346
2121
2139
2491
2583
4623
6236
6363
6363
6366
6840
6840
7570
8728
8917
8917
8917
8990
9246
9246
9411
9411
9756
9889
9889
9889
10686
12951
13961
14279
14396
15083
15329
15720
15723
15723
15723
15723
15723
15723
15723
15723
15723
15723
16062
16920
17108
17108
17620
17788
18785
19080
19080
19080
19080
19080
21146
23187
23187
23421
23421
23421
23421
23421
24851
24875
26384
28613
28613
29247
29247
29247
29878
29937
30017
30678
30806
31228
31249
31249
31418
32055
33919
33919
34510
36432
36746
36924
37087
37112
37113
38945
39055
39152
39904
40574
41273
41895
42759
42983
42983
43100
43186
43599
43599
43875
45142
45548
46884
46884
46954
46991
46991
