279
317
440
443
508
510
510
510
520
747
749
778
820
888
903
903
909
910
927
927
975
1009
1280
1315
1346
1346
1460
1476
1563
1563
1725
1754
1755
1763
2030
2030
2031
2074
2076
2144
2241
2944
2949
2990
2993
3077
3093
3764
3766
3831
4157
4157
4845
5295
5307
5307
5508
6082
6082
6082
6082
6082
6082
6082
6082
6223
6720
6898
6898
6959
6984
6984
6984
7272
7435
7636
7649
7649
7649
7649
7710
8031
8162
8208
8230
8279
8307
8307
8307
8535
8563
8914
8914
8914
8914
8914
8914
8914
8914
8920
8985
8988
9035
9254
9254
9254
9468
9468
9508
9539
9551
9551
9801
9801
9815
9856
10371
10597
10666
10694
10855
10996
10996
11000
11020
11136
11301
11337
11378
11381
11381
11777
11950
11954
12185
12456
12765
12871
13081
13088
13088
13219
13414
13486
13625
13721
13842
14021
14063
14100
14147
14147
14148
14215
14380
14563
14640
14948
15083
15212
15256
15415
15415
15415
15418
15418
15420
15423
15423
15626
15626
15864
15865
15870
16004
16062
16062
16214
16215
16215
16215
16215
16294
16294
16334
16340
16340
16406
16424
16578
16657
16830
16998
16998
17037
17060
17167
17167
17167
17295
17565
17594
17594
17611
17611
17753
17838
18451
18474
18474
18474
18526
18526
18526
18526
18526
18526
18526
19097
19099
19238
19256
19286
19303
19453
19453
19453
19457
19457
19459
19459
19633
19662
19718
20224
20236
20251
20285
20909
20910
20910
21143
21153
21339
21339
21339
21480
21480
21480
21480
21744
21897
22021
22179
22394
22394
22903
22903
22906
23026
23187
23568
23836
23846
24096
24169
24179
24591
24614
24782
24793
24793
24800
24905
25101
25106
25468
25606
25820
25820
25820
26028
26127
26179
26179
26953
27299
27533
27836
27836
28180
28180
28265
28387
28424
28424
28425
28434
28657
29300
29306
29387
29698
29865
29878
29878
29878
29878
29878
29878
30052
30071
30309
30309
30549
30690
30948
30948
30948
31003
31078
31228
31461
31461
31461
31533
31792
32053
32055
32077
32077
32136
32147
32172
32172
32172
32386
32596
32596
32596
32935
33051
33268
33598
33770
33904
33904
33919
34063
34150
34260
34528
34532
34532
34713
34823
34855
34858
34860
34961
35037
35136
35678
35912
35912
35912
35915
35932
35959
36400
36400
36575
36578
36578
36581
36604
36604
36942
37081
37107
37107
37107
37107
37107
37107
37107
37274
37478
37587
37810
37811
37811
37820
37866
37920
37920
37940
37940
38201
38290
38476
38476
38476
38708
38944
38955
38960
39055
39157
39633
39970
40154
40175
40351
40394
40456
40489
40490
40523
40531
40842
40855
41067
41227
41385
41521
41525
41525
41525
41525
41548
41930
41979
41979
41992
42335
42351
42390
42444
42559
42559
42565
42794
42960
42960
43082
43291
43312
43334
43856
44282
44601
45272
45362
45508
45540
45540
45681
45945
46001
46079
46330
46419
46424
46441
46441
46614
46639
46668
46712
46884
46884
46884
46884
46884
46884
46884
46884
46884
46884
47023
47043
47191
47195
47195
47195
47195
47195
47195
47195
47204
47204
47204
47249
47531
47543
47543
47566
47566
47566
