23
142
185
440
444
451
472
510
534
666
700
704
778
888
904
1067
1340
1346
1346
1476
1560
1563
1776
1967
2243
2332
2492
2563
2564
3831
3898
4013
5186
5307
5767
5767
5881
5881
5881
5881
6160
6251
6352
6407
6416
6494
6508
6550
6550
6550
6861
7154
8115
8136
8146
8369
8369
8439
8485
8767
8914
9254
9254
9254
9256
9349
9349
9470
9470
9801
9801
9801
9801
10143
10143
10331
10334
10559
10566
10566
10586
10590
10590
10597
10703
10912
11176
11379
11381
11777
11790
11957
12374
12374
12374
12374
12374
12467
12467
12679
12685
12758
13060
13212
13696
13696
13696
13696
13696
13852
13961
14021
14063
14064
14242
14242
14396
14406
14606
14620
14647
14681
14752
14752
14826
14917
14960
14968
15580
15590
15979
16106
16147
16298
16319
16362
16362
17006
17750
17753
17838
18054
18061
18061
18061
18061
18061
18061
18061
18061
18079
18393
18475
18526
18526
18558
18560
18891
19256
19265
19286
19286
19454
19701
19701
19796
20192
20507
20969
20970
21144
21144
21145
21401
21401
21681
21799
22021
23199
23487
23574
23705
23944
23944
24096
24098
24122
24147
24264
24358
24358
24367
24399
24559
24614
24614
24620
24809
24809
24875
24888
24905
24993
25468
25468
25622
25906
26648
26777
26909
26931
26940
27080
27084
27084
27084
27084
27084
27274
27357
27462
27528
27533
27751
27836
28060
28064
28180
28266
28266
28282
28283
28424
28434
28719
29296
29306
29348
29387
29387
29387
29606
29689
29698
29698
29698
29698
29705
29878
29878
29878
30058
30167
30309
30717
30720
30806
30806
30806
30806
30806
30806
30806
30806
30806
30806
30806
30806
30806
30806
30806
30806
30808
30976
31170
31242
31302
31461
31484
31609
32055
32076
32089
32090
32090
32090
32090
32090
32090
32090
32091
32091
32091
32091
32091
32091
32136
32136
32147
32307
32373
32373
32467
32495
32596
32691
32691
32691
32691
32692
32692
32747
32904
32985
32985
32985
32989
32989
32989
33064
33064
33158
33199
33240
33268
33309
33330
33496
33523
33592
33594
33599
33599
33641
33641
33648
33652
33749
33858
34065
34065
34074
34147
34258
34260
34372
34515
34528
34528
34546
34557
34575
34585
34621
34621
34637
34714
34769
34785
34860
35019
35168
35368
35593
35645
35645
35742
35897
35912
35912
35912
35917
36025
36108
36320
36320
36400
36400
36400
36410
36511
37107
37107
37107
37107
37107
37107
37107
37107
37107
37107
37329
37416
37510
37592
37889
37903
37903
37903
38172
38194
38201
38266
38267
38267
38290
38310
38407
38955
38960
38961
39055
39055
39121
39121
39390
39390
39390
39621
39621
39837
39839
39990
39991
40151
40151
40209
40351
40391
40480
40489
40493
40523
40574
40655
40667
40774
40963
41525
41525
41558
41558
41575
41620
41866
41985
41985
42409
42511
42644
42707
42766
42777
42788
42872
42960
42978
43082
43128
43174
43326
43377
43539
43888
44009
44094
44282
44697
44940
45412
45733
45825
45825
45843
45845
45845
45949
46202
46202
46315
46315
46325
46325
46424
46441
46441
46441
46480
46480
46480
46637
46668
46668
46720
47053
47195
47275
47275
47531
47543
