318
444
444
447
662
750
888
903
1340
1453
1453
1455
1455
1457
2078
2079
2079
2144
2144
2340
2448
2504
2564
2564
2884
2884
2884
2884
2884
2885
3077
3182
3831
4651
4651
4651
4651
4654
5413
5994
5994
6251
6251
6251
6251
6251
6905
6905
6905
6905
6905
6905
6905
6907
7176
7176
7176
7176
7176
7176
7176
7177
7177
7177
7177
7177
7454
7454
8136
8136
8220
8220
8220
8222
8222
8222
8224
8245
8384
8509
8511
8901
9031
9254
9254
9254
9254
9254
9470
9551
9551
9551
9630
9801
10504
10597
10597
10776
11000
11021
11336
11808
12467
12977
12977
12977
13060
13301
13301
13301
13301
13301
13301
13301
13302
13302
13340
13344
13398
13398
13398
13398
13400
13546
13866
15314
15349
15349
16202
16480
16480
17060
17750
17945
18061
18061
18061
18061
18061
18061
18061
18061
18061
18279
18518
18887
19033
19033
19286
19286
19286
19286
19286
19286
19286
19453
20250
20251
21015
21122
21193
21194
21558
21744
21780
21782
22016
22017
22069
22394
22395
23033
23033
23705
23705
23705
23722
23768
23944
24028
24028
24068
24262
24358
24358
24489
24614
24652
24652
24652
24676
24875
24875
24875
24875
24875
24875
24993
25468
25580
25609
25609
26179
26179
26461
27386
27388
27472
27587
28060
28060
28425
28434
28434
28434
28693
28800
29247
29247
29878
30279
30309
30941
30976
30976
32059
32076
32076
32076
32091
32091
32772
32772
32790
33066
33173
33274
33276
33276
33598
33648
33653
33653
33653
33657
33919
34258
34546
34620
34621
34623
34623
34654
35201
35201
35201
35201
35201
35201
35201
35201
35201
35335
35335
35489
35655
35733
35739
35910
35910
36017
36025
36171
36171
36320
36332
36400
36400
37107
37107
37107
37416
37416
37683
37866
37866
37879
37883
37895
37895
37920
38278
38284
38310
38313
38407
38960
39621
39745
39777
39970
39970
39990
39999
40154
40437
40507
40523
40566
40880
41319
41521
41525
41979
42213
42213
42363
42363
42363
42364
42960
42960
42960
42960
42960
42960
42960
42980
42992
43082
43082
43451
43540
44338
44590
44595
44913
45234
45234
45272
45341
45489
46001
46001
46001
46052
46433
46441
46441
46884
46884
46884
46884
46884
47053
47186
