142
520
645
700
700
707
838
899
1280
1346
1346
1370
1429
1638
1763
1763
1772
1912
1912
1912
2082
2234
2243
2267
2491
2492
2493
2494
2611
2742
2757
2870
3026
3077
3213
3446
3473
3683
3755
3755
3831
3835
4045
4156
5186
5186
5295
5463
5749
5984
5984
5989
5991
6001
6040
6082
6082
6082
6140
6251
6252
6260
6738
6861
6875
6898
6898
6899
6914
6947
7176
7176
7411
7579
7579
7716
7958
8136
8307
8591
8632
8688
8880
9043
9069
9081
9207
9254
9421
9470
9470
9470
9470
9508
10143
10305
10360
10397
10504
10504
10516
10559
10559
10559
10655
10655
10682
10851
10889
11076
11221
11366
11419
11419
11419
11599
11629
11629
11633
11649
11651
11651
11790
11811
11826
11950
11957
12393
12444
12487
12487
12721
12859
13486
13486
13700
13867
14407
14606
14615
14640
14824
14946
15177
15177
15177
15177
15223
15230
15259
15262
15343
15349
15350
15811
15924
16004
16004
16527
16648
16754
16757
17167
17484
17611
17757
17772
17945
17945
17945
17945
17945
17945
18039
18061
18154
18363
18460
18475
18477
18741
18742
18868
18891
18991
19238
19239
19286
19303
19304
19574
19838
19996
19996
20074
20251
20381
20648
20838
20869
20869
20878
20992
21146
21163
21241
21422
21940
22094
22156
22253
22397
22455
22542
22830
22892
23026
23183
23199
23199
23242
23568
23568
23705
23705
23705
23705
23705
23705
23705
23705
23705
23705
23846
23944
23960
24055
24098
24098
24098
24098
24101
24101
24102
24213
24213
24358
24559
24614
24655
24746
24746
24746
24750
24750
24757
24809
24875
24939
25044
25096
25106
25143
25143
25303
25602
25606
25609
25820
26053
26119
26356
26356
26356
26368
26462
26463
26525
26525
26532
27233
27441
27533
27618
27683
27687
27771
27836
28060
28182
28408
28457
28492
28613
28613
28613
28657
28657
28693
28719
28719
28893
28894
29306
29306
29306
29306
29306
29387
29407
29504
29594
29878
29878
30058
30060
30060
30060
30163
30163
30806
30834
30941
31057
31057
31057
31057
31057
31057
31057
31061
31084
31086
31173
31461
31461
31461
31461
31461
31461
31461
31461
31461
31468
31609
31872
32257
32257
32257
32312
32386
32596
32598
32756
32797
33124
33562
33749
33749
33912
34057
34125
34155
34155
34282
34388
34417
34511
34528
34721
34741
34885
35415
35607
35837
35838
35865
35967
36320
36332
36332
36639
36722
36722
36911
37416
37416
37416
37416
37422
37554
37927
38029
38302
38305
39055
39351
39390
39390
39621
40361
40372
40441
40480
40480
40480
40480
40480
40480
40568
40891
40918
41074
41074
41074
41311
41357
41525
41529
41529
41859
41895
41979
41979
41979
41985
41996
42013
42102
42513
42580
42580
42687
42687
42687
42687
42687
42767
42777
42960
42960
42960
42960
43100
43117
43174
43224
43300
43850
43879
43894
43960
44001
44073
44878
45272
45291
45749
45915
45963
45963
46152
46152
46152
46152
46152
46154
46154
46191
46330
46330
46441
46480
46614
46614
46614
46668
46668
46668
46830
46830
46884
46884
46884
46884
46935
46935
46935
47053
47053
47192
47262
47543
47543
47617
47765
47765
47765
47767
47768
