142
320
499
510
691
691
1280
1284
1340
1346
1346
2390
2492
2492
3077
3077
3831
3831
3915
3915
4049
4154
4154
4186
4502
4853
5763
5763
5767
6082
6082
6082
6363
6898
6898
6898
7154
8025
8162
8230
8281
8292
8303
8307
8384
8385
8509
8611
8632
8678
8717
8777
8800
8889
8985
8987
9043
9254
10305
10460
10552
10652
10793
11021
11021
12184
12187
12467
13100
13486
13774
13774
13774
13774
13777
13777
13777
13777
13777
13838
13842
14052
14063
14588
14647
14809
14917
15054
15056
15177
15178
15178
15580
15636
16062
16202
16202
16203
16203
16203
16203
16648
16648
16673
16767
16767
16920
16964
16964
17484
17484
17545
17655
17656
17750
17757
17985
17985
18007
18007
18007
18061
18061
18061
18870
19996
19996
19996
19996
19996
19996
20032
20105
20648
20909
21195
21204
21300
22374
22830
23187
23944
24028
24028
24068
24068
24100
24213
24358
24489
24489
24620
24905
25557
25609
25616
25622
25756
26028
26127
26179
26179
26384
26425
26462
26996
27084
27084
27355
27587
27587
27768
27836
28613
28693
29240
29306
29306
29698
29698
29698
29703
29708
29761
29761
29878
29919
30015
30181
30279
30589
30806
30941
31003
31003
31057
31076
31228
31461
32091
32091
32136
32344
32352
32373
32580
32691
32691
33318
33318
33320
33320
33320
33454
33522
33749
33993
34528
34528
34528
34528
34528
34626
34961
35117
35352
35407
35482
35483
35483
35641
35645
35648
35649
35733
35733
35733
35776
35907
35912
35922
36011
36068
36068
36068
36068
36138
36320
36320
36320
36320
36320
36320
36896
37080
37080
37107
37107
37107
37107
37107
37107
37420
37587
37822
37866
37866
37866
38165
38184
38794
38992
39055
39240
39621
39633
40151
40159
40351
40351
40351
40368
40566
40644
40644
40916
41525
41621
42128
42128
42194
42247
42317
42832
42960
43117
43117
43117
43186
43398
43562
43920
43920
44094
44812
44822
44874
45415
46202
46433
46480
46720
46884
46884
46884
46884
46884
46884
46884
46884
46998
46998
47186
47186
47186
47186
47186
47186
47186
47186
47186
47186
47192
47195
47199
47204
47204
47204
47204
47204
47204
47204
47220
47220
47221
47377
47531
47539
