133
374
440
446
447
451
471
583
705
836
1280
1325
1340
1340
1346
1346
1346
1346
1374
1510
1559
2118
2151
2243
2563
2884
2928
2957
2957
2957
2989
2993
2993
3077
3077
3473
3498
3695
3699
3718
3718
3762
4013
5107
5767
6001
6082
6082
6082
6082
6082
6082
6082
6082
6251
6251
6251
6261
6422
6745
6789
6898
7176
7240
7579
7584
7671
7671
7672
8042
8136
8230
8266
8279
8442
8800
8918
8982
8985
8985
8986
8988
9001
9035
9048
9470
9504
9543
9551
9551
9551
9551
9551
9551
9551
9551
9815
10076
10143
10144
10448
10458
10516
10590
10590
10683
10747
10962
10969
10996
11136
11464
11468
11468
11471
11567
11633
11684
11957
11957
11960
11960
12187
12187
12187
12801
12963
12977
13212
13219
13219
13301
13340
13343
13346
13357
13695
13961
13961
13961
14025
14063
14063
14181
14182
14606
14615
14647
14659
14694
14717
14749
14869
14895
15006
15007
15008
15103
15177
15268
15593
16004
16403
16453
16480
16578
16975
17077
17108
17135
17167
17594
17753
17838
17945
18061
18061
18061
18061
18061
18061
18061
18061
18061
18079
18079
18278
18466
18472
18558
18558
18562
18562
18562
18745
18870
18898
19286
19286
19286
19453
19647
19701
19996
19996
20190
20259
20295
20364
20662
20789
20868
20882
20968
21039
21145
21146
21146
21146
21146
21194
21300
21300
21400
21402
21403
21403
21403
21854
22131
22145
22178
22374
22670
22998
23038
23287
23422
23921
23960
24096
24098
24399
24399
24399
24406
24553
24592
24620
24652
24652
24782
24793
24800
24809
24875
24990
25106
25158
25168
25468
25609
25699
25814
25816
25840
25840
25924
26036
26179
26179
26358
26363
26384
26384
26384
26425
26461
26991
27067
27462
27491
27528
27533
27591
27836
28060
28060
28060
28266
28266
28285
28304
28380
28424
28567
28613
28613
28719
28722
28995
29000
29166
29306
29387
29689
29690
29751
29878
29878
29878
30016
30098
30166
30309
30310
30322
30322
30398
30440
30442
30549
30642
30859
31003
31025
31461
31461
31461
31461
31461
31461
31609
31737
31737
31737
31737
32055
32064
32076
32076
32076
32076
32076
32495
32495
32596
32596
32596
32596
32596
32940
33034
33175
33177
33177
33215
33380
33448
33523
33591
33593
33648
33648
33749
33749
33925
34305
34370
34413
34517
34621
34680
34680
34680
34847
34847
34847
34961
34964
35352
35410
35418
35566
35725
35738
35773
35844
35915
35959
35959
35967
36072
36138
36138
36400
37041
37081
37437
37570
37592
37945
37945
37986
37986
38290
38305
38746
39141
39153
39466
39621
39621
39621
39621
39621
39621
39621
39621
39777
39777
39839
39966
39978
40025
40174
40209
40209
40209
40918
40965
41006
41385
41525
41530
41539
41558
41575
41686
41979
41996
42213
42321
42511
42644
42788
42794
42794
42960
42960
42960
42992
42992
43100
43100
43272
43409
43433
43562
43592
43639
43894
44145
44145
44535
44846
44940
45291
45376
45376
45377
45480
45837
45845
45845
45845
45845
46001
46001
46433
46433
46480
46548
46668
46884
46884
46884
46884
46884
46884
46884
46991
47023
47186
47186
47195
47221
47221
47543
47688
