1340
1340
1370
2034
2993
3432
3773
3831
5040
6416
6416
7623
7623
7688
8317
8319
8509
9254
9254
9254
9538
9773
9773
10590
10590
10816
12667
12667
13076
14530
14606
14649
15392
15532
15603
15913
16961
17611
18061
18079
18079
18424
18424
19265
19950
20295
22542
23024
23199
23705
23705
23705
24098
24098
24372
24435
24438
25494
25609
25701
26411
26525
26531
27080
27340
28894
29224
29247
29690
30806
30976
31461
31504
32797
34062
34585
35652
35912
35969
36078
37837
38478
39846
40480
40480
40490
40490
40531
41979
41982
42960
42960
42978
42978
43174
43255
44001
44046
44046
44050
44836
46249
46424
46436
46441
47237
47364
47364
