440
451
451
459
665
700
700
700
700
700
702
702
703
749
749
749
1280
1346
1967
1967
2079
2118
2243
2340
2356
2488
2559
2563
2563
2563
2564
2583
2650
2737
2746
2748
2928
2928
3077
3100
3166
3473
3528
3694
3694
3694
3695
3792
3871
4013
4218
4654
5984
6082
6082
6082
6082
6082
6082
6082
6251
6251
6251
6251
6251
6251
6407
6407
6496
6905
7025
7177
7205
7307
7570
7671
7708
7716
8024
8136
8257
8281
8281
8281
8632
8632
8632
8632
8632
8632
8632
8895
8914
8914
8914
8914
8914
8914
8914
8914
8914
8927
8932
8932
8985
8985
8985
9043
9043
9043
9256
9397
9468
9468
9468
9470
9470
9504
9538
9543
9551
9551
9551
9551
9551
9551
9551
9551
9551
9551
9551
9811
9816
9853
10143
10144
10144
10144
10516
10516
10516
10528
10665
10665
11144
11154
11462
11790
11808
11950
11957
12010
12103
12374
12434
12434
12487
12501
12501
13598
13772
13774
13777
13961
14074
14968
15022
15022
15028
15139
15139
15177
15186
15922
15922
16298
16316
16402
16403
16900
17750
18558
18558
18870
18870
18888
18890
18898
19286
19286
19286
19286
19286
19286
19286
19288
19453
19453
19457
19836
19996
19996
19996
19996
20023
20192
20192
20250
20345
20345
20869
20890
20992
21146
21146
21209
21293
21311
21401
21401
21401
21403
21403
21403
21404
21480
21840
22422
22570
23568
23580
23703
23944
23963
24004
24096
24150
24165
24179
24196
24614
24620
24620
24702
24710
24744
24782
24875
24875
24875
24875
24875
24875
24895
25002
25036
25158
25468
25606
25699
25708
26179
26363
26384
26425
26523
26525
26525
27062
27263
27491
27763
27763
28408
28424
28424
28424
28434
28447
28447
28693
28719
28719
29166
29166
29227
29296
29412
29412
29698
29698
29933
30280
30398
31045
31156
31156
31461
31461
31461
31461
31461
31461
31606
31606
31606
31606
31606
31606
31606
31606
31606
31606
31606
31606
31745
32172
32301
32576
32580
32580
32596
32692
32777
33029
33594
33594
33594
33594
33594
33594
33641
33642
33749
33749
33749
33749
33919
33919
34620
34720
34786
34961
34961
35209
35424
35675
35738
35738
35741
35741
35827
35827
35828
35828
35828
35828
35828
35967
35971
35971
36069
36069
36069
36400
36400
36400
36400
36639
36639
36639
36841
37080
37619
37837
37895
38064
38066
38066
38067
38268
38290
38290
38305
38312
38312
38312
38312
38313
38313
38313
38543
39013
39016
39552
39552
39621
39621
39621
39745
39745
39978
39978
39990
40051
40209
40209
40209
40351
40351
40351
40351
40351
40837
41225
41352
41568
41568
41570
41628
41865
41865
41865
41866
41866
41901
41979
41979
41985
42220
42220
42220
42220
42220
42220
42220
42220
42493
42511
42960
43042
43043
43107
43291
43293
43295
43495
43592
43592
43597
43597
43597
44145
44518
44604
44604
44608
44836
44877
45121
45121
45121
45143
45272
45272
45291
45303
45587
45845
45845
45845
45865
45865
45867
45872
46047
46254
46254
46254
46254
46884
46884
46884
46884
46884
47053
47053
47053
47053
47055
47186
47186
47186
47192
47220
47220
47220
47237
47255
47396
