133
526
749
927
1458
1620
1729
1915
1972
2032
2241
2241
2250
2332
2359
2493
2585
2885
2957
2957
2957
2957
2957
2993
3077
3077
3077
3498
3661
3776
3919
4013
5277
5792
6070
6075
6140
6416
6557
6787
6843
7154
7154
7579
7710
7817
7997
8162
8279
8279
8279
8511
8632
8800
8800
8803
8804
8845
8927
8987
8987
9048
9254
9470
9483
9483
9483
9504
9551
9551
9585
9914
10086
10086
10086
10088
10088
10088
10143
10305
10504
10590
10590
10665
11344
11360
11651
11663
11790
12187
12240
12240
12240
12240
12240
12240
12394
12487
12487
12487
12487
12738
13014
13600
13600
13696
13696
13992
13992
14242
14606
14640
14809
14824
14824
14827
14946
14946
15207
15207
15392
15418
15590
16406
16424
16540
16645
16645
17611
17945
17976
18061
18079
18393
18898
19286
19286
19286
19453
19453
19662
19996
19996
20023
20295
21193
21401
21404
21404
21464
22370
22783
23024
23024
23183
23187
23287
23568
23736
23782
23782
23782
23782
23782
23782
23786
23944
24096
24592
24658
24778
24875
24875
24875
24875
24875
24875
24875
24875
24875
24875
24905
24905
24905
25002
25143
25616
25776
25820
26179
26663
26665
27080
27441
27745
27745
27836
27907
28266
28266
28266
28613
29306
29306
29306
29391
29539
29878
29878
29985
30309
30310
30517
30956
30956
30956
30956
31026
31053
31152
31461
31461
31461
31461
31461
31461
31461
31461
31461
31461
32064
32076
32172
32489
32596
33064
33064
33158
33258
33591
33749
33919
33919
33919
34585
34823
35194
35354
35424
35767
35767
35767
35843
35843
35888
35888
35888
35933
35959
35959
35959
35967
35967
36262
36320
36320
36320
36400
36400
36400
36410
36410
36463
36896
36896
36950
36950
37087
37107
37107
37107
37107
37422
37837
38284
38290
38290
38695
38695
39302
39621
40574
40574
40574
40582
40723
40723
41979
41979
41979
41979
42685
42686
42788
42794
42960
42960
42960
42960
42978
43105
43107
43280
43592
43819
44590
44590
44913
44913
44913
45230
45230
45272
45291
45304
45845
45845
45865
45865
45865
45865
45869
45870
45871
45871
45871
45945
45945
46001
46152
46197
46241
46245
46275
46330
46419
46471
46480
46480
46484
46614
46668
46884
46884
46884
47053
47195
47265
47275
47275
47514
47571
