496
1346
1392
1392
1416
1431
1502
1510
1513
1969
1969
2264
2305
2305
2305
2332
2759
3718
3792
3792
3835
3888
4569
4569
4642
5118
5277
5295
5565
5568
5881
6082
6082
6082
6082
6082
6160
6160
6160
6352
6407
6738
6885
6898
6898
8015
8015
8077
8146
8386
8777
8800
8801
9079
9084
9254
9254
9470
9470
9470
9470
10201
10201
10201
10206
10552
10630
10812
10962
10962
10969
10969
11278
11663
11957
12321
12430
12467
12467
12633
13121
13852
13981
14019
14242
14380
14420
14606
14620
14736
14957
14958
15103
15667
15809
15809
15838
16424
16480
16480
16484
16484
16484
16595
16595
16680
16680
17167
17496
17611
17619
17620
17621
17923
17940
17945
17945
17976
18061
18061
18352
18535
19453
19453
19453
19459
19553
20076
20192
20202
20202
20828
20992
21193
21196
21199
21462
21744
21775
22022
22022
22394
22783
22783
22783
23024
23024
23187
23422
23574
23579
23944
23963
24614
24754
24959
24959
24975
25044
25108
25108
25108
25415
25609
25616
25820
25820
26179
26331
26331
26370
26425
26523
26579
26663
26953
26953
26953
26953
26953
26953
26953
26953
26953
26953
26953
26953
26953
26953
26953
26953
26955
27035
27080
27771
27781
27807
28424
28424
28424
28424
28434
28757
28803
28803
29237
29254
29391
29407
29585
30053
31053
31197
31197
31298
31461
31461
31623
31836
32283
32283
32283
32301
32598
32756
33246
33256
33413
33599
33749
34086
34557
34566
34566
34769
34964
35881
36102
36395
36396
37107
37107
37107
37107
37107
37107
37107
37400
37513
37513
37837
37920
37920
37940
38165
38290
38305
38312
38798
39055
39225
39227
39229
39751
39778
39809
39810
40490
40574
40697
40822
41403
41930
41979
41979
42122
42128
42220
42511
42649
42669
42686
42848
42978
43100
43100
43255
43451
43886
43893
44094
44825
44836
45275
45275
45508
45665
45665
45883
45883
46164
46164
46202
46330
46359
46466
46480
46637
46758
46884
46884
46884
46884
46884
46884
47055
47123
47186
47204
47224
47237
47368
47611
