526
551
659
659
1315
1763
4084
4186
5881
5984
6251
6251
6251
6251
6251
7671
8985
9410
9410
9411
9411
9415
9504
9535
9537
9801
9801
9815
11629
12977
14063
14242
14242
14717
15129
16047
16673
16975
18061
18061
18061
18061
18061
19323
19838
19838
20023
20023
21061
22397
22422
23944
24179
24888
25044
25626
26461
26461
26523
26991
26991
27174
27472
27472
27472
28086
28086
28266
28266
28408
29247
29260
29878
30806
31025
31461
31461
31856
31898
32756
32756
32756
32756
32756
33246
33515
33599
33599
33602
33641
33642
33642
33646
33859
33887
33993
34416
34696
34696
34714
34714
35135
35301
35622
35738
35917
36320
36320
37107
37107
38290
38290
39422
39621
40048
40051
40351
40351
40437
40437
40667
40779
40779
40822
41520
41521
41523
41525
41525
41985
42565
42924
44145
44395
46001
46001
46152
46436
46436
46530
47055
47191
47195
47195
47204
47288
47571
47571
