440
445
454
499
510
510
708
841
841
944
944
2279
2884
2884
2957
2990
3299
3299
3299
3299
3300
3594
4137
4833
5568
5707
6053
6053
6053
6053
6073
6073
6073
6082
6140
6416
6416
8115
8162
8632
9251
9254
9254
9254
9254
9470
9551
9551
9551
9551
9551
9586
9653
10305
10552
11860
12083
12184
12186
12187
12187
12459
13114
13114
13693
13852
14620
14649
14946
15349
15349
15583
15590
16004
16177
16439
16900
17376
17376
17620
17620
19286
19286
19304
19305
19647
20203
20259
20364
20938
21006
21006
21403
21403
21480
21673
22442
22455
23187
23568
23568
23568
23580
23914
24358
24614
24614
24614
24652
24809
24809
24816
24816
24816
24816
24816
25580
25580
25820
25924
26379
26384
26384
26475
26665
27407
27408
27772
27922
28057
28100
28380
28424
28424
28657
28657
28657
29306
29387
29387
29751
29751
29878
29878
30261
30279
30640
30640
31339
31461
31461
31461
32055
32055
32521
32773
33119
33125
33749
33919
34079
34104
34218
34257
35103
35956
36400
36410
36564
36564
36639
37107
37107
37107
37107
38172
38476
38476
38695
39055
39055
39422
39599
39599
39621
39621
39621
39846
39846
39893
40209
40209
40209
40209
40447
40822
41752
41866
42337
42649
42670
42777
42794
43100
43117
43272
43295
43313
43334
43540
43547
43894
45275
45838
45845
45845
45845
46201
46780
46830
47186
47259
47262
47543
47546
