185
320
358
458
471
510
510
520
520
597
952
975
1252
1280
1280
1334
1334
1334
1340
1461
2059
2059
2059
2059
2059
2066
2066
2161
2161
2161
2161
2161
2161
2161
2170
2170
2171
2362
2492
2720
2720
2720
2720
2720
2720
2720
2722
2722
2722
2732
2748
2764
2764
2804
2884
2884
2949
3426
3426
3426
3471
3471
3471
3471
3473
3792
5763
5994
6076
6363
6416
6787
6953
7176
7303
7411
7432
8267
8279
8307
8511
8565
8575
8632
8767
8842
8914
8914
8985
8986
8987
9145
9159
9159
9432
9459
9504
9726
9780
9819
9819
10369
10544
10552
10586
10652
10678
10678
10797
10812
11076
11136
11136
11366
11381
11418
11484
11778
11787
11790
11889
11898
12037
12104
12289
12295
12456
13060
13357
13414
13653
13804
13852
14099
14580
14606
14640
14932
15043
15177
15557
15557
15557
15557
15608
16269
16269
16405
16406
16480
16512
16673
16687
16900
17167
17399
17484
17484
17838
18460
18460
18460
18460
18460
18466
18598
18601
18601
18601
18602
18602
18602
18693
18699
19150
19453
19453
19647
20217
20735
20831
20992
21146
21146
21227
21577
21720
21720
21831
21944
22138
22138
22143
22214
22748
22943
23024
23026
23026
23371
23371
23371
23371
23374
23916
24049
24098
24098
24196
24196
24196
24372
24702
25468
25468
25723
25918
26036
26087
26122
26363
26384
26548
26663
26953
26953
26953
27035
27409
27462
27462
27472
27528
27533
27533
28266
28285
28315
28315
28331
28331
28570
28604
28613
28800
28995
29245
29701
29708
29708
29731
29878
30016
30016
30016
30053
30279
31046
31205
31418
31461
31461
31609
31792
31800
31800
31800
31800
31800
31939
32055
32076
32091
32091
32091
32592
33051
33156
33214
33351
33565
33648
33749
33846
33919
33950
34176
34176
34301
34833
34855
35120
35120
35194
35303
35338
35360
35360
35651
35733
35736
35905
36103
36103
36138
36320
37092
37107
37107
37107
37107
37107
37107
37107
37107
37107
37107
37107
37107
37115
37371
37371
37371
37371
37371
37371
37374
37416
37903
38289
38345
38486
38486
38678
38678
38678
38678
38678
38750
39058
39695
39962
39970
40490
40523
40881
40998
41067
41075
41939
41939
41979
42013
42472
42472
42472
42472
42475
42477
42479
42789
42794
42817
42960
43117
43174
43451
43856
43856
44094
44338
44883
44883
44883
44883
45272
45280
45421
45675
45733
45738
45915
45972
46246
46265
46565
46884
46884
46884
46894
46894
46935
47186
47191
47314
47314
47314
47314
47314
47555
47555
47555
47576
