358
440
446
446
508
510
520
533
662
690
700
702
749
927
1280
1284
1346
1364
1754
1754
1755
1772
1964
1969
2020
2020
2020
2020
2074
2074
2074
2241
2491
2491
2492
2492
2492
2493
2564
3445
3487
3775
3775
3964
4979
5984
5984
6082
6082
6140
6160
6163
6251
6416
6416
6416
6557
6738
6867
7002
7049
7176
7479
7636
7708
8123
8303
8307
8378
8563
8632
8632
8672
8809
8914
8914
8914
8914
8914
8914
8914
8914
8914
8914
8914
8914
8914
8914
8914
8918
8919
9035
9036
9043
9142
9254
9254
9254
9470
9470
9551
9551
10185
10185
10444
10444
10504
10504
10504
10516
10516
10516
10527
10559
10922
11278
11311
11378
11379
11379
11381
11381
11633
11633
11899
11950
12871
13060
13350
13523
13625
13625
13625
13625
13628
13750
13961
13961
14069
14100
14343
14346
14406
14917
14948
14960
15022
15083
15257
15870
15929
16004
16004
16004
17060
17060
17611
17611
17620
18039
18061
18061
18061
18079
18526
18526
18526
18526
18526
18526
18558
18649
18734
18764
18867
18867
18867
18889
18891
19286
19303
19303
19384
19453
19457
19457
19815
19940
19940
19996
20246
20246
20246
20648
21073
21143
21146
21230
21480
21480
21480
21480
21480
21558
21559
21770
21773
22022
22135
22373
22783
22783
22783
22906
23024
23024
23024
23187
23241
23568
23705
23944
23963
23991
24614
24676
24744
24782
24793
24944
24948
24950
25044
25111
25145
25609
25697
25697
25697
26119
26119
26125
26179
26179
26845
27084
27244
27244
27394
27618
27768
27836
28180
28180
28266
28424
28424
28613
28693
28800
29166
29166
29306
29387
29878
29878
29878
29878
29878
29878
29878
29937
29937
29966
30015
30722
31003
31003
31013
31076
31461
31461
31461
31461
31461
31606
31745
32055
32172
32172
32172
32301
32580
32596
33030
33258
33258
33267
33268
33274
33380
33449
33749
33770
33919
34065
34065
34065
34546
34585
34714
34714
34719
34829
34856
34860
34860
34861
34861
35118
35407
35410
35482
35648
35649
35910
35912
36068
36320
36320
36343
36575
36578
36578
36581
36591
36591
36690
36914
36914
37083
37107
37107
37107
37107
37107
37107
37107
37107
37107
37107
37107
37107
37107
37107
37420
37420
37699
37714
37866
37903
37920
37940
37940
37940
37940
38064
38172
38201
38279
38279
38284
38284
38284
38302
38304
38304
38476
38476
38476
38944
39055
39140
39140
39140
39282
39345
39741
39745
39745
39745
39751
39777
39958
40048
40051
40051
40209
40351
40361
40489
40493
40664
40665
40723
40723
40855
41342
41407
41407
41593
41861
41895
41895
41895
41895
41979
41996
41996
42102
42248
42322
42335
42335
42444
42493
42510
42511
42513
42559
42685
42686
42766
42777
42794
42794
42927
43082
43117
43117
43117
43117
43117
43117
43117
43117
43117
43174
43193
43291
43334
43368
43372
43373
43373
43373
43377
43377
43378
43444
43444
43451
43451
43451
43451
43451
43451
43451
43451
43451
43894
44111
44432
45272
45272
45738
45738
45837
45845
46047
46330
46414
46419
46424
46639
46781
46781
46884
46884
47023
47113
47186
47204
47368
47566
47566
47566
47571
47628
47628
