185
279
279
447
447
447
510
510
747
1288
1288
1315
1340
1340
1346
1346
1453
1606
2052
2052
2052
2052
2052
2131
2389
2491
2504
2537
2537
2734
2734
2938
3077
3077
3392
3421
3444
3473
3775
3831
3831
4157
4177
4177
4186
4186
4309
4309
4309
4590
4590
5088
6082
6082
6163
6431
6598
6843
6843
6898
6899
6899
6966
7176
7176
7435
7454
7454
7810
7810
7852
7852
8054
8115
8220
8250
8250
8281
8281
8317
8508
8510
8547
8547
9021
9028
9157
9160
9160
9411
9470
9538
9538
9551
9804
9804
9938
9938
10305
10458
10578
10590
10678
10765
10857
11076
11076
11309
11419
11468
11468
11925
11946
11946
12279
12369
12381
12444
12444
13271
13344
13357
13808
14021
14063
14063
14063
14147
14215
14215
14272
14272
14530
14531
14531
14647
14957
15023
15209
15350
15532
15836
16512
16512
16648
16648
16673
16757
17060
17099
17155
17155
17475
17475
17475
17475
17475
17475
17784
17838
17838
17838
17838
17838
17838
17838
17838
17838
17838
18061
18061
18061
18061
18061
18061
18460
19038
19305
19305
19950
19950
19996
20047
20047
20212
20281
20381
20381
20381
20381
20381
20381
20381
20439
20439
20439
20439
20439
20439
20439
20440
20440
20441
20441
20441
20441
20441
20441
20441
20441
20441
20441
20661
20669
20670
20868
20913
20991
20992
20992
21146
21146
21146
21193
21196
21241
21300
21300
21398
21551
21944
21944
21944
22006
22006
22006
22006
22006
22006
22006
22006
22006
22006
22020
22044
22073
23421
23422
23422
23422
23685
23736
23944
23960
23963
24028
24028
24101
24101
24236
24236
24236
24236
24236
24262
24381
24458
24458
24458
24458
24458
24458
24458
24459
24459
24559
24559
24975
25044
25044
25084
25084
25570
25868
25868
25909
25955
26179
26179
26257
26257
26523
26523
26845
27768
28060
28060
28060
28060
28266
28285
28447
28497
29553
29698
29702
29702
29702
29702
29854
29854
30055
30192
30806
30806
30806
30806
30886
30976
30976
30980
30980
31026
31031
31461
31461
31461
31461
31461
31461
31461
31461
31508
31606
31624
31624
31678
32303
32373
32378
32777
32777
32865
32946
32946
33064
33114
33114
33215
33268
33276
33405
33594
33626
33626
33771
33924
34125
34513
34620
34773
34773
34773
34773
34773
34826
34833
35060
35135
35135
35174
35180
35238
35486
35488
35648
35741
35907
36320
36320
36332
36332
36332
36332
36332
36332
36332
36332
36332
36332
36332
36332
36332
36332
36332
36332
36332
36332
36332
36332
36332
36332
36400
36575
36575
36581
36581
37866
37866
37939
38290
38345
38366
38366
38366
38374
38662
38798
38798
38798
38967
39057
39639
39639
39846
39970
40237
40429
40429
40437
40507
40507
40507
40514
40531
40531
40644
40667
40667
40697
40697
41579
41685
41979
41985
41996
41996
42103
42644
42789
42789
42960
43036
43036
43082
43117
43250
43479
43479
43479
43479
43479
43479
43479
43479
43479
43479
43515
43630
43639
44836
44836
44836
44836
44850
44850
45155
45272
45275
45701
45701
45701
45701
45701
45813
45816
45816
45816
45883
45961
46001
46433
46668
46884
47204
47204
47263
47263
47364
47366
