447
451
473
510
533
561
700
700
700
704
704
946
1219
1346
1346
1370
1476
1763
1763
1772
1775
2028
2125
2144
2144
2144
2144
2144
2216
2332
2332
2492
2601
2764
2989
2989
2993
3077
3077
3102
3404
3643
3678
3759
3783
3827
4327
4570
4881
5081
5099
5186
5242
5307
5321
5367
5367
5881
5881
6035
6054
6058
6082
6214
6291
6447
6454
6717
6717
6862
6885
6917
7088
7154
7156
7160
7163
7479
7479
7481
7481
7526
7584
8146
8203
8629
8632
8672
8848
8914
8986
9072
9254
9403
9489
9489
9504
9538
9551
9773
9773
9819
10091
10091
10091
10091
10091
10091
10091
10091
10091
10091
10091
10091
10091
10091
10091
10091
10091
10091
10091
10091
10504
10678
10762
10822
10924
10997
10997
11076
11221
11278
11344
11629
11632
12187
12444
12444
12444
12553
12602
12603
12750
12957
12957
12957
12957
12957
12957
12957
12957
12957
12958
13060
13107
13357
13357
13598
13625
13693
14350
14647
14745
14911
14968
14969
14974
15112
15330
15350
15350
15350
15350
15350
15350
15350
15495
15495
15662
15667
16004
16004
16406
16406
16406
16595
16710
17484
17611
17620
17921
17945
17985
17985
18054
18061
18475
18649
18649
18867
19133
19286
19453
19454
19574
19940
19996
19996
20239
20364
20577
20992
21065
21143
21146
21146
21480
21687
21690
22138
22375
22397
22676
22830
22845
23024
23944
24028
24098
24169
24208
24553
24559
24676
24809
24875
24875
24891
24905
24905
24905
24975
24975
24975
24975
25044
25044
25046
25051
25311
25468
25840
26003
26003
26179
26283
26425
26725
26777
26939
27080
27080
27080
27080
27084
27084
27121
27127
27127
27127
27618
28060
28182
28266
28424
28425
28482
28666
28666
28673
29186
29193
29209
29252
29306
29387
29689
29690
29701
29701
29701
29702
29702
29878
30060
30321
30398
30677
30731
30932
30941
31003
31031
31268
31461
31461
31480
31533
31533
32055
32258
32344
32344
32344
32380
32391
33058
33064
33064
33158
33158
33158
33246
33499
33499
33499
33561
33593
33641
33749
33919
34057
34147
34258
34585
34639
34785
35019
35302
35332
35336
35344
35450
35648
35650
35733
35738
35835
35835
35840
35922
36068
36069
36072
36102
36320
36320
36320
36320
36432
36663
36888
36888
36888
36896
36896
36896
36896
37032
37032
37107
37107
37107
37107
37107
37107
37107
37107
37107
37107
37107
37107
37107
37389
37405
37405
37457
37837
37866
37866
37866
37918
37920
37920
37927
37934
37936
37986
38064
38064
38067
38165
38172
38172
38661
38698
39121
39153
39584
39621
39754
39759
40149
40151
40151
40189
40189
40189
40437
40523
40523
40578
40723
40816
40842
40943
40953
40953
40953
40953
40988
41305
41341
41407
41407
41525
41525
41525
41535
41597
41979
42211
42322
42515
42669
42685
42685
42687
42687
42687
42687
42767
42848
42960
42960
42960
42960
43082
43082
43117
43255
43334
43402
43592
43597
43597
43600
43769
43931
44047
44094
45272
45272
45303
45845
45845
45865
45867
45869
45883
45960
46065
46079
46085
46152
46254
46381
46661
46830
46830
46884
46884
46884
47113
47153
47186
47186
47364
47568
47568
