279
279
440
618
1280
1315
1346
1346
1370
1510
1689
1763
2192
2241
2243
2332
2408
2938
2938
3327
3498
3845
3919
4084
4523
4523
4651
4791
4791
4796
4806
5543
5565
5767
6082
6082
6082
6407
6503
6717
6717
6717
6717
6717
6738
6867
6959
6959
7411
7588
7708
8231
8508
8611
8895
8910
8954
8985
8985
8985
9504
9551
9630
9712
9712
9712
9712
9712
10076
10076
10076
10076
10078
10078
10078
10078
10078
10080
10144
10368
10472
10504
10504
10532
10559
11336
11776
11905
12438
12438
12487
12771
13212
13212
13212
13212
13696
13838
13992
14063
14396
14606
14606
14640
14659
14659
14717
14865
14948
15314
15350
15538
15636
15875
15875
15882
15905
15912
16004
16012
16527
16687
16855
16934
17107
17167
17274
17379
17611
17750
18475
18764
18944
18971
19174
19183
19286
19286
19433
19454
19459
19647
19647
19698
19838
20023
20105
20192
20224
20250
20250
20250
20262
20838
20910
20991
20991
21326
21337
21337
21337
21337
21611
21630
21673
21828
22017
22218
22218
23254
23287
23568
23944
24109
24169
24196
24559
24573
24580
24614
24614
24747
24782
24809
24809
24905
24905
24905
24905
24993
25036
25048
25048
25401
25468
25582
25609
25820
26179
26397
26413
26425
26804
27226
27472
27491
27964
28043
28043
28043
28043
28424
28424
28425
28613
29166
29166
29391
29698
29878
29912
30015
30129
30139
30166
30806
30806
31003
31003
31026
31026
31026
31053
31461
31461
31480
31480
31480
31480
31480
31522
31537
31609
31895
31987
32076
32136
32303
32352
32356
32356
32495
32879
33124
33190
33229
33258
33413
33499
33771
33862
34139
34183
34193
34417
34537
34537
34720
34720
34732
34809
34961
34965
35376
35418
35455
35675
35775
36735
36860
36924
37087
37095
37702
37883
37883
37883
37883
37920
37940
37940
38290
38310
38602
38786
39055
39422
39422
39621
39745
39751
40048
40051
40723
40887
41074
41160
41311
41340
41340
41525
41525
41525
41530
41622
41996
42331
42331
42591
42794
42929
42960
42960
42960
42960
43100
43117
43962
43983
44000
44001
44094
44094
45066
45275
45598
45733
46000
46001
46265
46269
46330
46433
46439
46480
46484
46884
46954
47055
47186
47186
47195
47234
47237
47237
47571
