142
142
279
279
279
283
526
778
1346
1960
4084
6082
6082
6082
6082
6960
8136
8281
8281
8281
8281
8985
8985
8987
9254
9424
9424
9424
9551
9551
9801
9801
9801
10747
11204
11337
11663
11663
12463
12487
13107
13346
13592
13592
13592
13592
13592
13592
13592
13852
14063
14620
14649
14946
14947
14947
15178
15207
15350
15636
15913
15922
16402
17405
18460
18466
18764
19286
19286
19286
19286
19286
19286
19286
19286
20909
20992
20992
21061
21193
21194
21197
22376
24145
24351
24458
24462
24462
24462
24462
24462
24462
24462
24559
24580
24580
24580
24614
24620
24905
24975
24993
25145
25468
25820
26356
26363
26363
26384
26525
26576
26576
26576
26576
26576
26576
26576
27472
27836
28424
28424
28424
29306
29306
29912
29937
29937
29937
30806
31228
31461
31461
31461
31461
31461
31468
32467
33189
33413
33641
33641
33647
33648
33648
34257
34575
35332
35904
37092
37107
38226
38284
38290
38290
38290
38290
38290
38297
38798
39621
39978
40810
41525
41525
41525
41525
41525
41525
41525
41525
41525
41525
41529
41621
41901
42580
42671
42841
42960
42960
42960
43479
43575
44006
44092
44418
45203
45284
45376
45865
45883
46152
46414
46884
46884
46884
47133
47186
47531
47543
47543
