323
376
440
444
1340
1392
3154
3919
4049
4084
5277
6055
6056
6060
6082
6363
6717
6861
8162
8563
8563
8985
8985
8988
9254
9254
9551
9710
9801
11301
11304
11955
12184
14021
14021
14063
14215
14215
14242
14242
14640
15059
15113
15207
15268
15273
15836
16487
16506
16666
16666
17134
17167
17750
18061
18061
18061
18518
18870
19174
19288
19946
20435
20909
21039
21040
22069
22074
22783
22783
22838
23187
23254
23287
23568
23705
23705
24372
24559
24614
25033
25820
26384
26525
27073
27084
27768
27771
27771
28266
28425
28719
28995
29409
29630
30054
30139
30806
31057
31228
31228
31228
31461
31461
31461
31480
31609
32139
32172
32596
32732
33599
33599
33626
33634
33641
33642
35578
35990
36011
36068
36332
36332
36575
37080
37080
37080
37092
37531
37531
37561
37889
38172
39621
39639
39814
39893
40429
40429
40441
41525
42444
42511
42777
42777
43100
43100
43326
43398
43398
43398
43398
43398
43398
43398
43398
43409
44812
44812
44812
44812
44812
44812
44812
44822
44822
44822
44822
44822
44822
44834
44940
45883
45920
46027
46245
46348
46884
46884
47055
47122
47122
47177
47186
47192
47195
47195
47195
47195
47204
47204
47204
47204
47220
