526
748
749
1763
2078
2241
2884
5767
6786
6905
7722
8414
8414
8800
8914
9254
9254
9551
9551
10143
10516
10520
11381
12088
13927
14181
14640
14640
15934
16004
16402
16406
16480
17379
17379
17753
18558
18558
21144
21146
21146
21403
21738
22070
22979
24165
24875
24875
25825
26363
26384
26384
26384
26384
27067
27533
28060
29878
30053
30279
30279
30604
31461
31606
31606
31737
31737
31737
31737
32055
32091
32172
32344
32743
32969
33591
34418
34961
34961
35201
35201
35371
35959
36140
36171
36739
37080
37092
37092
37643
37643
40209
40209
40366
40561
40574
40723
40829
42978
44148
44874
45142
45598
46884
