273
526
556
659
659
700
700
700
700
1271
1346
1346
1370
1762
1982
2078
2118
2121
2123
2125
2241
2493
2493
2547
2563
2575
2737
2737
2737
2737
2928
2963
2989
3077
3473
3473
3498
3528
3528
3792
4013
4776
5823
6082
6082
6082
6082
6082
6158
6251
6251
6269
6291
6363
6407
6416
6496
6898
7160
7160
7160
7160
7160
7163
7163
7163
7172
7176
7176
7176
7176
7176
7176
7176
7176
7176
7176
7176
7176
7176
7176
7411
7529
7529
7532
7546
7563
7563
7566
7570
7570
7570
7570
7570
7570
7672
7796
8027
8392
8392
8629
8632
8800
8914
8914
8914
8932
8988
9007
9043
9254
9254
9254
9301
9505
9544
9551
9551
9551
9551
9815
10504
10504
10504
10665
10962
10966
10996
11471
11651
11781
11807
12013
12097
12099
12184
12184
12184
12184
12187
12187
12187
12507
12507
12817
12871
13065
13065
13065
13301
13301
13301
13301
13301
13302
13302
13838
13842
13852
14063
14063
14147
14242
14396
14640
14647
14717
14717
14717
14719
14949
15113
15113
15113
15177
15177
15193
15193
16004
16402
16406
16900
17167
17274
17611
18079
18279
18460
18460
18466
18558
18558
18558
18764
18819
18870
18898
18971
19286
19286
19454
19642
19642
19647
19996
19996
19996
20192
20259
20259
20262
20764
20992
21146
21146
21193
21193
21293
21403
21771
21940
22181
22373
22998
23916
23992
24072
24150
24165
24213
24614
24652
24702
24875
24875
24875
24888
25168
25231
25311
25581
25606
25699
25710
26022
26179
26359
26379
26384
26384
26384
26523
26678
26678
26711
26725
26725
26931
27095
27289
27768
27768
28060
28298
28408
28408
28424
28424
28434
28434
29022
29166
29166
29227
29387
29387
29544
29567
29751
29878
29991
30012
30279
30322
30398
30941
30941
31025
31053
31461
31461
31461
31461
31461
31461
31461
31461
31461
31461
31480
31522
31533
31606
31609
31736
31745
31794
32055
32055
32076
32091
32136
32580
32580
32596
32596
32596
32756
32756
32781
32843
33118
33119
33156
33158
33199
33199
33496
33593
33599
33599
33618
33641
33646
33653
33749
33846
33919
34016
34614
34783
34961
34961
34961
34964
35373
35410
35740
35886
36400
36400
36400
36575
36578
36578
36640
36640
36748
36896
36924
37080
37083
37090
37092
37092
37092
37554
37570
37570
37570
37570
37570
37592
37817
37879
37920
38064
38184
38191
38201
38267
38305
38312
38313
38313
38313
38313
38313
38313
38313
38313
38313
38313
38478
38601
38602
38706
39171
39422
39422
39599
39599
39621
39621
39667
39745
39777
39978
40045
40351
40351
40351
40351
40351
40351
40367
40367
40367
40581
41006
41319
41508
41520
41525
41525
41525
41582
41866
41979
41996
42226
42511
42513
42687
42762
42762
42978
42978
42983
42985
43043
43293
43295
43295
43326
43528
43540
43540
43540
43592
44535
44874
45143
45272
45272
45272
45272
45275
45291
45291
45498
45587
45871
46001
46001
46052
46079
46241
46374
46397
46433
46474
46480
46668
46804
46884
46884
46884
46884
46884
46884
46884
47053
47053
47055
47195
47221
47255
47531
47531
47531
47531
47609
47609
47609
47609
47609
47609
47609
47609
