844
927
1285
1324
1325
1346
1346
1346
1346
2928
3226
3670
3694
3762
5218
5218
5575
5761
6082
6082
6348
6348
6454
6738
6738
6738
6905
7439
7439
7439
7439
7439
7439
7447
7447
7447
7714
8025
8208
8226
8416
8432
8678
8719
8802
9035
9035
9411
9411
9411
9415
9709
9710
9865
9865
9865
9931
10245
10401
10569
10678
10953
10954
10969
11136
12353
12837
13095
13100
13108
13212
13212
13779
13961
13961
13961
13961
13961
13961
14063
14077
14077
14396
14647
15384
15676
15905
15905
16004
16004
16406
16648
16998
17060
17098
17105
17105
17546
17753
17753
18061
18061
18079
18300
18300
18449
18480
18480
18480
18760
19305
19453
19647
19746
19746
19746
19746
19746
19746
19943
20105
20374
20374
20374
20376
20376
20399
20399
21039
21041
21042
21044
21494
22542
22910
22995
22995
22995
23024
23287
23287
23876
24207
24345
24345
24399
24559
24594
24594
24710
24868
24875
24875
24875
24875
24875
24994
25036
25044
25172
25602
25609
25705
25820
25893
25911
25911
26003
26370
27807
28011
28182
28567
28613
28613
28613
28657
28657
29196
29205
29306
29306
29306
29878
30052
30053
31003
31003
31046
31048
31102
31347
31347
31461
32055
32076
32090
32091
32091
32173
32521
32521
32531
32535
32737
33168
33380
33387
33413
33413
33417
33648
34557
34770
35141
35141
36085
36457
36457
36457
36457
36463
37087
37107
37107
37531
37531
37531
37531
37531
37866
37896
37920
37920
38172
38305
38476
38476
38955
38960
39138
40489
40489
40912
40912
40953
40953
40953
41045
41045
41385
41385
41527
41530
41558
41979
42559
42794
42825
42960
43036
43505
43505
43562
43562
43562
43562
43562
43562
43562
45108
45149
45149
45284
46052
46152
46284
46614
46614
46801
46804
46804
46884
46884
46884
46884
46884
46884
46884
46884
46884
46884
46884
47186
47186
47186
47191
47204
47543
