8
142
142
510
749
749
749
1346
1346
1346
1725
1725
1725
1726
1763
2074
2074
2076
2077
2079
2408
2408
2824
2824
2824
2938
2938
3678
3764
4049
4156
4209
5763
5767
5994
6098
6186
6885
7111
7644
8136
8146
8146
8162
8281
8307
8591
8628
8985
9254
9254
9543
9543
9893
10143
10305
10516
11381
11381
11381
11777
11790
11796
12298
12467
12629
12817
13096
13546
13546
13546
13774
14396
14615
14973
15022
15056
15056
15059
15209
15257
15392
15619
15626
15645
15894
16004
16062
17060
17134
17134
17135
17167
17504
17611
18061
18061
18079
18079
18206
18206
18206
18206
18206
18206
18214
18288
18460
18559
18741
19004
19453
20105
20105
20109
20868
20910
21153
21736
22783
22979
23024
23568
23580
23722
24165
24358
24381
24676
24905
24993
25036
25048
25108
25301
25468
25609
25700
25820
25820
26054
26256
26923
26991
26991
26996
26997
27232
27528
27528
27530
27533
27533
27533
27807
28044
28424
28424
28552
28642
29306
29306
29306
29306
29387
29630
29689
29878
29878
29985
30350
30353
30634
30678
30722
30722
30722
30955
31228
31247
31247
31249
31461
31461
31461
31461
31461
31531
32210
32356
33058
33258
33367
33367
33796
33988
34713
34719
34719
34770
34847
35384
35489
35959
36068
36068
36329
36396
36400
36400
36775
37087
37092
37107
37107
37400
37422
37422
37531
37531
37531
37531
37532
37837
37837
37837
37837
37889
37940
38029
38029
38029
38029
38029
38029
38029
38029
38029
38029
38029
38030
38201
38435
38746
38778
38955
38955
39026
39055
39080
39080
39111
39351
39390
39422
39698
40212
40489
40723
40723
41373
41403
41403
41403
41403
41525
41525
41525
41525
41866
41895
41979
41985
42168
42251
42493
42686
42794
42794
42960
43272
43278
43368
43408
43414
43592
43632
44094
44094
44094
44337
44536
44748
44876
45291
45598
45845
45845
46202
46441
46781
46781
46884
46884
46884
46884
46884
46884
46884
46884
46884
46884
46884
47055
47186
47186
47186
47186
47186
47186
47186
47195
47195
47195
47195
47204
47224
47259
47260
