91
440
444
445
451
451
459
747
747
1067
1315
1346
1370
1460
1460
1460
1460
1497
1645
2123
2491
2600
4049
4350
4350
4350
4350
4635
5277
5307
5307
5368
5368
5413
5984
6082
6082
6966
7430
8151
8250
8250
8508
8511
8511
8860
8860
8987
9043
9470
10369
10479
10516
10578
10586
10586
10776
11139
11278
11665
11846
11846
11982
12016
12115
12296
12304
12429
12444
12444
12456
12615
13381
13852
13905
14242
14242
14612
14620
14754
14911
15015
15030
15032
15177
15256
15262
15301
15361
16119
16119
16296
16296
16406
16512
16512
16512
16512
16512
16648
16837
16839
17445
17546
17565
17565
17611
17753
18061
18061
18061
18061
18061
18061
18061
18240
18898
18910
18960
19150
19279
19279
19305
19364
20047
21080
21199
21199
21230
21577
21944
22039
22179
22370
22394
22397
22455
22906
22998
23376
23421
23881
23915
23948
24101
24272
24381
24670
24809
24809
24975
25044
25076
25468
25578
25622
25697
25776
25820
26036
26122
26122
26125
26411
26411
26950
27089
27089
27580
28060
28265
28265
28657
29245
29306
29306
29387
29698
29701
29751
29751
29966
30349
31102
31289
31461
31461
31461
31461
31701
32344
32344
32344
32719
33051
33051
33051
33051
33058
33058
33061
33322
33436
33464
33594
33615
33616
33616
33616
34065
34104
34125
34125
34139
34418
34528
34557
34638
34720
34753
34754
35119
35243
35338
35339
35339
35648
35674
35674
35912
35912
35912
35915
35970
36320
36371
36371
36371
37107
37437
37513
37513
37866
37866
37866
37866
37931
37940
37945
38280
38476
38629
38661
38678
38706
38750
38778
38984
38984
39037
39057
39153
39153
39153
39814
39814
39958
39958
39963
39970
39970
40149
40496
40496
40507
40507
40531
40531
40531
40533
40723
40790
40953
40959
41521
41560
41685
41952
42232
42412
42777
42841
42960
42960
42960
43100
43432
43639
43639
43856
43856
43870
43894
43931
44046
44217
44267
44268
44371
44836
44836
44836
45158
45272
45272
45275
45927
45927
46436
46596
46712
46884
46884
46884
46884
47062
47265
47366
