279
447
494
510
622
699
700
1177
1177
1177
1215
1237
1315
1315
1346
1370
1370
1392
1763
2484
2560
2938
2999
3077
3077
3433
3555
3683
3683
3683
3696
3718
4157
4157
4536
5109
5161
5215
5792
6004
6098
6140
6170
6251
6252
6407
6416
6762
6787
6898
7013
7176
7205
7280
7280
7501
7588
7714
7950
8136
8162
8465
8632
8892
8985
9079
9254
9254
9254
9254
9254
9254
9551
9551
9551
9551
9551
9551
9551
9551
9666
9751
9801
9801
9815
9815
9815
10504
10504
10504
10516
10516
10520
10590
10666
10697
10697
10698
10698
10996
11136
11278
11361
11558
11651
11790
11790
11957
11957
11960
12279
12296
12487
12487
13014
13060
13096
13121
13729
13744
13839
13852
13852
13961
14181
14396
14463
14606
14606
14606
14647
14649
14826
14969
14969
15025
15256
15350
15580
15590
15608
15636
15864
15952
16004
16004
16004
16047
16062
16443
16648
17103
17484
17945
17945
17945
17976
17998
18045
18207
18278
18870
18944
18945
18945
18945
18971
18971
18983
19077
19077
19238
19238
19238
19288
19303
19453
19453
19453
19838
19940
19958
19996
20105
20192
20192
20192
20192
20192
20192
20202
20233
20486
20764
21006
21098
21124
21124
21124
21193
21195
21196
21404
21405
21673
21851
22089
22123
22236
22411
22411
22411
22825
22988
23024
23024
23024
23187
23531
23531
23568
23568
23915
24150
24213
24614
24614
24652
24905
24975
24975
24975
24975
25048
25108
25108
25108
25468
25804
25840
25840
25840
25840
25840
26461
26665
26860
26865
26939
26939
27080
27355
27610
27885
27918
28380
28381
28424
28604
28613
28657
28719
28719
28719
28719
28719
29148
29166
29196
29196
29215
29215
29215
29215
29215
29215
29215
29306
29387
29391
29407
29412
29507
29878
29878
29878
29878
29991
30085
30280
30398
30608
30608
30806
30806
30956
30956
30956
30956
30956
30956
30956
30956
30956
31003
31057
31156
31160
31160
31160
31160
31160
31160
31160
31160
31160
31461
31461
32055
32091
32282
32301
32301
32580
32844
32985
32987
33029
33064
33158
33258
33515
33749
33777
33797
33912
33919
33919
34104
34147
34147
34147
34316
34370
34413
34565
34585
34585
34623
34626
34770
34961
35341
35343
35344
35742
35886
35901
35901
35917
35959
36068
36069
36320
36320
36400
36410
36575
36586
36640
37080
37107
37107
37107
37107
37107
37107
37389
37405
37405
37416
37420
37837
37920
37940
38268
38431
38476
38605
38662
38792
38794
38798
39013
39153
39393
39645
39777
39893
39893
40051
40209
40351
40351
40351
40351
40351
40351
40351
40439
40574
40582
40723
40723
40855
41077
41142
41297
41407
41575
41629
41866
41914
41979
41979
41985
42010
42122
42371
42431
42559
42685
42685
42686
42687
42687
42767
42767
42841
42960
42960
42978
43100
43313
43444
43444
43444
43451
43451
43451
43587
43592
43770
43776
43806
44001
44006
44094
44337
44394
45221
45589
45722
45845
45845
45940
46052
46064
46079
46166
46166
46172
46172
46172
46204
46236
46241
46269
46315
46325
46330
46330
46441
46441
46480
46480
46565
46614
46758
46884
47053
47053
47055
47113
47186
47195
47396
47531
47531
47651
