440
440
440
440
447
447
494
497
842
899
927
1280
1321
1340
1346
1346
1346
1431
1725
2243
2690
2993
3077
3077
3308
3308
3471
3792
3792
4049
4049
4394
4817
5277
5565
5565
5568
5568
5569
5670
5763
5763
5817
6082
6082
6082
6082
6170
6223
6366
6842
6898
6898
6898
7035
7239
7454
7563
7563
7563
7563
7563
7567
7649
7649
7649
7649
7649
7649
7801
8136
8136
8162
8279
8303
8384
8591
8591
8777
8985
8985
9036
9069
9166
9166
9166
9166
9166
9166
9166
9254
9468
9468
9468
9468
9470
9470
9706
9709
9801
10458
10458
10516
10630
10852
10971
10971
11419
11638
12397
12397
12765
13219
13219
13219
13225
13346
13497
13502
13674
13721
13721
13771
13838
13842
13915
13915
13915
13915
14021
14240
14640
15177
15415
15469
15469
15910
16004
16062
16484
16648
16648
16673
16677
16677
16687
16757
17167
17167
17499
17838
17846
17976
18280
18480
18684
18945
19052
19286
19453
20023
20217
20364
20399
20435
21148
21193
21196
21326
21326
21768
21944
22147
22149
22179
22408
22408
22790
22790
22790
22843
23024
23187
23287
23568
23921
23944
24067
24589
24614
24917
25160
25160
25161
25172
25468
25468
25580
25609
25609
25820
26869
26991
26991
27441
27441
27446
27528
27528
27768
28060
28282
28298
28304
28387
28424
28424
28613
28693
29193
29300
29306
29732
30052
30053
30098
30620
30806
31045
31045
31045
31102
31228
31461
31461
31461
31701
32055
32080
32080
32098
32101
32350
32414
32414
32521
32732
33051
33387
33387
33591
33641
34537
34680
34680
34720
34720
34841
34847
34847
34847
35526
35526
35527
35527
35645
35843
35843
35844
35844
35844
36147
36179
36320
37081
37866
37883
38490
38605
39055
39639
39823
40315
40489
40507
40918
41029
41042
41521
41662
41979
42261
42777
42960
42978
43082
43082
43100
43562
43653
44142
44282
44839
44839
44869
45152
45548
46480
46565
46576
46884
46884
46884
46884
46884
46884
46884
46884
46884
46884
46884
46884
46939
47055
47186
47186
47186
47186
47204
47237
47237
47237
47237
47237
47237
47246
47275
47531
47531
47710
47712
47712
