142
379
526
1274
1282
1283
1283
1283
1430
1454
1510
1510
2118
2282
2332
2332
2792
2949
4013
4013
4917
5767
6082
6082
6158
6158
6158
6158
6223
6223
6223
6223
6223
6223
6223
6223
6407
6717
6786
6898
6898
7649
7649
7649
8307
8808
8820
8985
9035
9349
9349
9478
9538
9542
9542
9542
9931
9931
10143
10143
10144
11311
11311
11418
11462
11759
12429
12690
13523
13721
13721
13721
13721
13721
13721
13721
13721
13721
13721
13721
13721
13723
13725
13838
13852
13852
13893
13915
13915
14021
14063
14066
14478
14478
14478
14478
14478
14606
14606
14612
14640
14809
14869
14871
14917
15227
15314
15346
15469
15934
16062
16202
16830
17346
17346
17496
17945
18061
18061
18061
18061
18061
18279
18313
18313
19454
21001
21145
21146
21196
21337
21842
21851
21903
21903
22253
22847
23673
23675
24169
24676
24702
25924
27080
28060
28467
28552
28552
28552
28613
28613
28613
28613
28613
28613
28613
29196
29306
29933
29985
30024
30024
30052
30098
31480
31480
31533
31533
32091
32101
32412
32415
32732
33133
33140
33523
33523
33641
33771
33925
34961
34961
34962
34964
35620
35678
36511
36924
37531
37531
37654
37791
37883
37889
38312
38792
38907
39500
40605
40644
41142
41361
41602
41895
41895
41895
41895
41895
41895
41895
41895
41895
41895
41895
41901
41933
42102
42102
42167
42565
42699
42960
43082
43168
43272
43272
43326
43326
43398
43400
43414
43414
43414
43414
43414
43523
43523
43523
43523
44282
44282
44293
46551
46884
46884
46884
46884
46884
46884
47186
47186
47186
47186
47243
47531
47531
47531
47709
47709
47709
