279
279
279
279
301
309
356
440
440
444
463
473
533
533
671
749
888
927
1186
1187
1340
1346
1502
2129
2262
2332
2517
2567
2591
2725
3077
3143
3213
3308
3308
3311
3323
3471
3696
4049
4049
4156
4156
4157
4169
4205
4319
4744
4870
5109
5109
5225
5295
5295
5295
5295
5296
5418
5565
5763
6053
6082
6170
6170
6321
6524
6738
6866
6866
6885
6885
6885
6885
6885
6976
7034
7439
7439
7439
7439
7588
7649
7864
8218
8238
8303
8384
8559
8874
8929
9145
9551
9801
9801
9815
9828
10112
10167
10186
10368
10371
10628
10682
10682
10972
11022
11372
11379
11650
11651
11651
11675
11769
11787
12200
12211
12292
12417
12429
12467
12670
13065
13219
13219
13444
13486
13600
13753
13961
13961
14021
14148
14396
14560
14620
14640
14718
14753
14757
14916
15177
15209
15612
15667
15850
15850
15910
15910
15910
15910
15910
15910
15910
15910
15913
15913
15913
15913
15913
15913
15913
15913
15913
15913
15913
15913
15913
15918
16004
16238
16595
16783
17099
17114
17114
17114
17114
17167
17167
17212
17490
17496
17504
17838
17838
17838
17838
17838
17847
18017
18061
18061
18061
18061
18061
18061
18061
18079
18079
18084
18278
18279
18294
18300
18460
18480
19385
19401
19453
19647
20215
20295
20343
20992
21143
21339
21363
21744
21744
21759
21759
21768
21768
21768
21799
21853
21897
21903
21903
21903
21944
21944
22147
22149
22149
22149
22394
22542
22783
22825
22825
22851
22852
23287
23705
23705
23705
23705
23914
23916
23944
23944
24096
24098
24179
24213
24213
24213
24228
24550
24614
24685
24975
25002
25033
25048
25108
25158
25211
25468
25602
25602
25609
25609
25622
25708
25840
25905
25924
26259
26259
26259
26260
26348
26462
26463
26545
26909
26909
27349
27472
27500
27618
27836
28269
28407
28425
28425
28434
28434
28467
28492
28613
28613
28613
28657
28693
28693
29048
29306
29599
29638
29687
29687
30068
30279
30398
30806
31003
31026
31057
31057
31061
31140
31443
31443
32136
32171
32301
32301
32301
32307
32311
32352
32352
32352
32352
32357
32373
32692
32717
32732
32798
32807
32933
33064
33159
33308
33318
33449
33749
33749
33749
33749
33919
34260
34413
34417
34417
34418
34490
34528
34528
34620
34721
34978
35074
35079
35079
35159
35339
35526
35565
35583
35645
35649
35737
35773
35799
35964
36011
36073
36103
36320
36320
36320
36332
36400
36410
36914
36914
37816
37837
37883
37883
37890
37932
38201
38267
38267
38290
38290
38290
38407
38407
38407
38407
38407
38407
38605
38706
38746
38750
38778
38944
39016
39037
39264
39390
39484
39621
39639
39726
39809
39893
40017
40334
40337
40445
40501
40528
40591
40874
40912
41227
41339
41345
41521
41525
41597
41599
41715
41892
41895
41895
41901
41985
42122
42209
42226
42384
42384
42649
42699
42788
42789
42792
42794
42794
43082
43117
43562
43579
43632
43639
43888
43888
44001
44148
44384
44535
44593
44746
44948
45234
45275
45485
45508
45758
46064
46152
46152
46159
46246
46330
46668
46884
46884
46884
46935
47041
47053
47186
47237
47237
47246
47287
47543
47543
47543
