57
308
385
385
636
696
778
836
975
975
975
1035
1315
1346
1346
1346
1346
1477
1592
2332
2332
2520
2748
2748
2767
2802
2802
2884
2914
2993
3077
3514
3597
3597
3597
3661
4084
4084
4327
4327
4327
5307
5575
5575
5767
5792
6035
6035
6082
6251
6330
6366
6407
6527
6878
6917
6917
6929
6983
6992
6992
7290
7439
7439
7563
7722
7750
7753
7821
8136
8162
8208
8243
8281
8281
8478
8628
8636
8720
8725
9045
9512
9621
9706
9707
9712
9724
9727
9756
9756
9984
10076
10078
10078
10355
10355
10382
10996
11015
11464
11492
11629
11680
11760
12328
12328
12328
12328
12328
12487
12622
12835
12835
12871
13065
13107
13314
13329
13343
13454
13510
13674
13692
13698
13750
13750
13763
14062
14078
14331
14397
14413
14596
14609
14615
14619
14640
14640
14640
14640
14647
14647
14647
14647
14681
14682
14684
14895
14901
15030
15035
15088
15178
15350
15392
15626
15723
15731
15864
15922
15934
16004
16004
16004
16337
16338
16361
16377
16461
16470
16532
16595
16673
16673
16680
16830
16929
16934
16934
16934
16934
16934
16934
16934
17008
17032
17098
17162
17209
17283
17283
17531
17532
17611
17611
17611
17659
17952
17985
18039
18039
18039
18061
18061
18079
18278
18278
18449
18476
18875
18952
18952
18971
19050
19303
19408
19542
19836
19852
19940
20008
20217
20251
20251
20251
20348
20771
20807
20828
20839
21102
21146
21185
21193
21197
21235
21241
21339
21588
21615
21957
22179
22288
22825
23000
23024
23024
23531
23946
23954
23963
23991
24096
24236
24236
24325
24531
24559
24559
24594
24614
24614
24614
24614
24710
24750
24782
24816
24853
24875
24875
24888
24975
24975
24985
25108
25113
25143
25298
25328
25413
25456
25468
25753
25820
25820
25911
26462
26663
26909
26923
26923
26923
26938
26939
27022
27289
28043
28043
28043
28043
28043
28044
28044
28180
28180
28241
28303
28387
28425
28613
28613
28800
28800
29237
29267
29586
29816
29878
29878
29878
29922
30139
30396
31031
31084
31102
31461
31522
32002
32002
32002
32002
32002
32002
32002
32003
32003
32003
32003
32003
32003
32055
32121
32121
32136
32136
32147
32344
32493
32547
32576
32596
32864
33177
33418
33421
33421
33456
33462
33633
33751
33796
33798
33907
33912
33919
34079
34173
34173
34183
34183
34183
34183
34183
34183
34183
34183
34183
34183
34224
34457
34457
34585
34662
34823
34833
35136
35147
35435
35497
35637
35743
36511
36639
36640
36774
36774
36774
36896
36921
37339
37405
37478
37511
37770
37953
37971
38280
38305
38305
38374
38695
38750
38798
38844
38946
39016
39157
39157
39604
39751
39751
39754
39816
40507
40531
40544
40544
40544
40544
40544
40544
40548
40548
40685
40803
40803
40803
40803
40803
40809
40828
40842
40918
41045
41069
41071
41072
41142
41154
41694
41698
41754
41772
41949
42003
42335
42493
42642
42857
42960
42960
43151
43326
43330
43545
43596
43819
43854
43854
43893
44094
44282
44825
44876
45103
45232
45862
46125
46126
46126
46175
46361
46419
46433
46565
46565
46565
46571
46662
46830
46872
46884
47055
47543
47571
47609
47609
47687
