142
193
279
323
440
440
447
447
447
447
520
533
700
749
778
899
1219
1324
1340
1346
1346
1460
1502
1563
1645
1964
2144
2484
2732
2733
2734
3100
3146
3269
3269
3269
3269
3269
3269
3269
3555
3705
3831
3842
3915
4340
4350
4350
4350
4350
4350
4350
4350
4350
4350
4350
4350
4350
4608
4718
5295
5628
5763
6082
6082
6082
6407
6559
6709
6727
6755
7140
7239
7461
7568
7579
8146
8162
8205
8245
8245
8279
8281
8297
8508
8511
8511
8511
8511
8563
8563
8708
8777
8985
9254
9254
9333
9470
9470
9551
9551
9551
9707
9801
9896
10504
10578
10590
10666
10851
11000
11301
11319
11418
11544
11651
11954
12071
12115
12115
12116
12116
12393
12393
12467
12487
12758
13014
13065
13107
13212
13961
14155
14178
14221
14221
14222
14242
14259
14396
14396
14407
14463
14606
14606
14620
14640
14640
14647
14648
14651
14724
14867
14968
15022
15188
15198
15209
15212
15229
15262
15262
15293
15349
15349
15636
15841
15894
15913
15930
16296
16480
16830
17009
17042
17496
17499
17565
17565
17945
17952
18061
18061
18061
18061
18067
18079
18279
18279
18526
18526
18526
18526
18526
18853
18868
18946
19286
19286
19286
19288
19453
19487
19647
19698
19698
19950
19950
19978
20224
20251
20391
20549
20662
20909
20910
21193
21241
21362
21559
21583
21583
21753
21854
22394
22903
22903
22941
23024
23024
23024
23187
23216
23287
23367
23523
23705
23736
23736
23915
23944
23995
24213
24358
24614
24614
24614
24620
24655
24685
24782
24793
24809
24809
24809
24816
24905
24993
25044
25106
25108
25468
25609
25616
25820
25820
25820
25905
26053
26119
26122
26122
26122
26122
26122
26384
26384
26909
27095
27226
27341
27349
27533
27807
27807
27807
27807
27807
27836
27836
27922
28407
28415
28434
28604
28657
28657
28657
29251
29306
29387
29397
29691
29878
29971
30053
30096
30163
30178
30409
30728
30806
30806
30806
31025
31228
31365
31461
31461
31461
31461
31461
31461
31461
31468
31526
31609
31745
31745
31745
31745
31827
32059
32076
32344
32352
32732
32743
32773
32773
33064
33074
33464
33465
33496
33599
33616
33653
33749
33919
33919
34139
34150
34154
34154
34154
34154
34154
34154
34258
34532
34532
34532
34585
34713
34759
34783
34785
34785
34961
34981
35031
35042
35340
35407
35566
35645
35645
35645
35652
35905
36138
36138
36138
36138
36252
36320
36400
36407
36410
36410
36631
37092
37107
37107
37107
37107
37107
37107
37107
37416
37416
37416
37420
37587
37866
37920
37940
38168
38280
38407
38600
38890
38961
39018
39077
39384
39621
39638
39814
39846
39958
40351
40531
40543
40794
40951
40962
40962
41043
41043
41043
41070
41339
41525
41525
41525
41525
41558
41569
41930
41979
41979
41992
41996
42013
42132
42234
42412
42429
42444
42559
42565
42580
42649
42669
42670
42670
42686
42687
42687
42687
42790
42794
42794
42960
42960
42960
42960
42960
42978
43888
43888
44590
45272
45272
45304
45845
46202
46249
46330
46419
46433
46565
46614
46638
46712
46720
46804
46884
46884
46884
47183
47186
47195
47220
47520
47543
47566
47617
