510
510
676
700
747
903
903
903
903
1280
1280
1285
1517
1683
2488
2492
2492
2492
2957
2961
3077
3831
4084
4518
5186
5186
5242
5307
5307
5307
6001
6035
6082
6494
6787
7111
7148
7148
7148
7229
7230
7230
7579
8414
8450
8808
8985
9254
9801
10305
10444
10548
10548
10548
10559
10665
11379
11720
11787
11954
12047
12456
12602
13060
13625
13852
13852
13852
13852
14063
14063
14066
14531
14531
14606
15054
15059
15059
15059
15059
15059
15059
15418
15420
16202
16424
16424
16424
16424
16648
16830
17060
17591
17611
17620
17945
17945
18054
18054
18054
18079
18517
18971
19647
19647
19647
19662
19673
19996
20834
20993
20999
21091
21143
21146
21241
21480
21687
21687
21903
22173
22455
22455
22497
22778
22979
22998
23024
23024
24101
24169
24176
24676
24676
24993
25168
25179
25580
25859
25859
26777
27084
27084
27528
27528
27807
28424
28465
28467
28469
28492
28613
28666
28666
29252
29689
29690
29705
29878
29966
30052
30139
30297
31468
31533
31533
31533
32091
32134
32301
32373
32386
32576
32596
32692
33050
33143
33143
33158
33190
33308
33309
33322
33641
33641
33919
34119
34510
34557
34585
34785
34841
35009
35201
35203
35332
35607
35655
35738
35738
36332
36739
36888
37092
37092
37107
37107
37107
37107
37107
37107
37895
37895
37920
37928
37928
38165
38290
38305
38305
38568
38907
39291
39584
39754
40151
40151
40151
40156
40429
40437
40437
40437
40437
40723
40723
40874
40918
40953
41051
41187
41274
41340
41698
41698
42106
42109
42444
42571
42571
42669
42960
42960
43117
43398
43398
43398
43523
43523
43523
43856
44282
44282
44604
44812
44822
45053
45231
45231
45272
45272
45275
46243
46479
46480
46614
46884
46884
46884
46884
46884
46884
46884
46884
47039
47133
47133
47186
47531
47531
