200
200
200
283
510
713
747
749
897
1199
1370
1460
1464
1510
1538
1620
1725
1726
1726
2378
2406
2492
2721
2803
2844
2928
3555
3597
3597
3597
3597
3597
3597
3597
3604
3694
3792
3831
4013
4990
5109
5295
5320
5320
5320
5320
5321
5321
5321
5338
5449
5449
5449
6035
6035
6210
6447
6877
6966
7176
7239
7239
7341
7341
7341
7341
7341
7341
7519
7524
7546
7579
7656
8017
8107
8178
8245
8325
8356
8985
9046
9470
9499
9845
10431
10431
10516
10597
10597
10597
10797
10954
10954
11415
11591
11591
11591
11591
11591
11651
11680
11680
11846
11954
12467
12687
12687
13279
13300
13562
13852
13943
13958
14019
14019
14606
14620
14647
15032
15103
15177
15384
15392
15850
15894
15894
15894
15894
15894
15894
16391
16409
16673
16705
17493
17493
17753
17753
17753
18120
18278
18278
18278
18278
18278
18280
18280
18280
18280
18289
18764
18764
18952
19454
19647
19662
20251
20648
20656
20834
21719
21722
21897
21908
22107
22455
22555
22689
23190
23944
23944
23944
24101
24326
24399
24614
24744
24744
24793
25143
25468
25468
25602
25622
25820
26179
26411
26991
26991
27789
28265
28298
28424
28495
28673
28684
28693
28800
28800
29241
29300
29306
29878
30314
31086
31086
31102
31461
31461
31468
31609
31817
31880
32055
32055
32155
32173
32301
32391
32391
32391
32596
33169
33367
33367
33380
33380
33380
33591
33746
33749
33767
34511
34585
34585
34756
35912
35967
35967
35967
35971
35971
35971
36575
36646
36676
37107
37107
37107
37107
37343
37837
37940
37980
38266
38266
38267
38284
38435
38706
38786
39157
39351
39962
39970
40051
40723
41071
41162
41407
41596
42013
42027
42331
42371
42559
42687
42699
42825
42960
43083
43186
43272
43662
43776
43776
44094
44094
44148
45272
45681
45732
45753
45961
45961
45961
45964
45964
45964
45964
45964
45964
45966
45966
46075
46164
46265
46330
46441
46480
46782
46884
46884
46884
46884
46935
46984
46989
47055
47186
47237
47364
47571
47571
