142
142
244
279
279
279
279
324
374
375
463
494
494
526
535
535
635
1041
1325
2243
2332
2563
2563
2730
2884
2884
2884
2928
3101
3694
3915
3919
4460
4460
4791
4853
4945
5565
5569
5569
6082
6082
6163
6407
6468
6738
6745
6866
6890
6899
7166
7176
7176
7176
7176
7176
7176
7176
7176
7176
7176
7176
7176
7176
7176
7176
7176
7177
7239
7411
7452
7529
7579
7754
8123
8204
8310
8611
8807
8914
8985
9156
9516
9538
9551
9551
9551
9712
9801
10143
10682
11049
11208
11462
11777
11815
11816
11816
11816
11816
12187
12467
13279
13298
13301
13301
13301
13301
13301
13301
13301
13301
13301
13346
13696
13839
13893
13942
13966
14606
14719
14719
14895
14917
15103
15193
15225
15268
15268
15349
15392
15638
16361
16648
16830
16830
16830
17060
17077
17105
17105
17108
17167
17170
17403
17433
17433
17484
17496
17611
17753
17976
17985
18061
18061
18061
18061
18061
18061
18061
18061
18279
18288
18558
18802
18944
18945
19453
19958
19958
19958
19958
19961
19961
19996
19996
19996
20023
20023
20023
20443
20444
20969
21146
21153
21363
21897
21957
22147
22147
22147
22178
22179
22374
22397
22397
22783
22830
22845
23283
23287
23568
23568
23909
23992
24101
24145
24150
24150
24150
24150
24150
24150
24213
24358
24372
24381
24381
24399
24406
24515
24559
24620
24658
24782
24793
24816
24875
24875
24875
24875
24875
25044
25096
25158
25168
25468
25468
25468
25575
25602
25609
25616
25820
26003
26352
26352
26379
26384
26461
26461
26578
27080
28060
28060
28060
28060
28060
28060
28060
28060
28060
28060
28060
28060
28060
28266
28266
28266
28424
28424
28424
28424
28424
28425
28425
28425
28434
28434
28573
28573
28573
28592
28592
28592
28693
29237
29391
29689
29689
29751
29937
29937
30806
30806
30941
31025
31026
31461
31461
31461
31461
31461
31461
31461
31461
31468
32055
32055
32059
32064
32076
32076
32076
32076
32076
32076
32076
32076
32076
32090
32090
32091
32091
32091
32301
32301
32301
32467
32580
32724
32724
32818
33124
33156
33158
33199
33274
33335
33342
33372
33437
33523
33527
33641
33642
33642
33642
33749
33846
33846
33846
33846
33846
33985
34065
34079
34413
34441
34513
34528
34557
34639
34847
35162
35388
35436
35482
35606
35737
35737
35741
35882
35882
35886
35886
36068
36068
36320
36393
37080
37080
37107
37361
37554
37554
37554
37554
37554
37554
37570
37570
37570
37570
37570
37643
37837
37865
38236
38236
38236
38313
38960
38960
38960
39187
39355
39424
39621
39893
39962
40077
40175
41049
41067
41200
41273
41311
41385
41385
41385
41385
41385
41385
41525
41525
41527
41835
41895
41979
42211
42213
42213
42213
42215
42215
42263
42408
42523
42776
42960
42960
42960
43451
43585
43587
44416
44432
44673
44812
44822
44822
45275
46480
46480
46480
46484
46484
46637
46884
46884
46884
46884
46884
46884
46884
46884
46884
46884
46884
46884
46884
46884
46896
47055
47186
47265
47531
47543
47609
47609
47609
47609
47609
47609
47609
47609
47609
