127
127
142
276
277
324
325
373
440
525
525
536
594
595
597
826
888
899
944
944
944
944
944
944
944
944
944
944
944
1274
1274
1315
1346
1346
1513
1737
2076
2118
2118
2118
2243
2243
2332
2392
2554
2584
2606
3807
3807
3807
3807
3807
3807
3807
3807
3807
3807
3835
4156
4813
5539
5763
5763
6001
6082
6843
6851
6898
6905
7521
8021
8191
8218
8218
8226
8226
8226
8226
8230
8230
8231
8231
8231
8231
8279
8329
8329
8397
8397
8397
8397
8508
8510
8511
8558
8559
8801
8809
8985
9159
9468
9470
9470
9811
10144
10282
10444
10444
10548
10971
10972
10972
10972
10972
10972
11049
11052
11052
11136
11136
11136
11136
11139
11154
11251
11304
11311
11344
11344
11344
11381
11462
11468
11468
11468
11468
11468
11468
11468
11468
11533
11533
11534
11534
11534
12765
13279
13340
13545
13838
13915
14063
14063
14063
14659
14659
14759
14919
14958
14958
15056
15059
15063
15670
15911
15951
16004
16406
16480
16579
17060
17077
17098
17098
17098
17098
17098
17098
17098
17098
17098
17098
17098
17098
17098
17098
17098
17098
17098
17098
17098
17098
17098
17098
17098
17105
17108
17108
17108
17108
17108
17114
17114
17475
17545
17753
17753
17753
17838
18002
18058
18058
18058
18061
18061
18061
18061
18061
18061
18061
18079
18206
18206
18558
19647
20599
20599
20599
20599
20599
20600
20600
20600
20600
20600
20600
20647
20647
20909
20909
20909
20909
20909
20909
20909
20909
20913
20940
20970
21000
21012
21039
21039
21040
21044
21113
21193
21197
21241
21241
21241
21326
21363
21480
21480
21480
21642
21842
21944
21944
22397
22998
23024
23287
23914
23944
23947
24381
24399
24614
24744
25702
26077
26077
26167
26379
26379
26379
26526
27349
27349
27472
27472
27491
27491
27491
27836
27839
28060
28060
28434
28434
28434
28684
28684
28684
28684
28684
28684
28684
28684
28684
28684
28684
28684
28684
28684
28684
29241
29387
29498
29498
29634
29634
29634
29634
29634
29634
29634
29634
29634
29634
29634
29634
29634
29705
29705
30098
30349
30559
30932
31026
31042
31042
31045
31045
31045
31045
31045
31045
31048
31509
32121
32596
32692
32724
32724
32779
33156
33189
33192
33194
33276
33276
33384
33387
33421
33459
33496
33523
33576
33770
33771
33771
33887
33887
33919
34179
34557
34557
34783
34785
34915
34915
34964
34965
34965
35307
35332
35371
35410
35424
35531
35637
35645
35648
35655
35655
35737
35773
35773
35814
35915
35917
36138
36138
36138
36138
36138
36138
36138
36138
36138
36147
36575
36896
37107
37587
37587
37733
37839
37928
37932
37940
37977
38792
38794
38960
39080
39777
39991
40048
40048
40051
40109
40109
40109
40109
40391
40431
40493
40556
40918
40963
41126
41126
41126
41126
41164
41228
41800
41895
41895
41979
42055
42184
42618
42644
42685
42914
42914
42914
42919
43082
43272
43482
43550
43632
44282
44282
44603
45081
45081
45082
45275
45275
45275
45285
45291
45319
45425
45425
45425
45425
45428
45681
46330
46480
46720
46772
46804
46884
46884
47186
47186
47237
47366
47531
47531
47571
