6
6
15
15
15
15
15
15
199
276
348
358
358
358
358
520
659
700
704
836
836
868
1065
1087
1176
1346
1370
1737
2010
2010
2017
2031
2037
2079
2216
2260
2284
2734
2807
3077
3077
3597
3683
3708
3708
3858
4410
4623
4767
4857
4881
4882
4882
5052
5054
5054
5278
5763
5881
5989
5989
5994
6035
6057
6251
6416
6416
6422
6558
6843
6846
6846
6846
6846
6890
6947
7154
7154
7154
7290
7337
7337
7439
7454
7479
7479
8197
8230
8267
8577
8611
8613
8696
9349
9508
9508
9519
9519
10201
10337
10337
10337
10412
10458
10465
10570
10652
10652
10652
10652
10666
10678
10971
11141
11278
11647
11790
11796
11798
12320
12765
12899
12977
13082
13082
13414
13644
13646
13765
13958
13958
13961
14307
14606
14659
14737
14809
14809
14809
14809
14809
14875
15177
15256
15262
15330
15330
15349
15349
15495
15644
15840
15922
15922
16004
16004
16062
16174
16362
16563
16595
16595
16673
16673
17060
17750
18061
18304
18460
18475
18558
18558
18575
18634
18764
18811
18891
19288
19392
19647
19793
19815
19836
20030
20131
20131
20131
20131
20132
20202
20251
20295
20435
20480
20662
20737
21055
21146
21241
21977
22143
22518
22825
22830
22843
22843
23026
23059
23219
23531
23580
23697
23836
23944
23944
23960
23960
24096
24165
24236
24236
24744
24809
24809
24975
25103
25379
25494
25557
25557
25557
25557
25557
25713
25820
25840
25984
26195
26462
26523
26525
27080
27084
27087
27147
27214
27226
27365
27472
27580
27683
27791
27791
27791
27791
27791
27815
27815
27815
27815
27815
27836
28463
28567
28567
28613
28613
28719
28719
28719
28757
29306
29698
29698
29698
29698
29698
29698
29698
29698
29698
29698
29698
29698
29698
29698
29698
29698
29698
29698
29698
29703
29703
29705
29878
29878
30325
30398
30642
30678
30722
30722
30923
30958
31003
31102
31198
31253
31546
31600
31606
31728
31728
31940
32216
32235
32576
32598
32598
32598
32598
32598
32598
32598
32598
32598
32598
32598
32598
32598
32598
32598
32646
32647
32647
32647
32647
32647
32821
32940
33029
33049
33215
33256
33258
33495
33496
33562
33562
33562
33751
33887
33902
34065
34316
34511
34962
34964
35489
35583
35645
35645
35649
35679
35915
35969
35969
36575
36775
36775
36891
36968
37033
37107
37107
37107
37107
37107
37405
37457
37457
37457
37457
37457
37837
37866
37935
38172
38184
38204
38266
38266
38267
38290
38305
38315
38316
38345
38443
38669
38724
39131
39724
39805
40351
40351
40437
40744
40745
40932
41177
41177
41178
41178
41178
41178
41178
41178
41178
41648
41895
41895
41895
41895
41895
42184
42420
42420
42420
42420
42597
42687
42794
42951
42951
42956
42960
42960
42978
43117
43174
43174
43255
43278
43398
43854
43879
43879
43880
43893
44001
44094
44094
44094
44094
44129
44719
44720
44787
44853
45231
45291
45456
45579
45579
45579
45579
45579
45579
45722
46168
46205
46328
46330
46359
46439
46565
46709
46712
46758
46809
46830
46884
47122
47195
47195
47204
47363
47366
47531
47531
47531
47543
47543
47543
47543
47543
47543
47568
47609
