440
444
447
451
1284
1325
1346
1346
1370
1521
2332
2372
2372
2619
2619
2619
2746
3077
3077
3255
3661
3762
3792
3831
4211
4350
4350
4350
4350
4472
5078
6054
6407
7280
7439
7439
7571
7710
7754
7754
7754
7754
7797
8031
8201
8356
8746
9239
9254
9254
9551
10078
10571
10586
10765
11633
11796
11955
12507
12587
13662
13867
13882
13961
14470
14470
14608
15034
15350
15377
15636
15697
16004
16004
16004
16004
16097
16097
16097
16098
16110
16296
16403
16441
16441
16441
16445
16595
16975
17060
17565
17609
17909
18039
18245
18456
18898
20105
20828
21146
21944
22486
22839
23332
23332
23523
23523
23523
23523
23523
23526
23944
23960
24116
24116
24116
24116
24116
24117
24117
24686
24809
24809
24809
24905
25044
25697
25713
25713
25713
25820
25840
25906
26075
26075
26075
26075
26075
26078
26122
26122
26125
26384
26411
26545
26663
26663
26663
26665
26777
27089
27107
27445
27528
27771
27771
27771
28184
28693
29702
29708
29816
29816
30806
30956
30956
31228
31806
32055
32091
32139
32139
32140
32141
32141
32141
32141
32141
32141
32141
32141
32344
32666
32734
32797
32957
32962
32962
32962
32962
32962
33318
33413
33464
33591
33607
33626
34528
35028
35028
35028
35360
35418
35621
35888
35897
35924
36072
36368
36479
37107
37107
37107
37405
37420
37511
37810
37837
37860
37860
37866
38069
38165
38495
38545
38545
38647
38647
38778
38778
38984
38984
39037
39055
39055
39260
39484
39621
39621
39712
39933
40175
40257
40348
40348
40349
40351
40429
40489
40489
40489
40493
40523
41029
41525
41525
41525
41525
41529
41648
41979
41996
41996
42371
43082
43165
43174
43174
43904
44047
44719
44836
44836
44836
44838
44845
45488
45722
45781
45781
45781
45781
45781
45781
46193
46330
46480
46697
46804
46809
46859
46884
46884
46884
47000
47195
