451
473
483
510
747
747
888
888
899
944
944
944
944
944
944
944
944
944
1346
1709
1725
1726
2125
2243
2243
2332
3233
3694
3835
4049
4221
4221
5295
5296
5539
5539
5881
5989
6082
6082
6082
6082
6082
6082
6140
6717
6843
6876
6905
6959
7205
8025
8226
8231
8231
8231
8231
8231
8231
8231
8231
8232
8250
8508
8508
8777
9468
9470
10504
10628
10666
10678
10678
10678
10812
10812
10858
11136
11136
11136
11136
11139
11231
11278
11344
11468
11468
11468
11468
11468
11468
11533
11533
11533
11533
11533
11533
11533
11533
11867
12093
12094
12296
12444
12487
13121
13344
14063
14531
14640
15350
15392
15569
15569
16364
16406
16512
16512
16512
16512
16512
16512
16512
17108
17167
17437
17611
17620
17750
17750
17750
17750
17838
17846
18061
18898
18898
18944
18983
19286
19453
19453
19838
20212
20212
20992
20992
21040
21153
21194
21484
21840
21840
21943
21943
21944
21944
21944
21944
21953
21953
22830
22845
23024
23580
23736
23966
23966
23966
23966
23966
23966
23973
24150
24244
24244
24782
25102
25108
25108
25468
25468
25468
25468
25570
25570
25609
25609
25820
25820
25820
26407
26523
26523
26623
26623
26624
26624
26835
26845
26845
26996
27080
27080
27084
27472
27472
27472
27472
27472
27472
27768
27768
27807
27807
27807
27836
27836
28424
28424
28604
28613
29306
29306
29634
29634
29634
29698
29698
29698
29878
30053
30549
30549
30549
30549
30559
30806
30806
30976
31026
31057
31200
31461
31461
31461
31461
31461
31461
31461
31461
31480
31487
32724
33158
33158
33190
33190
33190
33483
33591
33988
34060
34060
34125
34585
35035
35104
36575
36840
36967
36968
37088
37107
37107
37107
37107
37107
37107
37107
37107
37107
37107
37107
37107
37107
37107
37308
37733
37734
37738
37738
37866
37866
37866
37903
37903
37920
37977
37977
38661
38778
39157
39210
40045
40045
40045
40045
40048
40051
40523
41297
41314
41319
41558
41558
41597
41800
41988
41988
42081
42102
42580
42687
42687
42687
42690
42766
42767
42978
43100
43255
43682
43931
44273
44273
44282
44590
45272
45272
45883
45961
46001
46001
46152
46159
46164
46202
46205
46584
46884
46884
46884
47224
47237
47237
47246
47265
47543
47543
47543
47555
47671
