8
231
440
440
444
447
447
451
533
533
805
805
805
805
963
1323
1340
1346
1346
1429
1502
1725
1726
1737
1763
2012
2022
2332
2484
2484
2504
2504
2599
2733
3300
3308
3762
3840
4350
4350
4350
4350
4350
4350
4350
4853
5307
5696
5730
5995
6094
6282
6558
6717
6898
6949
6949
7160
7176
7341
7551
7579
8080
8205
8218
8218
8219
8226
8227
8227
8279
8279
8509
8510
8511
8643
9254
9780
9780
9886
9938
10078
10181
10678
10765
10868
10962
11050
11280
11637
11946
11946
12071
12071
12115
12116
12116
12307
13107
13219
13301
13774
13791
13791
13852
13852
13852
13873
14063
14147
14147
14222
14222
14421
14463
14463
14718
14865
14865
14869
14870
14946
15113
15177
15219
15850
15925
16119
16480
16675
16830
17114
17295
17496
17496
17753
18061
18061
18061
18079
18079
18354
18466
19286
19453
19698
19836
19958
19996
20212
20212
20381
20443
20868
20869
20878
20909
20909
20946
20967
20969
21023
21124
21146
21146
21241
21254
21362
21362
21363
21363
21363
21363
21640
21663
21722
21722
21738
21764
21764
22135
22135
22179
22394
22394
22830
22830
22833
23026
23026
23026
23026
23419
23568
23705
23881
23944
24100
24271
24283
24559
24614
24614
24620
24759
24809
24809
24809
24809
24993
25039
25044
25046
25468
25855
26122
26122
26122
26122
26352
26360
26384
26384
27080
27080
27084
27095
27095
27233
27771
27771
27771
28060
28425
28613
29306
29306
29698
30032
30349
30389
30536
30757
31228
31228
31395
31461
31461
31480
31606
31609
31895
32053
32344
32344
32344
32350
32495
32724
33064
33158
33158
33158
33205
33525
33599
33616
33635
33749
33771
34150
34150
34150
34150
34150
34150
34150
34150
34150
34152
34154
34154
34154
34155
34155
34155
34399
34418
34557
34575
34785
34785
34823
34840
35059
35074
35118
35135
35410
35492
35606
35645
35648
35863
36144
36332
36485
37554
37659
37659
37738
37920
38184
38268
38268
38347
38347
38347
38347
38451
38778
38794
38794
39037
39055
39308
39476
39639
39751
39751
40543
40558
40796
41043
41310
41314
41385
41895
41895
41895
41899
41930
41933
41979
41996
41996
42010
42061
42210
42687
42762
42777
42841
42960
42960
42960
43330
43398
43433
43485
43505
44282
44688
44688
44867
45173
45233
45272
45272
45386
45719
45722
46164
46236
46275
46292
46330
46400
46433
46441
46956
46956
46989
47053
47118
47237
47571
47571
