15
15
320
325
358
358
390
510
510
619
789
789
789
790
790
888
888
1219
1219
1725
1725
1763
1763
1763
1763
1772
2022
2027
2039
2305
2321
2390
2606
3473
3759
3827
3827
3892
4049
4186
4502
5413
6060
6062
6197
6416
6416
6416
6416
6665
6953
7710
7710
7710
7710
7723
7866
8092
8162
8245
8373
8385
8522
8632
8717
8895
8986
9548
9548
9780
10305
10586
10630
10678
10812
10812
10812
10812
10812
10812
10812
11344
11629
11790
13060
13414
13693
13693
13867
14029
14620
14712
14716
14866
15068
15211
15211
15256
15256
15256
15262
15262
15764
15846
15951
16174
16403
16484
16595
16595
16595
17060
17077
17399
17403
17945
18449
18920
18945
19246
19282
19415
19432
19836
20251
20364
21241
21604
21642
22135
22138
22138
22138
22138
22139
22139
22139
22242
22243
22570
22825
22827
23190
23568
23722
23944
23944
23944
23944
23944
23944
24119
24213
24553
24591
24614
24676
24685
24993
25002
25044
25046
25046
25145
25468
25557
25557
25602
25609
25820
25820
25820
25968
25968
26179
26379
26581
26604
26604
26604
26604
26953
27080
27087
27087
27173
27343
27343
27343
27343
27343
27391
27441
27472
27528
27533
27533
27807
28184
28693
28800
29202
29202
29202
29202
29202
29202
29202
29202
29202
29300
29751
29878
30016
30016
30016
30016
30016
30016
30016
30016
30139
30181
30349
30589
30976
30976
31003
32136
32279
32344
32344
32344
33124
33249
33249
33438
33519
33559
33559
33562
33669
33669
33749
33797
33898
33919
33919
34159
34528
34528
34528
34528
34528
34621
35118
35733
35865
35999
36202
36490
36775
36912
37107
37107
37107
37107
37416
37862
37866
37866
37866
37866
37866
37872
37928
38165
38221
38221
38260
38280
38280
38280
38284
38762
38850
38850
38850
38960
39055
39240
39693
39695
39837
39970
40151
40159
40489
40507
40523
41297
41314
41385
41385
41407
41985
42187
42317
42335
42371
42671
42960
42978
43117
43117
43117
43117
43117
43117
43174
43186
43225
43225
43639
43683
43801
44832
44913
45142
45665
45665
45665
45665
45665
45665
45665
45665
45665
46095
46249
46452
46884
46884
46896
47262
47340
47531
47531
47531
47531
47531
47539
47543
47543
47568
47568
47568
47709
