200
200
320
700
749
888
1392
1392
1964
2039
2317
2332
2720
2720
2720
2720
2720
3676
3816
4398
5307
5307
6140
6960
7086
7154
8281
8281
8307
8307
8307
8511
8720
9141
9141
10479
11278
11278
11633
11790
12295
12741
12969
13947
14809
15113
15171
15178
15495
15999
15999
16479
16595
16687
16933
17026
17090
17090
17133
17133
17133
17133
17312
17343
17399
17537
17838
18061
18130
18278
18278
18647
19238
19263
19303
19313
19317
19836
19989
20055
20662
21835
22356
22542
22558
22783
22808
22830
23024
23371
23371
23580
24028
24165
24372
24458
24458
24745
24782
24975
25102
25102
25143
25609
25697
25820
25820
25820
25984
26129
26525
26548
26678
27226
28060
28567
29714
29937
30722
30941
30956
31242
31435
31461
31461
31616
31730
31757
31757
32055
32176
32176
32386
32620
33143
33171
33353
33387
33746
34039
34155
34537
34537
34537
34537
34537
34537
35195
35451
35651
35775
36218
36417
36417
36418
36418
36418
36487
36490
37107
37107
37107
37107
37294
37364
37364
37364
37554
37594
37594
38172
38172
39629
39759
39759
39759
39759
39798
39816
40326
40429
40810
41525
41529
41644
41996
42211
42477
42699
42775
43100
43100
43117
43117
43174
43431
43431
43712
43712
43823
44094
44094
44094
44853
44853
45275
45681
45722
45722
46042
46042
46042
46884
47096
47191
47459
47539
47543
47543
47594
