1502
1502
1563
1892
3093
3102
3555
3646
4402
4853
5186
5307
5322
5455
6717
6717
6717
8788
9207
9254
10652
10962
13486
13486
13486
13625
13893
14407
14606
14712
14783
14960
15003
15177
15323
16004
16673
16673
16675
17484
17756
18039
19453
19454
19690
19979
21157
22689
22833
22833
22891
23240
23705
23705
23705
23705
23705
23705
23870
24096
24399
25002
25002
25158
25192
25609
26461
28265
30060
31031
31057
31057
31480
31480
31480
32180
32301
32391
32467
32468
32469
32489
35307
35645
35645
36103
36261
36356
36769
36775
37422
38305
38794
40855
41052
41074
41074
41402
41525
41525
42960
43171
43224
43224
43224
43255
43255
44853
44853
45611
45961
45963
45963
45963
45963
45963
46206
46361
46639
46935
