156
320
379
440
440
440
447
447
463
508
510
510
634
841
841
841
841
888
944
944
944
944
944
944
944
944
944
944
944
944
944
944
944
944
944
1239
1315
1346
1346
1346
1346
1370
1370
1513
1725
1726
2144
2266
2332
2560
2563
2595
2889
2889
2928
2938
3077
3656
4744
4744
4853
5296
5539
5539
5565
5994
6054
6251
6513
6861
6959
6959
7154
7433
7435
7708
8125
8126
8146
8146
8146
8226
8226
8250
8250
8317
8355
8548
8821
9317
9468
9470
9822
10144
10305
10444
10444
10444
10630
10652
10678
10678
10678
10812
10962
10969
10996
11136
11136
11136
11136
11139
11139
11278
11468
11468
11468
11468
11468
11468
11475
11533
11533
11533
11533
11533
11533
11533
11533
11533
11533
11533
11533
11651
11663
12467
12484
12484
12484
13344
13345
13345
13360
13523
13852
13852
14066
14588
14659
14717
14809
14958
14958
15112
15112
15112
15112
15256
15262
15268
15268
15314
15327
15392
15569
15569
15569
15569
15569
15569
15569
15569
15570
15809
15836
15836
16004
16062
16512
16512
16512
16512
16595
16614
16614
16614
16687
17098
17343
17377
17753
17753
17753
17838
17838
17838
17838
17838
17838
17838
17846
17846
17846
17913
17985
17985
17985
17985
17985
17985
18061
18061
18079
18079
18279
18526
19289
19313
19465
19662
19673
19673
20105
20295
20295
20909
21041
21153
21241
21248
21248
21248
21248
21248
21248
21270
21686
21744
21764
21903
21944
21944
22394
22688
22830
22830
22838
22998
22998
22998
23024
23287
23914
23944
23944
23963
24100
24381
24381
24399
24406
24553
24594
24614
25048
25158
25158
25168
25468
25606
25725
26464
26622
26622
26624
27080
27084
27233
27462
27472
27472
27770
27771
27807
28434
28613
28613
28613
28657
28854
29074
29074
29306
29306
29306
29306
29698
29698
29698
29878
29878
29985
30166
30166
30440
30549
31042
31102
31102
31239
31461
31461
31461
31509
31509
32055
32090
32091
32311
32352
32467
32467
32467
32467
32469
32469
32469
32570
32724
32724
32724
32724
32724
32779
33158
33158
33413
33577
33635
33770
33770
33771
33771
33775
33915
33919
34280
34338
34348
34348
34348
34352
34425
34425
34425
34425
34426
34511
34770
34794
34965
35360
35410
35424
35645
35645
35652
35655
35679
35728
35912
35912
35970
35971
36105
36127
36394
37088
37107
37107
37107
37416
37625
37628
37896
37920
38221
38267
38268
38345
38778
38955
38960
39055
39138
39973
40045
40048
40048
40049
40051
40051
40051
40154
40429
40437
40523
40531
40723
40723
41525
41932
41979
41979
42167
42317
42495
42960
43117
43117
43117
43550
43550
43550
43550
43550
43550
43550
43550
43550
43550
43550
43550
43550
43550
43550
43551
43879
43880
44009
44094
44094
44282
44282
44282
44282
44282
44538
45004
45230
45883
45883
46424
46433
46433
46884
46884
47186
47186
47186
47237
47237
47246
47246
47246
47249
47543
