249
276
276
279
279
279
283
284
447
510
510
510
510
1283
1315
1323
1340
1346
1346
1364
1392
1563
2144
2144
2144
2144
2343
2636
3077
3213
3308
3369
4186
4190
5238
5823
5984
5984
5991
5994
5994
6082
6082
6422
6866
6867
6947
7053
7160
7176
7176
7404
7476
7479
8012
8307
8307
8307
8307
8307
8358
8375
8378
8672
8986
9119
9349
9364
9372
9372
9538
9819
9822
10332
10597
10666
10969
11136
11221
11344
11530
11530
11530
11664
11664
11776
11777
11787
11787
11838
11860
11990
12234
13065
13199
13248
13248
13248
13248
13248
13248
13248
13248
13301
13360
13852
13852
13961
14104
14717
14732
15057
15059
15177
15188
15349
15349
15349
15611
15850
15913
16424
16424
16442
16442
16823
16830
16830
17016
17016
17056
17077
17399
17620
17620
17757
17940
17945
17985
18039
18039
18079
18079
18517
18526
18971
19256
19273
19273
19459
19459
19463
19463
19940
19958
20246
20246
20246
20246
20248
20250
20250
20444
21040
21127
21144
21293
21558
21739
21957
22017
22374
22397
22397
22397
22397
22998
23024
23240
23254
23568
23960
23991
23991
24100
24100
24165
24165
24179
24645
24665
24875
24875
24888
24888
24905
24905
24948
25002
25609
25609
25713
25820
25820
25820
25840
25840
25855
25855
26173
26179
26179
26351
26352
26352
26352
26368
26991
26991
26991
27062
27194
27445
27472
27618
28182
28266
28424
28604
28604
29306
29306
29387
29387
29387
29387
29391
29878
29878
29878
29878
29878
29933
30014
30279
30279
30405
30932
30941
30941
30941
30941
30941
30941
30941
30941
30941
30941
30941
30941
31228
31228
31461
31461
31461
31509
31533
32076
32301
32301
32970
32970
33183
33258
33274
33363
33641
33645
33648
34053
34066
34066
34066
34333
34399
34399
34413
34528
34567
34719
34901
34903
35194
35308
35645
35652
35675
35866
36320
36924
36924
36942
37107
37107
37107
37107
37107
37107
37107
37107
37107
37107
37107
37107
37308
37437
37437
37531
37531
37531
37531
37531
37531
37531
37531
37531
37531
37531
37531
37531
37554
37554
37554
37554
37554
37554
37554
37554
37554
37554
37554
37570
37570
37570
37570
37570
37570
37570
37839
38201
38267
38284
38312
38539
38683
38695
38778
39055
39055
39138
39138
39153
39505
39505
39777
40051
40051
40154
40154
40154
40154
40351
40972
40974
41342
41385
41385
41470
41470
41525
41525
41531
41558
41657
41895
41895
41895
41985
41996
42010
42211
42259
42391
42409
42699
42766
42766
42767
42777
42841
42948
42960
42960
42978
43082
43117
43174
43425
43879
44337
44337
44825
44836
44940
44940
45112
45143
45272
45272
45272
45272
45275
45275
45275
45344
45406
45968
45968
45968
45968
45969
45969
45969
45969
45969
45969
45969
45969
46052
46414
46433
46433
46439
46441
46472
46480
46576
46799
46809
47023
47042
47055
47186
47186
47191
47204
47204
47275
47281
47281
