279
374
447
533
700
852
1280
1325
1325
1325
1340
1340
1346
1370
2078
2492
2738
2738
2920
2963
3077
3214
3214
4013
4198
4198
4627
5332
5499
5499
6082
6082
6082
6082
6082
6082
6082
6082
6163
6163
6363
6407
6407
6416
6416
6496
6496
6508
6867
7154
7172
7176
7176
7176
7176
7176
7176
7176
7176
7176
7176
7176
7178
7405
7529
7529
7529
7546
7570
7570
7708
7710
7714
8042
8042
8042
8279
8632
8632
8800
8895
8901
8914
8914
8914
8985
8985
8985
8985
9031
9228
9302
9478
9551
9551
9551
9551
9551
9551
9551
9706
10143
10148
10148
10516
10702
10703
11221
11379
11381
11462
11464
11468
11950
11957
12075
12184
13065
13065
13065
13121
13301
13301
13301
13301
13838
13842
13961
13961
14063
14063
14065
14396
14620
14641
14647
14649
14659
14719
14719
14869
14911
14960
15182
15314
15349
15349
15349
15870
15913
16004
16201
16361
16403
16897
16900
17053
17060
17060
17077
17298
17484
17611
17757
18079
18240
18460
18460
18460
18460
18460
18558
18558
18558
18558
18558
18910
18971
18971
19067
19286
19286
19286
19286
19453
19996
19996
20295
20909
20967
20967
20967
20992
21143
21143
21146
21146
21146
21196
21196
21196
21199
21403
21710
22139
22145
22422
22570
22676
22979
22998
23187
23187
23187
23254
23495
23574
23574
24147
24150
24591
24591
24591
24676
24875
25158
25578
25609
25609
25609
25622
25727
26179
26179
26379
26384
26384
26384
26384
26384
26384
26425
26425
26425
26576
27067
27067
27070
27232
27274
27296
27324
27533
27836
28060
28408
28424
28425
28447
28613
28693
29245
29387
29387
29409
29409
29409
29409
29409
29409
29701
29746
29748
29789
30279
30309
30678
30941
30941
31102
31461
31461
31461
31461
31533
31606
31624
31834
32055
32055
32055
32055
32076
32087
32091
32350
32580
32580
32596
32596
32596
32596
32691
32842
32843
33156
33591
33594
33594
33599
33599
33642
33642
33646
33646
33646
33653
33749
33749
33771
33771
33771
33846
33846
33846
33846
33846
33846
33846
33846
33846
33846
34338
34413
34417
34639
34642
34961
34961
34964
35286
35410
35435
35482
35564
35620
35738
35924
35959
35959
35959
35972
36068
36400
36400
36400
36400
36746
37080
37080
37080
37107
37107
37554
37554
37554
37554
37554
37554
37570
37570
37570
37570
37570
37570
37570
37570
37570
37570
37570
37570
37570
37570
37570
37570
37592
37866
37883
37895
37895
37940
38064
38064
38066
38221
38236
38305
38305
38310
38347
38478
39055
39055
39186
39186
39187
39187
39422
39777
39970
40351
40351
40351
40351
40351
40351
40351
40351
40489
40489
40723
41148
41525
41530
41558
41558
41558
41866
41979
42154
42213
42213
42213
42215
42226
42493
42493
42501
42511
42511
42511
42511
42562
42565
42794
42794
42829
42960
42960
43082
43186
43295
43540
43540
43540
44094
44128
44337
44832
45143
45272
45272
45872
46159
46330
46474
46480
46480
46484
46758
46884
46884
46884
46884
46884
46884
46884
46884
46884
46884
46884
46884
46884
46884
46896
47186
47186
47186
47186
47531
47531
47531
47531
47543
47543
47543
47609
47609
47609
47609
