280
440
526
899
1340
1346
2332
2359
2920
2975
3227
3550
4171
4171
4171
4173
4173
4862
5861
6082
6082
6898
6898
7272
7500
7649
7649
7689
8162
8162
8226
8558
8895
8895
9254
9411
9411
9508
9551
9801
10923
10966
10972
10972
11470
12487
12635
13063
13100
13520
13577
13959
14021
14414
15624
15922
16403
16406
16406
16406
17312
17312
17335
17753
17985
18788
18788
18916
18917
18917
18917
18917
18917
18917
18917
19313
19996
20023
20106
20116
20273
20295
20909
21673
21727
21727
21729
21730
21730
21730
22995
23187
23287
23287
23287
24374
24620
24816
24875
24875
24875
24896
24896
25622
25811
26526
27533
27533
28612
28613
28657
28665
29306
30637
30722
30806
31197
31461
31461
31461
31461
31737
32055
32090
32091
32350
33648
33923
34079
34079
34719
35736
35829
35829
35829
35829
36457
36457
36457
36457
36457
36457
36457
36457
36457
36457
36457
36457
36457
36457
36639
37080
37087
37107
37531
37895
37898
37898
38201
38221
38290
38305
38955
39157
39861
40151
40834
40835
40835
40953
40953
40953
40953
40953
40959
40959
40959
41187
41518
41800
41930
41930
42450
42794
43185
43334
43334
43562
43562
45108
45142
45144
45865
46139
46139
46139
46439
46439
46441
46884
46884
46884
46884
46884
47204
