440
700
704
705
780
1346
1521
2082
2243
2468
3755
4186
4439
4623
4623
4885
6253
6960
7154
7454
8307
8891
8901
8914
9411
9551
10479
10969
11136
11136
11139
11790
12602
13003
13212
13301
13301
13478
13478
13478
14025
14869
15268
16004
16402
16675
16680
16683
17371
18061
18079
18460
19204
19459
19989
21146
21241
21613
22838
23705
25411
25911
26411
26503
26525
26525
27084
27365
28567
28613
28613
29007
29387
29698
30642
31042
31448
32352
33051
33058
33058
33125
33125
33190
33641
33749
33749
34147
34147
34522
34721
35359
35912
37554
37570
37738
37866
38172
38278
38280
38516
38516
39978
40051
40351
40507
40953
41525
41895
42153
42263
42794
43632
44853
45700
46479
46884
46884
47099
47099
47186
47186
47186
47191
47543
47543
