56
440
444
444
458
473
703
708
888
958
975
1340
1340
1340
1346
1346
1725
1725
2118
2118
2243
2243
2563
2748
2759
2884
2927
2957
2993
2993
3077
3077
3077
3762
3919
4233
4598
4859
5267
5277
5539
5539
5565
5568
5722
5763
5763
5767
5984
5984
5989
5989
6082
6082
6098
6163
6252
6422
6717
6789
6861
6866
6885
6885
6886
6898
6905
7251
7579
8123
8136
8136
8136
8136
8146
8224
8279
8303
8303
8317
8777
8788
8788
8808
8820
8875
8880
8986
9254
9468
9468
9551
9551
9709
9801
9801
9801
9801
9815
10192
10192
10444
10444
10516
10628
10682
10922
11250
11278
11298
11337
11378
11651
12312
12384
12384
12463
12754
12871
13212
13212
13212
13219
13219
13219
13298
13488
13692
13779
14640
14871
14946
15057
15285
15318
15590
15636
15922
15948
16002
16004
16004
16025
16361
16361
16363
16409
16481
16705
16830
16975
17060
17060
17098
17134
17167
17487
17591
17611
17757
17945
18039
18061
18061
18061
18061
18061
18061
18061
18061
18061
18061
18061
18061
18280
18300
18558
18903
18944
19130
19286
19286
19305
19453
19647
19718
19838
19996
20018
20023
20023
20269
20364
20648
20909
21067
21146
21146
21153
21157
21193
21230
21329
21403
21744
21744
21744
21897
22178
22370
22373
22783
22783
22785
22790
22790
22790
22790
22790
23024
23024
23024
23187
23568
23568
23719
23719
23736
23944
23944
24283
24283
24592
24614
24614
24655
24782
24800
24800
24809
24816
24875
24875
24875
24875
24875
24905
24905
24906
24993
25044
25046
25103
25108
25158
25468
25602
25820
25820
25820
25911
26358
26384
27080
27080
27528
27533
27533
27618
27768
27836
27836
27836
27855
28060
28060
28060
28060
28060
28266
28266
28298
28424
28424
28424
28424
28424
28434
28571
28613
28613
28719
29241
29306
29306
29306
29306
29306
29306
29705
29789
29878
29878
29916
30052
30058
30139
30680
30680
30859
31053
31228
31228
31249
31403
31461
31461
31468
31480
31867
31999
32064
32091
32350
32352
32467
32495
33072
33118
33158
33158
33384
33413
33413
33449
33450
33450
33749
33919
33993
34066
34413
34546
34575
34585
34847
34847
34847
34847
34847
34962
34969
35115
35158
35214
35260
35285
35307
35382
35482
35564
35607
35912
35959
36192
36320
36394
37070
37107
37107
37237
37531
37531
37532
37532
37532
37532
37837
37837
37903
37940
38029
38279
38284
38290
38407
38605
38764
38786
38857
38879
39055
39080
39390
39390
39390
39390
39390
39390
39422
39424
39543
39611
39744
39990
40021
40048
40214
40351
40523
40574
40739
40918
40959
41042
41271
41340
41385
41470
41525
41525
41525
41525
41530
41979
41985
42010
42012
42012
42103
42167
42371
42371
42458
42493
42493
42513
42523
42685
42687
42766
42792
42794
42960
42960
42960
42960
42960
43368
43378
43980
44009
44354
44384
44672
44673
44673
45142
45142
45683
46001
46047
46047
46152
46241
46249
46315
46315
46433
46436
46441
46441
46441
46441
46720
46884
46954
46980
46980
47183
47186
47186
47186
47195
47195
47195
47195
47195
47199
47204
47204
47224
47275
47366
47543
47543
47543
47543
47571
47609
