142
279
323
444
444
447
447
447
533
533
577
581
593
662
749
780
904
1282
1282
1282
1282
1282
1286
1340
1340
1453
1729
1763
2144
2332
2569
2938
3077
3102
3113
3915
3917
4154
4186
4186
4186
4198
4209
4623
5549
5763
5763
5763
5763
5767
5767
5767
5767
5767
5767
5767
5767
5767
5767
5767
5767
5881
5994
6043
6082
6082
6082
6082
6082
6170
6170
6422
6422
6601
6840
6861
6866
6947
6959
7251
7754
7881
7881
7881
7881
8230
8281
8303
8303
8303
8303
8874
8878
8878
8878
8895
8895
8987
9001
9007
9009
9036
9036
9228
9266
9411
9411
9504
9707
10078
10143
10143
10186
10479
10516
10652
10678
10703
10812
10966
11173
11381
11381
11419
11419
11462
11663
11781
11790
12467
12467
12467
12467
12467
12467
12467
13107
13212
13217
13219
13324
13340
13360
13444
13545
13774
13777
13777
13779
13779
13779
13779
13804
13929
14063
14066
14127
14649
14792
14869
14869
15056
15063
15177
15198
15268
15268
15579
15764
15826
15910
15919
16002
16002
16002
16287
16361
16424
16578
16648
17003
17076
17594
17611
17611
17750
17750
17753
17838
17985
18061
18061
18061
18061
18061
18061
18061
18061
18279
18846
18971
19288
19453
19453
19454
19459
19459
19881
20118
20251
20434
20912
21039
21039
21146
21196
21248
21339
21339
21480
21615
21759
21799
21799
21799
21799
21799
21853
21897
22070
22135
22145
22394
22394
22394
22394
22397
22411
22979
23035
23568
23745
23914
23954
23954
23954
23954
23954
23954
23954
23954
23954
23954
23960
23995
24262
24262
24315
24399
24406
24470
24562
24614
24676
24702
25044
25044
25046
25602
25609
25609
25615
25702
25820
25820
26122
26173
26379
26397
26446
26525
26991
27080
27080
27080
27080
28118
28266
28266
28266
28424
28425
28434
28613
28613
29306
29387
29387
29507
29693
29878
29912
30053
30163
30559
30722
30722
30722
30722
30722
30722
31003
31025
31102
31228
31228
31228
31239
31239
31242
31247
31247
31247
31247
31247
31247
31247
31247
31247
31247
31247
31247
31247
31247
31247
31247
31247
31247
31247
31249
31249
31249
31249
31461
31461
31461
31461
31468
31487
31606
31609
32055
32580
32779
33256
33276
33384
33400
33413
33463
33463
33463
33463
33463
33463
33641
33648
33653
33657
33749
33749
33919
34065
34513
34591
34719
34840
34847
34961
34965
35360
35915
35967
35967
36320
37107
37107
37107
37107
37107
37107
37531
37531
37883
37889
37920
37920
37945
38267
38290
38310
38349
38476
38483
38894
39026
39055
39422
39422
39422
39422
39422
39422
39422
39422
39422
39422
39422
39422
39453
39466
39466
39678
40045
40175
40351
40431
40489
40490
40566
40566
40822
40964
41470
41519
41519
41519
41521
41521
41525
41913
41985
41985
41985
41996
42167
42261
42371
42644
42669
42832
42841
42960
43082
43272
43272
43550
44094
44697
45272
45272
45275
45275
45681
45869
45883
46032
46333
46345
46414
46433
46433
46668
46668
46668
46668
46884
46884
46884
46884
46884
46884
46884
46884
47023
47186
47186
47186
47186
47204
47204
47204
47204
47204
47531
47531
47543
47543
47543
47605
