279
279
279
323
323
440
440
451
463
525
748
850
903
927
944
1274
1282
1285
1315
1728
1737
1737
2144
2144
2288
2332
2332
2389
2567
2603
2603
2737
2920
2920
2938
2938
2938
3213
3323
3323
3473
3473
3473
3498
3498
3695
3915
3919
4049
4058
4186
4186
4186
4186
4186
4198
4623
5100
5374
5420
5539
5539
5539
5539
5539
5539
5539
5539
5539
5539
5568
5763
5767
5767
5767
6082
6158
6170
6170
6223
6269
6282
6422
6554
6641
6861
6948
7160
7205
7419
8230
8245
8397
8425
8805
8820
8895
8908
8912
8912
8985
8987
9039
9268
9268
9349
9372
9372
9428
9596
9706
9726
9780
9912
10142
10143
10143
10444
10516
10614
10614
10614
10614
10614
10614
10614
10614
10614
10619
10619
10682
10835
10847
10852
10916
11137
11281
11413
11777
12977
12977
12977
13212
13212
13212
13219
13301
13340
13360
13502
13842
13852
13915
14063
14063
14066
14066
14325
14339
14339
14339
14353
14640
14820
14917
14919
14939
15008
15054
15054
15068
15198
15268
15314
15392
15469
15608
15894
15910
15910
15910
15912
15913
15919
15919
16002
16088
16091
16202
16497
16687
16765
16830
17098
17108
17114
17167
17212
17262
17344
17437
17437
17496
17594
17713
17750
17750
17760
18002
18061
18061
18061
18061
18061
18061
18061
18061
18061
18061
18061
18061
18061
18079
18079
18480
18520
18802
19453
19647
19647
19673
19673
19771
19833
19880
20023
20262
20295
20295
20806
20909
20909
21039
21039
21042
21143
21153
21153
21153
21337
21443
21729
21759
21897
21944
21944
21944
22050
22070
22073
22138
22147
22147
22324
22332
22393
22570
22570
22570
22783
22790
22845
22998
23836
23964
24314
24314
24406
24424
24427
24427
24652
24652
24658
24676
24676
24708
24816
25036
25113
25168
25415
25468
25609
25820
25840
25840
25911
26167
26363
26384
26461
26991
26991
26991
26991
27649
27836
28266
28266
28266
28552
28567
28567
28613
28777
28922
29186
29306
29519
29519
30285
30678
30976
30976
31228
31228
31249
31443
31448
31480
31488
31533
31856
31944
32076
32076
32091
32352
32691
32732
32970
33124
33190
33421
33421
33499
33523
33525
33594
33603
33657
33749
33749
33749
33749
33749
33771
33858
33989
34002
34016
34227
34227
34413
34413
34413
34413
34417
34417
34417
34417
34712
34713
34733
34733
34823
34961
35059
35074
35090
35141
35151
35159
35332
35410
35527
35543
35645
35829
35886
35916
35949
36114
36138
36320
36410
36702
36789
36896
36896
37147
37400
37531
37531
37837
37883
37883
37883
37903
37962
38152
38483
38660
38735
38746
38960
39026
39055
39422
39837
39927
40025
40048
40048
40173
40334
40421
40523
41074
41142
41373
41385
41525
41525
41525
41594
41621
41661
41895
41956
41979
42109
42167
42167
42167
42167
42167
42167
42177
42178
42306
42429
42429
42644
42819
42978
43398
43501
43632
43639
43989
44152
44282
44603
44812
44843
44846
45148
45511
45681
45681
45681
46075
46330
46333
46359
46479
46884
46884
46884
46884
46884
46884
46884
46884
46884
46884
46884
46884
46884
46884
46884
46884
47053
47053
47186
47204
47204
47575
