331
440
1009
1009
1009
1067
1067
1340
1346
1638
1697
1697
1697
1697
1763
1967
2021
2332
2354
2494
2494
2547
2548
2609
2724
2734
2767
2999
3100
3143
3487
3678
3694
3831
4008
4049
4049
4327
4411
4637
4939
4987
5035
5057
5080
5289
5295
5295
5567
5725
5813
5984
5984
5985
6004
6043
6082
6082
6158
6177
6240
6240
6242
6396
6717
6919
7157
7176
7176
7239
7439
7714
7772
7772
7772
8151
8205
8316
8473
8558
8669
8777
8777
8987
9372
9411
9504
9742
9976
10444
10484
10586
10597
10597
10747
10922
11057
11243
11360
11408
11499
11632
11902
11926
12035
12248
12400
12400
12415
12487
12771
12799
13301
13301
13301
13486
13558
13651
13791
13791
13797
13797
13961
13961
13961
13968
13968
13973
14099
14099
14475
14620
14640
14711
14744
14897
14911
14968
15211
15319
15335
15349
15350
15350
15999
16004
16004
16062
16403
16961
17001
17131
17318
17318
17434
17634
17731
17756
17945
18278
18290
18380
18460
18546
18898
18947
18998
19286
19304
19304
19313
19429
19517
19574
19662
19700
19996
19996
20023
20023
20160
20192
20192
20192
20202
20250
20480
20671
20676
21691
21727
21779
21944
22138
22138
22172
22370
22721
22783
22868
23024
23024
23024
23253
23254
23705
23705
23705
23705
23705
23705
23705
23722
23865
23963
24098
24165
24213
24483
24614
24614
24614
24631
24744
24747
24875
24975
25044
25048
25105
25145
25413
25557
25606
25702
25709
25807
25820
25820
25906
26179
26461
26523
26523
26909
26944
27022
27080
27080
27080
27080
27080
27084
27225
27472
27528
27618
27618
27644
27644
27683
27683
27683
27765
27836
28060
28310
28376
28376
28387
28400
28451
28653
28719
28719
28719
28719
28719
28719
28719
28742
29186
29245
29306
29387
29387
29412
29785
29785
29878
29878
29878
29878
29878
29878
29991
30016
30016
30055
30060
30143
30241
30408
30892
30932
30933
31053
31057
31057
31077
31160
31461
31461
31468
31480
31480
31606
31943
32077
32077
32090
32226
32262
32301
32311
32344
32344
32467
32724
32745
33029
33199
33256
33256
33258
33380
33449
33591
33626
33634
33749
33846
34065
34083
34352
34417
34713
34721
34833
34885
35133
35166
35183
35410
35437
35709
35922
35922
36103
36138
36138
36261
36320
36320
36393
36393
36901
37107
37128
37139
37405
37416
37422
37457
37570
37570
37903
37920
37940
37940
38062
38284
38284
38345
38619
38894
38936
38944
38988
39022
39055
39148
39157
39396
39536
39621
39631
39777
39805
39805
39846
39958
40051
40151
40437
40507
40507
40723
40817
40822
40855
40891
40959
41212
41558
41895
41895
41895
41948
41948
41979
41996
42087
42167
42184
42213
42213
42371
42431
42649
42649
42649
42686
42794
42960
42960
42978
43082
43117
43188
43224
43255
43255
43255
43702
43870
43893
44094
44094
44094
45189
45508
45508
45700
45960
46047
46075
46075
46075
46075
46075
46075
46075
46075
46077
46159
46330
46448
46551
46551
46551
46551
46551
46551
46551
46551
46551
46551
46551
46565
46576
46596
46638
46698
46758
46884
46884
47023
47123
47123
47246
47531
47531
47531
47531
47541
47543
47543
47571
47687
