260
331
374
374
440
464
583
1346
1346
1346
1346
1502
1502
1510
1737
1737
1744
1744
2123
2123
2928
2938
2939
2941
3473
3473
3500
3764
5091
5091
5817
5953
5954
6082
6082
6082
6082
6082
6082
6083
6169
6169
6169
6169
6169
6407
6905
6905
6905
7205
7205
8205
8238
8243
8309
8316
8317
8317
8317
8317
8318
8319
8321
8321
8771
8807
8905
9087
9091
9145
9468
9468
9468
9468
9468
9478
9875
9875
10142
10142
10142
10144
10444
10444
10444
10444
10444
10444
10444
10444
10445
10628
10628
11468
11647
11650
11651
11651
12210
12301
12416
12429
12606
12629
12629
12629
13212
13212
13212
13212
13212
13212
13212
13212
13216
13216
13216
13216
13216
13216
13216
13219
13219
13219
13219
13219
13219
13219
13219
13418
13418
13625
13694
13814
14409
14745
14745
14757
14757
14901
15314
15327
15470
15662
15846
15846
15846
15846
15850
15850
15894
15913
15913
15922
16004
16406
16406
16705
17437
17437
17437
17437
17437
17437
17437
17437
17437
17437
17437
17437
17437
17437
17437
17437
17437
17437
17437
17437
17437
17437
17437
17437
17437
17437
17594
17753
17838
18002
18002
18002
18002
18363
18440
18480
18480
18480
18480
19303
19662
19662
19673
19673
19836
20295
20852
20852
20852
20909
21146
21194
21253
21253
21480
21480
21483
21944
22411
22845
23024
23024
23287
23921
23921
23921
23921
23921
23921
24358
24399
24614
25182
25580
25602
25622
25622
25911
25911
25924
26179
26379
26379
26379
26381
26381
26384
26384
26715
26845
26940
27770
28266
28266
28922
28922
28922
28922
28922
28922
28922
28922
29241
29241
29241
29306
29569
29602
29606
29660
29660
29660
29660
29878
29878
29878
29878
29946
29946
29946
30139
30139
30163
30279
30353
30384
30384
30384
30955
31302
31480
31480
31480
31480
31480
31480
31480
31509
31509
31533
32172
32495
32495
32682
32732
32764
32764
32764
32764
33034
33133
33133
33189
33189
33309
33309
33313
33313
33314
33642
33771
33771
33863
34016
34021
34120
34370
34413
34413
34413
34417
34417
34417
34557
34557
34557
34557
34557
34557
34557
34847
35134
35341
35418
35424
35491
35675
35827
36394
36967
36967
37107
37405
37405
37837
37837
37879
37879
37879
37920
38266
38290
38290
38290
38325
38660
39013
39055
39184
39394
39394
39396
39837
39837
40556
40855
41200
41343
41591
42444
42444
42444
42444
42444
42644
42644
42699
42841
42960
42978
43400
43400
43743
43743
43743
44153
44535
45272
45275
45275
45291
45425
45927
46351
46414
46419
46480
46799
47237
47237
47246
47246
47246
47531
47531
