440
836
836
1502
2115
2928
3755
3915
6905
7540
7584
12296
13301
13301
13301
13301
13301
13301
13301
13779
13852
13852
13961
13961
14077
15318
15662
15764
15850
16004
16409
17076
17076
17611
17750
18061
18867
19454
19662
19674
21041
21193
21193
22790
23580
23916
24150
24150
24179
24262
24399
24399
24399
24702
25182
25182
26127
27080
28387
28424
28440
28440
28440
28613
28693
29387
29391
31018
31018
31461
31461
31461
31488
32311
33124
33515
33515
33570
34260
34823
34833
35738
36345
36393
36663
37107
37554
37554
37554
38778
39013
39055
39055
39227
40578
40581
42565
42777
43451
43451
44094
45907
46565
46884
47186
47190
47190
47531
47531
47531
47540
47540
47540
47540
47540
47543
47609
47609
47609
