440
458
790
888
1325
1346
1722
2305
2332
3514
3764
3792
3831
5295
5307
5413
6035
6053
6707
6959
8115
8136
8146
8179
9470
9470
9470
9478
10284
10537
10614
13060
13852
13852
13992
14063
14640
14948
15318
15349
15638
15894
16004
16105
16484
16571
16839
18245
20364
20364
20404
20992
20992
21722
23568
23568
23768
23847
24067
24169
24213
24255
24750
24809
24809
25145
25170
25840
25844
25905
25905
25906
26461
26548
26548
27233
27441
27836
28331
28604
29176
29391
29912
30053
30309
30620
31026
31026
31242
31461
31461
32299
33230
33591
34196
35450
35450
35450
35454
35454
35454
36400
36775
36775
37042
37837
37837
37940
38279
38280
38280
38280
38284
38284
38988
39055
39055
41407
41525
42010
42013
42687
42960
43082
43082
43100
43100
43668
43713
44812
45665
45867
46164
46164
46164
46229
46614
46614
46614
46720
46884
46884
46884
47118
47118
47237
47237
47237
47237
47318
47531
47531
47531
47531
47531
47531
47531
47531
47531
47543
47543
