276
375
440
440
446
447
447
451
458
458
464
464
464
464
464
464
464
526
533
842
902
1104
1104
1191
1280
1346
1346
1346
1346
1502
1737
1737
1763
2080
2081
2118
2118
2118
2123
2491
2595
2733
2761
2884
2884
2927
3273
3273
3323
3654
3762
3835
4013
4049
4049
4068
4084
4157
4906
5112
5180
5332
6082
6082
6239
6239
6407
6557
6677
6717
6717
6717
6776
6776
6898
6898
7166
7176
7176
7176
7176
7176
7176
7240
7579
7579
7714
8040
8208
8230
8279
8279
8558
8800
8808
8985
9045
9156
9470
9621
9706
9707
10148
10148
10192
10559
10972
11136
11139
11152
11204
11344
11583
11641
11816
11845
11924
11957
11957
12393
12429
12738
12741
13301
13340
13350
13444
13779
13783
13785
13805
13873
13915
13915
13961
13961
14063
14066
14120
14147
14173
14396
14640
14717
14718
14946
15061
15177
15207
15209
15257
15262
15349
15349
15392
15465
15482
15602
15894
16364
16424
16424
16424
16424
16424
16578
16648
16648
16673
16747
17037
17037
17484
17611
17620
17620
17750
17753
17985
18058
18061
18061
18061
18061
18061
18079
18079
18466
18480
18764
18870
18982
19038
19286
19286
19286
19286
19286
19286
19286
19286
19286
19286
19286
19286
19286
19286
19286
19286
19286
19289
19453
19610
19613
19647
19662
19673
19700
19736
20250
20788
21039
21040
21042
21042
21044
21143
21143
21144
21146
21146
21194
21196
21300
21339
21339
21362
21480
21494
21567
21744
21995
22017
22074
22397
22838
23287
23705
23705
23705
23705
23705
24196
24399
24559
24590
24614
24710
24793
24809
24809
24816
24816
24816
25002
25036
25158
25468
25602
25609
25727
25820
25820
25914
25914
25914
26356
26576
26576
26576
26991
26991
27768
27939
28060
28265
28266
28266
28266
28266
28266
28424
28424
28424
28434
28447
28485
28613
28613
28613
28613
28613
28613
28719
28719
28719
29218
29233
29306
29306
29387
29387
29387
29387
29480
29480
29878
29985
29991
30315
30349
30398
30440
30941
30941
30976
31026
31026
31057
31461
31461
31461
31461
31461
31468
31559
31834
31834
31834
31834
31834
32352
32352
32467
32495
32580
32724
32938
33066
33109
33114
33116
33258
33380
33433
33523
33591
33593
33594
33648
33749
33749
33749
33749
33749
33749
33771
33771
33897
34103
34238
34338
34413
34418
34626
34720
34770
34772
35645
35959
35959
35971
35992
36320
36399
36942
37081
37092
37399
37437
37554
37570
37883
37895
37908
38290
38305
38366
38374
38786
38794
38960
39013
39026
39037
39227
39493
39493
39493
39639
39787
39958
40051
40174
40175
40391
40411
40429
40644
40667
40912
40918
40948
40973
41332
41332
41525
41525
41527
41527
41530
41662
41750
41895
41901
41930
41933
41979
41979
41985
41985
41996
42105
42167
42167
42690
42978
43074
43153
43261
43272
43443
44094
44489
44537
44847
45219
45272
45386
45562
45660
45660
45681
45681
45944
46027
46081
46152
46330
46480
46484
46484
46484
46673
46712
46804
46804
46884
46884
46884
46884
46884
46884
46884
46884
46884
46884
46884
46991
47053
47186
47186
47186
47531
47543
47571
47609
47609
47609
47609
