279
444
444
444
444
526
597
1323
1325
1325
1340
1346
1346
1346
1510
2073
2074
2075
2075
2079
2144
2144
2241
2332
2772
2928
2928
2928
3498
3683
4013
4190
4198
5258
5296
5307
5369
5571
5665
6251
6355
6905
6949
6954
7107
8027
8136
8136
8162
8162
8162
8162
8358
8361
8807
8985
9035
9035
9035
9035
9349
9349
9349
9349
9349
9349
9372
9372
9504
10144
11136
11139
11147
13100
13212
13219
13317
13317
13340
13838
13961
13961
14063
14063
14066
14104
14422
14531
15054
15054
15229
15268
15268
15349
15350
15636
15913
16362
16830
16830
17077
17490
17499
17753
18061
18079
19286
19286
19286
19286
19286
19286
19286
19286
19286
19286
19288
19288
19453
19459
19996
19996
20291
20771
20878
20878
20878
20878
20878
20878
21218
21480
21799
21897
21944
22074
22253
22542
22838
23024
23190
23287
23855
23944
24028
24034
24262
24262
24399
24406
24406
24471
24816
25002
25084
25168
25570
25609
25609
25609
25609
25609
25609
25609
25609
25622
25622
25710
26356
26356
26363
26363
26425
26525
26914
26914
26914
26914
26914
26914
26914
26914
26914
26914
26914
26991
27080
27080
27472
27533
28266
28283
28283
28283
28285
28424
28424
28424
28719
28719
28719
28719
28719
28719
28719
28719
28719
28719
28719
28997
28997
28997
28997
29196
29306
29698
29698
29878
29933
29937
30398
30398
30549
30549
30549
30722
30722
30722
31003
31003
31076
31228
31228
31228
31228
31228
31228
31228
31229
31461
31461
31461
31480
31480
31533
31550
31550
31559
31895
32136
32301
33267
33274
33495
33523
33642
33642
33749
33749
33749
33796
34338
34626
34713
34713
34772
34964
35065
35082
35082
35424
35488
35679
35738
35738
35827
35827
36575
37107
37107
37643
37903
38284
38290
38290
38290
38312
39157
40051
40351
40361
40574
40574
40574
40574
40723
40829
41067
41067
41067
41074
41075
41556
41556
41556
41556
41556
41556
41556
41556
41556
41556
41556
41556
41556
41556
41558
41558
41895
41895
42178
42178
42364
42364
42364
42364
42794
42960
42960
43082
43272
43272
43313
43639
43639
43639
44094
44520
44590
45148
45272
45272
45272
45272
45291
45421
45850
45869
45871
45871
45871
45871
45871
45883
46075
46152
46330
46330
46471
46798
46804
46884
46884
46884
46884
46884
46884
46884
46884
46884
46884
46884
46884
46884
46884
46884
46884
46884
47053
47186
47195
47204
47224
47237
47368
47531
47531
47531
47531
47531
