8
8
358
358
440
440
440
440
440
440
613
662
836
836
1315
1346
1346
1502
1502
1502
1502
1502
1503
1763
1850
2129
2129
2264
2993
3077
3255
3273
3831
3836
3915
4833
4833
5277
5295
5295
5295
5296
5539
5539
5539
6043
6043
6043
6043
6043
6043
6054
6082
6082
6407
6717
6865
6885
7251
7479
7480
7526
7588
7599
7599
7811
8576
8777
8777
9031
9470
9478
9543
9669
9730
10192
10201
10369
10479
10479
10516
10597
10597
10599
10599
10678
10969
11021
11022
11102
11103
11221
11278
11437
11651
11781
11982
12553
12704
12704
12845
13212
13219
13219
13219
13486
13494
13600
13961
13961
14606
14640
14640
14640
14665
14748
14781
15242
15256
15330
15349
15350
15350
15350
15394
15394
15394
15579
15836
15850
15850
15912
16004
16004
16004
16004
16062
16083
16361
16403
16406
17167
17484
17611
17753
17784
17945
17945
18061
18061
18207
18278
18279
18460
18466
18480
18518
18810
18971
19238
19238
19516
19673
19673
19673
19955
19992
20187
20364
20429
21240
21686
21687
21853
22044
22938
23024
23024
23024
23287
23293
23705
23705
23705
23705
23705
23944
23944
23963
24098
24098
24098
24098
24098
24098
24098
24098
24100
24100
24100
24100
24179
24406
24489
24588
24614
24614
24614
24975
24975
25182
25820
26122
26179
26356
26358
26548
26548
26845
26943
26943
26943
26943
27037
27080
27080
27080
27528
27618
27807
28251
28265
28425
28552
28552
28552
28613
28613
28693
28693
28719
28757
28769
28769
28769
28769
28790
28790
28800
29186
29186
29193
29306
29306
29391
29687
29689
29705
29878
29997
30044
30387
30398
30663
30663
30976
31003
31031
31057
31341
31461
31461
31468
31480
31509
32076
32076
32076
32350
32377
32386
32386
32391
32391
32391
32391
32395
32401
32404
32489
32580
32734
33351
33392
33392
33459
33531
33924
33925
34016
34023
34155
34221
34258
34413
34425
34425
34425
34425
34426
34426
34772
34823
34847
34984
35158
35439
35648
35872
35905
35967
36102
36218
36395
36400
36400
36400
37107
37107
37107
37389
37416
37420
37420
37643
37643
37643
37643
37643
37643
37643
37645
37648
37654
37654
37837
37837
38120
38211
38762
38778
38786
38786
38794
38798
38798
38798
39016
39392
39584
39584
39584
39584
39584
39584
39584
39584
39585
39846
39846
40021
40441
40556
40697
40701
40967
41029
41029
41032
41102
41102
41102
41102
41102
41102
41103
41339
41340
41342
41525
41979
41979
41996
42167
42167
42178
42220
42330
42429
42649
42686
42960
42960
43069
43069
43069
43082
43133
43148
43186
43207
43224
43255
43255
43255
43888
44094
44094
44255
44257
44257
44812
44940
45230
45272
45275
45960
45963
45964
46075
46075
46433
46479
46480
46565
46576
46596
46884
46884
46884
46884
46884
46884
46978
47113
47118
47118
47204
47265
47531
47531
47540
47543
47543
47619
