7
7
376
656
778
778
778
778
778
838
838
888
888
1065
1224
1280
1325
1340
1346
1346
1370
1392
1461
1461
1625
1763
2039
2491
2567
2870
3134
3255
3638
3764
3792
3831
4013
4013
4027
4049
4327
5242
5257
5279
5295
5295
5296
5408
5717
6001
6043
6043
6054
6055
6058
6082
6082
6107
6140
6251
6251
6251
6251
6251
6251
6563
6674
6781
6866
6898
6905
7240
7253
7435
7579
7649
7708
7816
8136
8162
8219
8325
8356
8385
8451
8508
8719
8788
9008
9008
9035
9125
9125
9145
9168
9269
9470
9707
9707
10192
10368
10368
10444
10479
10479
10504
10516
10586
10630
10698
10776
10776
10942
10942
10942
10996
11980
11980
12364
12364
12364
12369
12487
12977
13486
13486
13486
13598
13598
13625
13838
13852
13961
14606
14659
14782
14865
15314
15350
15350
15590
15619
15636
15731
15840
15850
16002
16062
16409
16424
16424
16595
16610
16610
16673
16837
16961
17077
17167
17167
17167
17167
17167
17611
17620
17838
17861
17945
17945
17945
17976
17976
17985
18039
18061
18061
18106
18250
18280
18460
18460
18526
18944
18947
19286
19286
19286
19286
19286
19286
19286
19288
19288
19288
19288
19304
19996
20192
20250
20250
20448
20656
20764
20764
21091
21143
21363
21480
21480
21559
22689
23024
23024
23568
23568
23568
23568
23568
23568
23705
23705
23705
23705
23705
23705
23705
23705
23944
23944
24103
24381
24553
24614
24614
24614
24614
24797
24975
25051
25084
25084
25106
25354
25468
25468
25616
25873
25911
25911
26179
26179
26363
26435
26437
26663
26943
26943
26991
27127
27528
27531
27533
27683
27772
27781
28265
28266
28380
28424
28424
28666
28719
28719
28719
28719
28719
28719
28719
28719
28719
28719
28719
28719
28719
28719
28719
28719
28719
29252
29306
29306
29411
29413
29689
29789
29831
29878
30297
30941
31003
31057
31102
31140
31228
31231
31461
31461
31461
31461
31609
31978
32076
32080
32091
32172
32262
32262
32386
32386
32624
32858
32858
33043
33043
33064
33215
33223
33226
33228
33373
33626
33749
33749
33761
33770
34070
34282
34585
34696
34720
34720
34737
34737
34785
34823
34823
35082
35332
35360
35570
35583
35645
35649
35733
35773
36332
36663
36663
36663
36914
36914
36924
37107
37389
37389
37389
37416
37416
37416
37420
37420
37422
37422
37422
37837
37862
37866
37866
37920
37920
37940
38165
38165
38165
38268
38284
38284
38284
38284
38290
38290
38325
38708
38778
38973
38973
39363
39363
39376
39376
39639
39751
39751
39754
39754
39829
39846
40137
40472
40599
40874
40880
41029
41049
41074
41187
41271
41339
41469
41469
41469
41469
41470
41579
41660
41895
41895
41895
41895
41895
41910
41996
42339
42429
42429
42669
42687
42687
42794
42960
42960
43255
43255
43255
43255
43255
43272
43325
43326
43432
43500
43634
43639
43792
44337
44812
44846
45053
45230
45299
45425
45767
45862
45883
45960
45960
45960
45961
46052
46152
46201
46204
46206
46275
46361
46614
46614
46884
46884
46884
46884
47062
47122
47186
47191
47204
47237
47237
47237
47265
47363
47364
47368
47531
47531
47531
47543
47543
47571
47611
