447
451
1280
1722
1763
2241
2267
2824
3062
3473
3766
4738
5728
6082
6082
6101
6493
6561
6907
7439
7439
7439
7439
7579
7774
7914
8985
9108
10516
11217
11372
11426
11457
11861
11980
12780
12780
12910
13088
13212
13346
14606
14608
15491
17167
17499
17506
17753
19039
19286
19819
19819
19819
19819
19836
20161
20187
20391
20869
20886
21234
21551
21577
21604
21604
21604
21944
23187
23190
23376
23376
23376
23568
23960
24098
24179
24559
24691
24746
24779
24809
25002
25580
25606
25770
25905
25933
26036
26523
26544
27533
27580
27807
27823
27836
28155
28155
28155
28265
28613
28693
29361
29361
29361
29361
29878
30057
30139
30146
30722
31057
31057
31461
31461
31461
31461
31461
32576
33156
33626
33626
34171
34171
35606
35897
36432
36523
37080
37405
37422
37643
37654
37860
38410
38886
39055
39585
40361
40531
40697
40723
40723
40816
41314
41614
41632
41985
42409
42777
42791
42794
42960
42960
43082
43117
43291
43432
43954
44401
45760
46152
46224
46367
46373
46373
46373
46373
46373
46373
46373
46596
46598
46999
47003
47063
47543
