373
440
440
440
463
585
585
836
838
888
927
967
1141
1282
1315
1323
1340
1346
1346
1346
1346
1421
2938
3473
3915
3919
3919
4768
5307
5307
5534
5763
5767
5767
6054
6054
6082
6253
7411
7477
7477
7477
7478
7480
7481
7588
7708
7960
8162
8226
8226
8226
8226
8611
8914
8986
8987
8988
9428
9428
9470
9470
9470
9706
9726
10969
11136
11311
11649
12906
13003
13003
13003
13212
13212
13212
13219
13219
13219
13219
13301
13776
13779
13779
13779
13779
13779
13779
13779
13779
13838
14025
14063
14066
14077
14127
14606
14659
14777
14946
14946
14946
15318
15318
15318
15318
15318
15318
15673
15676
15676
15846
15846
15850
15850
15850
16004
16402
17060
17060
17076
17208
17433
17611
18061
18061
18480
18480
18764
19015
19015
19453
19459
19647
20452
20574
21070
21143
21193
21293
21480
21944
22070
22783
22783
22785
22785
22790
22790
22790
22792
22845
23287
23705
23745
23921
23944
23944
23944
23944
23944
23963
23963
23991
23992
24103
24213
24399
24993
25036
25158
25182
25606
25911
26358
26358
26411
26991
26991
26991
26991
26991
26991
26996
27472
28265
28265
28380
28387
28387
28387
28567
28567
28613
28613
28613
28613
29306
29306
29306
29387
29387
29387
29387
29693
29698
29705
29878
29878
29878
30052
30053
30687
31003
31026
31102
31102
31102
31228
31228
31302
31448
31448
31461
31461
31461
31461
31461
31461
31461
31461
31461
31461
31461
31461
31461
31461
31488
31624
32063
32076
32173
32279
32691
32691
32773
33058
33058
33215
33380
33771
34338
34413
34413
34413
34557
34732
34732
34823
34823
34823
34823
34823
34841
34847
35359
35360
35914
35971
36343
36393
36393
36393
36663
36663
37107
37813
37813
37866
37882
37883
37920
37920
37940
37940
38310
38778
38778
38778
38792
38792
38944
38955
39055
39055
39055
39055
39055
39055
39227
39227
39484
39639
40556
40556
40644
40962
41267
41525
41525
41527
41530
41979
42429
42565
42699
42960
42960
43082
43082
43083
43083
43186
43451
43451
44282
44672
44673
44673
44673
44673
44846
45362
45362
45362
45362
45362
45421
45508
46032
46614
46884
46884
47118
47118
47186
47186
47186
47186
47186
47186
47186
47186
47186
47186
47186
47186
47531
47531
47531
47531
47531
47531
47531
47531
47531
47609
47609
47609
47609
47609
47609
47624
47624
47624
