373
461
525
533
836
836
1145
1563
1791
2030
2030
2263
2265
2957
3077
3077
3077
3154
3473
3694
3694
3694
3694
3696
3764
4049
4157
4691
4691
4691
5057
5057
5343
5343
5565
5565
5861
5984
5989
6001
6054
6056
6082
6082
6330
6717
6758
6878
6898
6898
6898
6898
6899
6907
6907
6907
7154
7154
7579
7579
7579
7579
7579
8136
8173
8262
8820
8856
9039
9207
9207
9415
9470
9706
9723
9932
9932
10144
10312
10332
10369
10516
10846
10962
11204
11277
11680
11680
12307
12385
12670
13212
13212
13219
13297
13484
13608
13648
13674
13674
13756
13852
13961
13961
13961
13961
13961
13961
13961
13961
13961
13961
13968
13968
13968
13968
13968
13968
13972
13972
14127
14127
14127
14414
14606
14659
15033
15035
15083
15225
15257
15636
15637
15877
16004
16004
16083
16083
16083
16595
16595
16599
17099
17611
17716
17838
17985
18039
18061
18460
18460
18460
18460
18898
19286
19413
19647
19738
20443
20670
20670
20670
20991
21143
21143
21144
21615
21719
21773
22111
22370
22397
22689
22790
22790
23287
23290
23290
23580
23705
23705
23705
23705
23705
23705
23705
23705
23705
23722
23881
23881
23944
24098
24098
24101
24165
24380
24476
24614
24793
25048
25096
25106
25468
25544
25606
25606
25606
25606
25606
25606
25606
25606
25606
25609
25616
25616
25820
25820
26356
26363
26525
26541
26581
26845
27010
27010
27080
27233
27233
27250
27472
27472
27472
27472
27807
27807
28060
28224
28266
28266
28304
28424
28424
28424
28424
28424
28424
28424
28425
28434
28434
28434
28447
28452
28613
28613
28613
28613
28613
28613
28613
28613
28613
28620
28740
29186
29306
29306
29387
29553
29689
29789
29789
29789
29878
29878
29878
31057
31057
31057
31057
31057
31057
31057
31057
31061
31174
31461
31461
31461
31461
31461
31480
31522
31522
32076
32076
32076
32091
32311
32350
32373
32386
32386
32580
32732
32732
33143
33175
33626
33626
33626
33626
33633
33749
33749
33749
33771
33925
34122
34179
34418
34513
34732
34761
34775
34823
34823
34823
34823
34885
34885
34885
34885
34947
35410
35645
35645
35645
35888
36068
36320
36650
36650
36741
36741
37570
37612
37822
37822
37822
37866
37866
37866
37903
38029
38029
38029
38191
38284
38290
38290
38392
38407
38407
38407
38468
38605
38605
38605
38605
38605
38605
38605
38605
38605
38605
38605
38608
38608
38608
38608
38608
39003
39026
39067
39621
40048
40048
40429
40429
40507
40513
40523
40574
40828
40855
40855
41273
41785
41895
41930
41996
42010
42187
42247
42371
42371
42371
42371
42685
42766
42841
42960
43100
43255
43255
43575
43632
43632
43885
44011
44812
44874
45862
45863
45960
45960
45963
45963
45963
45963
46164
46330
46330
46330
46391
46480
46480
46781
46884
46884
46884
46902
46935
46935
46982
46982
47122
47186
47186
47186
47186
47237
47249
47566
47609
47609
47609
47609
