233
323
440
440
447
486
486
510
510
510
749
820
944
963
1009
1009
1207
1315
1340
1346
1416
1625
1972
2055
2317
2332
2360
2362
2389
2389
2725
3077
3077
3101
3113
3328
3330
3725
3755
3792
3831
4154
4154
4164
4166
4166
4350
4350
4996
5296
5533
5989
6073
6082
6082
6082
6140
6364
6468
6468
6884
6959
7176
7176
7214
7435
7454
7730
8028
8040
8162
8205
8205
8279
8279
8281
8281
8281
8281
8547
8563
8686
8985
9113
9470
9470
9470
9576
9801
10069
10292
10368
10444
10479
10504
10555
10586
11226
11278
11990
12463
12467
12467
13054
13103
13107
13271
13523
13842
14063
14398
14640
14647
14741
14969
15022
15028
15030
15116
15178
15178
15349
15349
15392
15579
15636
15636
15922
15922
15936
15977
16004
16184
16184
16190
16406
16595
16670
16673
16687
16765
17403
17525
17565
17620
17664
17784
17847
17945
18193
18213
18339
18445
18460
18460
18494
18741
18894
19140
19140
19142
19171
19330
19453
19453
19502
20105
20368
20368
20733
21091
21143
21146
21156
21480
21604
22165
22179
22342
22346
22455
22542
22825
23266
23376
23580
23836
24049
24098
24149
24213
24614
24614
24614
24614
24809
24816
24875
24875
24875
25108
25436
25468
25517
25606
25609
25609
25622
25820
25905
26122
26179
26363
26411
26411
26411
26461
26665
26764
26909
27533
27822
27822
27836
28060
28060
28180
28182
28343
28424
28434
28485
28613
28613
28632
28642
28665
28666
28672
29186
29252
29680
29689
29691
29912
29937
29991
30166
30168
30297
30549
30752
30752
30752
30752
30752
30752
30752
30948
31003
31003
31057
31102
31287
31461
31461
31461
31461
31461
31461
31461
31461
31461
31461
31461
31461
31895
32055
32077
32344
32566
32598
32622
32622
32666
32985
33177
33458
33626
33629
33648
33648
34155
34155
34155
34359
34365
34528
34528
34532
34654
34785
35102
35102
35104
35104
35104
35104
35104
35104
35104
35104
35104
35236
35332
35408
35450
35535
35535
35535
35535
35535
35535
35535
35535
35670
35675
36264
36924
37080
37080
37107
37107
37107
37107
37107
37107
37172
37416
37420
37420
37422
37422
37422
37422
37566
37631
37643
37643
37643
37643
37648
37837
37876
37931
37940
38165
38268
38290
38448
38478
38478
38562
38562
38778
38778
38786
38792
38879
38880
38881
38988
39055
39055
39422
39422
39621
39621
39712
39754
39777
39846
39927
40109
40142
40211
40211
40429
40429
40429
40429
40489
40489
40578
40686
40953
41029
41187
41525
41525
41525
41525
41525
41525
41558
41628
41887
41887
41888
41979
42010
42335
42418
42472
42475
42669
42670
42670
42790
42960
42960
42978
43083
43083
43100
43106
43117
43122
43133
43169
43174
43174
43293
43334
43339
43415
43438
43662
43795
43795
43823
43850
43931
44001
44092
44145
44853
45173
45231
45272
45508
45776
45776
45776
45776
45915
45945
45945
46001
46001
46001
46164
46164
46164
46191
46316
46330
46367
46433
46441
46471
46471
46471
46471
46474
46480
46480
46480
46614
46781
46884
46884
46884
46884
46884
46884
46884
46884
47027
47118
47123
47123
47133
47133
47186
47192
47368
47539
47543
47609
