422
463
516
659
1106
1315
1340
1346
1346
1346
1431
1727
1763
2118
2121
2241
2332
2332
3062
3066
3077
3102
3444
3555
3694
3696
3766
3783
3783
3831
3831
3831
3831
3831
4013
4013
4013
4049
4264
4309
4641
4692
5277
5295
5463
5565
5565
5565
5565
5565
6082
6082
6082
6082
6082
6082
6082
6082
6082
6256
6363
6557
6738
6890
6932
7088
7160
7160
7160
7160
7163
7176
7176
7176
7176
7176
7239
7546
7949
8356
8439
8810
8985
8988
9228
9470
9470
9504
9504
9504
9677
9706
9710
9726
10078
10078
10206
10376
10479
10562
10566
10597
10630
10962
10969
11422
11663
11889
12059
12364
12393
12393
12393
12487
12487
12797
12992
13061
13219
13219
13219
13301
13343
13444
13651
13838
13852
14063
14215
14380
14413
14620
14620
14640
14640
14647
14647
14660
14870
14946
14968
14992
15022
15022
15022
15054
15058
15093
15211
15262
15262
15349
15349
15349
15349
15349
15349
15349
15349
15349
15350
15836
15840
15913
16004
16004
16004
16578
16830
16830
16961
17098
17167
17167
17399
17495
17546
17556
17611
17611
17611
17619
17620
17750
17750
17756
17945
17945
17985
17985
18039
18039
18278
18559
18944
18944
19286
19286
19286
19286
19286
19303
19453
19453
19453
19459
19459
19631
19647
19647
19647
19662
19836
20132
20262
20273
20273
20735
20764
21157
21157
21194
21738
21744
21820
22037
22147
22147
22370
22370
22374
22455
22783
22783
22783
22790
23024
23024
23024
23024
23187
23353
23568
23568
23568
23568
23568
23574
23916
23944
23944
23944
24096
24145
24145
24196
24358
24358
24372
24372
24559
24559
24559
24575
24579
24614
24975
24993
25044
25262
25468
25584
25602
25609
25609
25609
25609
25820
25820
25911
25911
26356
26358
26363
26379
26576
26576
26576
26576
26909
26991
26991
26991
27226
27289
27365
27394
27768
27975
28036
28060
28424
28424
28424
28424
28570
28613
28613
28613
28613
29306
29306
29414
29575
29689
29751
29751
29785
29878
29878
29878
29878
29878
29912
30052
30053
30053
30166
30279
30350
30938
30941
30941
30976
31076
31461
31461
31461
31468
31522
31606
31792
31802
31867
32055
32062
32076
32076
32080
32301
32301
32352
32467
32724
32724
32864
33158
33229
33256
33258
33258
33277
33592
33641
33653
33653
33749
33919
33919
34557
34557
34567
34713
34720
35074
35339
35339
35773
35843
35915
35918
36320
36320
36400
36640
37080
37240
37554
37561
37570
37659
37931
37940
38290
38290
38794
38961
38998
39080
39227
39621
39621
39621
39745
40173
40489
40489
40496
40667
40723
40723
40822
40837
40880
40918
40918
40965
41032
41052
41271
41310
41310
41310
41314
41558
42005
42013
42103
42154
42210
42213
42226
42429
42429
42458
42580
42580
42580
42649
42670
42687
42687
42687
42687
42687
42699
42766
42767
42767
42829
42960
42978
43082
43100
43505
43636
43638
43639
43820
43820
44073
44561
44691
45221
45291
45816
45883
45883
45883
46269
46330
46353
46363
46433
46474
46480
46480
46614
46614
46884
46884
46884
46884
46884
46884
46884
47055
47183
47186
47186
47186
47364
47543
47543
47543
47609
47609
47609
47624
47760
