842
2696
2928
3077
3381
3919
4859
5277
5295
5307
5767
6727
9228
10559
10559
10962
11663
11765
13107
13212
13915
16512
16998
17167
20105
20967
20992
21241
21480
21944
22236
22236
22236
22236
22241
23855
24592
24592
25602
25616
25820
26845
28604
29306
29361
29361
30052
31156
31602
31738
32055
32139
32139
33380
34511
34525
35489
36068
36575
36575
36583
37088
37107
37107
37107
37237
37237
37519
37866
37967
38629
38894
41228
41985
42248
42777
43082
43168
45222
45272
46614
46804
46884
47186
47237
47543
