142
142
195
533
533
533
533
533
533
533
533
533
533
533
838
2072
2072
2073
2073
2073
2073
2073
2074
2074
2075
2075
2075
2075
2075
2075
2075
2075
2075
2075
2075
2075
2075
2075
2077
2079
2079
2079
2081
2081
2081
2081
2082
2132
2144
2144
2144
2241
2753
2754
2754
2754
2754
3249
3249
3249
3249
3775
3775
3775
3827
3827
4013
4013
4309
4509
4979
4979
4979
4979
4983
5307
5408
5408
6082
6082
6082
6082
6082
6082
6082
6082
6094
6251
6251
6261
6407
6407
6798
6798
7044
7160
7160
7251
7290
7433
7454
7529
7708
7881
7881
7881
7881
8250
8384
8384
8384
8384
8385
8385
8385
8385
8385
8385
8385
8389
8389
8389
8724
8724
8914
8914
9278
9278
9278
9293
9293
9300
9300
9780
10458
10458
10458
10458
10458
10458
10460
10504
10504
10548
10548
10694
10694
10694
10694
10962
10972
11141
11381
11381
11651
11651
11651
12364
12871
13444
13486
13486
13486
13486
13486
13491
13492
13492
13598
13598
13625
14063
14063
14063
14074
14138
14531
14698
14911
14917
14917
14917
15330
15870
16004
16406
16406
16406
16578
16578
16578
16578
16578
16578
16578
16578
16578
16673
17060
17060
17060
17750
17750
17750
17753
17753
17753
17757
18169
18195
18517
18870
19463
19463
19463
19463
19579
19826
19958
19996
20788
20788
20788
20788
20788
20788
20788
21262
21480
21480
21480
21480
21558
21585
21799
21799
22253
22265
22395
23422
23422
23568
23574
23574
24386
24620
24875
24895
24896
25622
26179
26179
26179
26179
26179
26425
26845
28060
28060
28060
28060
28060
28060
28060
28060
28060
28060
28060
28180
28180
28180
28180
28180
28184
28266
28604
28693
28693
29196
29237
29407
29677
29698
29698
29703
29878
29878
29878
30717
30859
30859
30859
30932
30932
31042
31042
31072
31606
31606
31606
31606
31606
31606
31606
31606
31609
31792
32172
32172
32172
32172
32172
32401
32401
32401
32401
32401
32401
32401
32401
32598
32598
32598
32598
32598
32598
32598
32598
32598
32598
32598
32599
32601
32601
32601
32601
32601
32785
32785
32864
33641
33641
33641
33641
33641
33642
33642
33675
33675
33675
33675
33675
33675
33675
33675
33675
33675
33983
34054
34065
34528
34620
34620
34620
34620
34620
34620
34620
34620
34620
34623
34623
34720
35118
35118
35118
35165
35165
35165
35166
35166
35166
35166
35166
35171
35171
35332
35339
35344
35371
35742
35830
36068
36068
36068
36072
37587
37879
37879
37879
37879
37879
37879
38167
38201
38201
38944
38944
38953
38953
38953
38953
38953
38953
39131
39131
39745
39745
39997
40194
40194
40514
40523
40544
40544
40544
40544
40544
40544
41314
41314
41319
41497
41525
41588
42322
42895
42895
42897
43636
43850
44337
44337
44836
44836
45272
45272
45272
45625
45625
45960
45960
45960
45960
45960
45960
45960
45960
45960
45960
45960
45960
45960
45960
45960
45960
45960
45960
45960
45960
45960
45960
45966
45966
46152
46152
46152
46166
46333
46414
46884
46884
46884
46884
46884
46884
46902
47023
47023
47023
47023
47357
47566
47566
47566
47566
47566
47566
47566
47566
