206
353
372
472
473
508
981
1982
2357
2359
2360
2360
2492
2504
2554
2957
3077
3391
3473
3473
3696
3718
3919
4049
4157
4331
4845
4845
5130
5307
5565
5749
6035
6044
6082
6082
6082
6082
6082
6407
6447
6787
6787
7207
7435
7439
7439
7479
7629
7948
8026
8026
8136
8136
8162
8162
8162
8281
8281
8384
8508
8525
8525
8725
8802
8821
8985
9021
9036
9043
9043
9043
9106
9168
9349
9430
9468
9470
9470
9470
9470
9470
9504
9535
9801
10076
10144
10144
10343
10371
10444
10444
10479
10479
10487
10597
11336
11344
11651
11937
11938
11938
12390
12393
12393
12487
12487
12487
12501
12553
12618
12679
13028
13212
13219
13674
13852
14019
14021
14530
14530
14620
14640
14701
14744
14969
15116
15207
15211
15211
15232
15257
15259
15262
15327
15360
15465
15465
15590
15625
15632
15846
15846
15850
15850
15850
15850
15850
15850
15850
16062
16595
16648
16673
16837
17105
17167
17484
17496
17611
17750
17750
17753
17985
17985
18061
18061
18061
18061
18061
18061
18061
18061
18061
18079
18079
18079
18079
18079
18079
18812
18944
18944
18947
18971
18982
18998
19243
19453
19633
19633
19880
19945
19996
20192
20202
20269
20273
20290
20869
20878
20878
20878
20878
20878
20878
20878
20878
20878
20878
20878
20878
20878
20878
20878
20878
21006
21146
21230
21480
21480
21480
21480
21494
21494
21494
21494
21799
21799
21799
21799
21823
21823
22044
22394
22839
23024
23024
23187
23187
23419
23568
23568
23568
23705
23915
23944
23944
23963
24028
24169
24179
24179
24213
24283
24399
24553
24553
24553
24559
24559
24594
24745
24816
24993
25044
25158
25609
25609
25820
25820
26122
26179
26356
26363
26526
26914
26914
26914
26918
27084
27100
27341
27441
27513
27533
27836
28087
28266
28266
28266
28280
28380
28424
28425
28434
28552
28613
28613
28613
28613
28613
28629
28693
28995
29125
29275
29306
29311
29387
29387
29387
29387
29387
29391
29391
29575
29698
29705
29751
29785
29878
29878
29878
29946
29966
30663
31003
31077
31242
31287
31461
31461
31461
31461
31461
31461
31480
32064
32064
32076
32087
32090
32147
32257
32347
32352
32352
32352
32495
32732
32901
33029
33029
33158
33158
33256
33256
33626
33770
33770
33770
33775
33919
34104
34227
34418
34557
34575
34575
34575
34620
34620
34626
34823
35118
35166
35379
35489
35738
35741
35912
35912
35967
35969
36103
36457
36457
36888
37107
37416
37437
37437
37437
37554
37554
37570
37671
37811
37866
37939
38268
38407
38539
38706
38778
38778
38786
38798
38850
38944
38955
38960
39016
39026
39026
39037
39037
39080
39184
39281
39621
39744
39751
39751
39833
40370
40556
40556
40556
40723
41074
41274
41316
41596
41599
41621
41621
41895
41979
42102
42102
42293
42335
42429
42687
42794
42960
42960
43082
43100
43119
43120
43425
43639
43850
43850
44094
44456
44504
44507
44651
44985
44999
45431
45883
45963
46152
46154
46275
46330
46334
46433
46471
46480
46480
46637
46673
46884
46884
46884
46884
46884
46884
46902
47053
47055
47123
47183
47186
47195
47281
47531
47531
47531
47531
47531
47543
47543
47571
