279
358
358
440
440
510
510
552
622
622
1340
1370
1510
1737
2332
2492
2492
2767
2993
3738
3792
4137
4327
4598
4882
4882
5017
5017
5017
5017
5017
5017
5017
5017
5017
6170
6717
6738
6738
6898
7439
7439
8024
8029
8029
8029
8029
8029
8029
8029
8029
8231
8231
8231
8231
8262
8266
8384
8719
8777
8800
8895
8967
9121
9228
9411
9411
9416
9416
9420
9470
9706
9706
9709
9822
9827
10076
10076
10076
10076
10121
10144
10201
10459
11221
11464
11790
11790
11796
11953
12115
12871
13961
15182
15256
15256
15257
16062
16259
16361
16578
17108
17108
17167
17232
17233
17233
17233
17750
17757
18460
18460
18906
19101
20577
21143
21146
21768
21843
22422
22866
23736
23960
24098
24213
24358
24594
24655
24975
24975
24975
24975
25468
25840
26087
26411
26411
26411
26462
26462
26462
26523
26525
27225
27226
27226
27768
27768
27768
27781
27781
28035
28035
28035
28035
28035
28035
28035
28035
28035
28035
28035
28180
28266
28266
28266
28266
28266
28424
28613
28613
28622
28622
28657
28693
29186
29186
29995
30053
30053
31461
31461
31480
31522
31678
31813
31815
31815
31815
31817
31818
31818
31818
31818
32076
32091
32091
32091
32091
32091
32187
32691
33449
33523
33523
33524
33749
34970
35158
35335
35410
35410
35776
35967
36486
36486
36486
36639
36639
36775
36791
36791
37107
37107
37107
37107
37107
37107
37420
37587
37587
37738
37896
38450
38500
38959
39022
39157
39639
39756
39823
39846
40834
41992
41992
42263
42649
42690
42960
42960
43033
43117
43117
43117
43117
43164
43495
43550
43631
43631
43631
44094
45144
45149
45199
45871
46152
46254
46472
46884
46884
47186
47237
47245
47288
47531
47543
47543
47571
