642
2690
3378
4310
4310
4423
5296
6104
6675
6676
6972
9470
10194
10954
12394
12856
12856
12884
12884
13107
13966
13992
13993
13994
14647
15350
15631
16920
17167
17565
17565
17565
17565
19330
19958
19996
20071
20105
23119
23119
23239
23239
23421
24614
24975
25150
25905
26119
26513
26665
26856
28613
28613
29161
29585
29585
30053
30761
30761
30941
31003
31461
31813
31817
31817
31821
31821
31821
31821
31821
31821
31875
32147
32622
33166
33166
33166
33166
33169
34528
34528
34585
34714
35352
35352
35360
36775
37107
37107
37107
37927
38266
38476
38778
38778
39148
39218
40154
40523
41785
41979
41985
42559
42699
42699
43085
43100
44092
46884
46894
46895
47609
