263
464
508
1009
1280
1315
1346
1346
2583
2583
2603
3093
3104
3312
3755
4560
4654
4904
5046
5052
5792
5856
6082
6082
6082
6163
6163
6163
6163
6163
6163
6163
6170
6170
6496
7307
7430
7810
8292
8292
8292
8292
8385
8495
8678
8986
9084
9420
9666
9889
9890
9894
9894
10192
10192
10192
10201
10206
10236
10570
10678
10966
13065
13486
14869
14943
15057
15465
15532
16295
16403
16887
16887
17985
18061
18061
18061
18971
19216
19360
20246
21039
21039
21039
21040
21040
21044
21326
21727
21859
22147
22996
22996
22996
23705
23705
23736
23876
23914
23914
23915
23944
24196
24318
24399
24610
24685
24975
24975
24975
25468
25468
25570
25570
25609
25609
25971
26196
27022
27232
27365
27472
27728
27776
28434
28434
28434
28434
28567
28567
28613
28613
28613
29186
29186
29698
29831
30663
30971
32087
32122
32311
32386
32891
33199
33199
33380
33380
33387
33413
33421
33641
33648
33648
33749
34227
34238
34238
34546
35037
35277
35492
35741
35912
35912
36138
36320
36457
36457
36457
36463
36724
36739
36924
36950
37092
37092
37437
37532
37532
37883
37958
38345
38762
38917
38949
39080
39390
39893
40030
40829
41228
41805
41996
42842
42978
43272
43272
43378
43378
43386
43425
43425
43443
43443
43443
43454
43562
44009
45489
45960
46452
47186
