317
317
1726
2085
2569
2885
2885
3308
3915
3915
3915
5984
6727
8231
8307
8988
9411
9411
13343
14824
15913
16765
16765
16765
17091
17594
17594
17594
18061
18061
18079
18079
18079
19698
20991
21240
21768
21768
21825
21917
22147
22147
22411
22411
22411
23422
23422
23422
24468
24468
24520
24521
24521
24521
24521
24521
24522
24522
24522
24523
24993
26122
28266
28266
28266
28424
29769
30559
31461
33046
33050
33593
34696
35863
36575
37081
37903
39698
39912
39912
39912
40531
40531
40531
40625
40972
41525
42429
44836
44836
44836
44836
44836
44836
45232
45883
46471
