142
379
440
444
447
447
494
494
533
634
755
841
899
903
903
927
944
1004
1315
1346
1346
1346
1972
2243
2547
2547
2547
2949
3077
3379
3456
3473
3555
3646
3831
3919
4157
4735
4845
4845
5278
5565
5565
5767
5994
6082
6082
6082
6082
6159
6161
6204
6727
6758
6758
6861
6866
6866
6877
6878
6898
6899
7176
7176
7341
7435
7649
8072
8136
8226
8226
8226
8230
8281
8281
8548
8563
8611
8613
8613
8645
8645
8645
8645
8645
8645
8985
8985
8985
8985
9034
9035
9043
9043
9043
9045
9066
9069
9112
9411
9460
9468
9468
9468
9468
9468
9468
9470
9470
9470
9773
9780
9780
9789
9789
10566
10628
10694
10698
10962
10997
11000
11053
11298
11319
11319
11467
11468
11651
11695
12093
12094
12467
12555
12750
12754
12758
12797
13212
13212
13212
13216
13301
13301
13360
13360
13360
13800
13931
14021
14063
14063
14063
14063
14063
14252
14640
14739
14865
14869
14869
14982
14984
15112
15118
15177
15177
15177
15346
15458
15667
15676
15919
15922
16004
16004
16004
16184
16340
16362
16481
16553
16601
16673
16683
16830
17098
17099
17376
17437
17484
17484
17499
17518
17537
17611
17620
17620
17736
17838
17838
17838
17846
17909
17945
17985
18079
18250
18466
19140
19432
19453
19836
19996
20161
20216
20381
20388
20834
20909
20968
21039
21193
21293
21673
21724
21724
21763
21768
21768
21944
21944
21944
21944
21953
22074
22145
22187
22296
22783
22845
22877
22908
23018
23026
23026
23422
23422
23568
23921
23921
23944
24028
24100
24100
24179
24196
24213
24213
24236
24236
24372
24372
24372
24626
24782
24809
24809
24975
25044
25701
25820
26036
26036
26461
26461
26462
26523
26525
26526
26548
26621
26914
26914
26915
26918
26918
26918
27080
27080
27237
27365
27365
27368
27446
27772
27836
27939
28060
28060
28060
28060
28060
28266
28285
28285
28285
28285
28295
28387
28424
28424
28424
28424
28424
28510
28570
28570
28613
28613
28613
28793
29306
29306
29751
29878
30020
30052
30052
30315
30948
31026
31042
31048
31287
31294
31461
31461
31461
31461
31461
31461
31461
31567
31575
31591
32091
32724
33034
33043
33051
33118
33158
33240
33258
33594
33594
33617
33641
34258
34354
34421
34575
34680
34963
35104
35104
35104
35104
35104
35104
35158
35371
35737
35888
35888
35912
35919
35946
36320
36320
36332
36332
36332
36400
36745
37080
37080
37087
37088
37240
37437
37837
37903
37903
37903
37903
37903
37903
37903
37903
37920
37927
37931
37940
38374
38407
38476
38486
39311
39311
39311
39439
39621
39725
39739
40258
40424
40429
40489
40531
40581
40963
41267
41391
41525
41525
41525
41525
41525
41558
41662
41886
41886
41901
41930
42102
42104
42125
42477
42699
42793
42793
42960
42960
43036
43082
43082
43082
43082
43100
43100
43100
43291
43378
43414
43416
43428
43542
43669
44836
44836
44836
44836
44836
44846
44940
45087
45233
45272
45275
45291
45431
45431
45818
45818
45883
45883
45960
45961
46000
46001
46079
46164
46333
46433
46781
46804
46884
46884
46884
46884
47186
47237
47237
47275
47368
47458
47555
47568
