120
133
133
142
331
463
619
704
747
747
748
888
899
903
962
1009
1147
1280
1288
1340
1346
1502
1725
1967
2243
2263
2267
2540
2547
3081
3421
3421
3552
3597
3604
3965
4013
4013
4186
4186
4186
4186
4186
4186
4290
4651
4654
4845
4857
4941
4941
5186
5186
5279
5752
5752
5752
5752
5752
5763
5763
5763
6001
6001
6054
6054
6058
6082
6082
6984
7154
7163
7176
7205
7337
7452
7481
7588
7768
8031
8136
8218
8218
8221
8231
8231
8231
8231
8245
8245
8245
8279
8307
8417
8563
8591
8591
8645
8739
8777
8777
8777
8859
8866
8866
8987
9035
9043
9069
9100
9470
9479
9508
9519
9535
9538
9538
9706
10368
10516
10586
10597
10597
10599
10599
10599
10626
10829
10969
11419
11468
11470
11503
12463
12463
12661
12801
12977
13273
13301
13340
13340
13345
13488
13488
13492
13502
13800
13852
13968
14539
14608
14659
14911
14957
15059
15083
15263
15268
15350
15826
15905
16004
16207
16403
16403
16410
16481
16484
16512
16595
16595
16595
16735
16770
16920
17108
17115
17167
17295
17611
17753
18061
18061
18061
18061
18061
18061
18061
18154
18206
18460
18460
18460
18788
18842
18971
19062
19238
19305
19306
19343
19365
19433
19538
19817
19827
19983
19996
19996
20079
20139
20139
20204
20251
20251
20448
20577
20878
20878
20967
20992
21127
21145
21193
21241
21326
21603
21642
21642
21642
21897
21900
21903
21903
21944
22069
22144
22180
22397
22401
22689
22777
22904
22979
23229
23229
23254
23287
23361
23374
23375
23568
23580
23705
23705
23944
24028
24098
24098
24196
24196
24264
24406
24483
24744
24746
24782
24875
25044
25084
25084
25084
25085
25085
25468
25570
25609
25609
25731
25776
25820
25820
26179
26179
26179
26179
26199
26199
26201
26245
26270
26523
26525
26597
26777
26909
26909
27080
27084
27106
27349
27441
27697
27807
27807
27988
28005
28006
28408
28424
28467
28613
28613
28613
28693
28693
28757
29241
29306
29678
29698
29702
29878
29878
29985
30003
30003
30139
30160
30200
30314
30761
30814
30980
31018
31057
31228
31249
31365
31365
31365
31461
31461
31512
31559
31560
32090
32091
32352
32352
32556
32743
32743
32743
32743
32938
32938
32958
33114
33118
33246
33274
33749
33777
33919
34057
34065
34065
34065
34104
34227
34418
34537
34557
34721
34843
35037
35171
35286
35410
35488
35492
35620
35645
35645
35737
35737
35910
35915
35955
35956
36069
36189
36745
36774
36888
36914
36914
36917
37243
37339
37422
37531
37738
37822
37837
37839
37866
37879
37879
38184
38204
38208
38290
38290
38302
38305
38305
38305
38312
38316
38362
38374
38408
38706
38961
39013
39034
39422
39422
39960
40408
40480
40489
40496
40523
40723
40822
40918
40965
41297
41886
41896
41996
42010
42013
42255
42444
42513
42649
42650
42794
42960
42960
42960
43223
43312
43398
43931
44094
45233
45233
45275
45303
45524
45646
45722
45725
45791
45816
45816
45816
45960
45960
46152
46159
46262
46330
46330
46424
46441
46551
46551
46565
46576
46596
46596
46596
46661
46884
46884
46884
46884
46884
46884
47055
47055
47118
47531
