836
838
1346
1637
2082
2325
2325
2742
2841
2841
4254
4733
5307
5408
5411
5414
6053
6053
6073
6251
6251
6300
8499
10479
10586
10586
10586
11632
11633
11633
11633
12364
12977
13414
13834
13852
14422
14948
15067
15350
15495
16294
16556
16687
16929
17115
17757
18279
19415
19662
19662
19988
19988
19996
19996
20868
21592
21592
22727
22729
22888
22955
23024
23371
23712
24793
24797
24797
25007
25713
25770
25846
26184
26209
26991
26991
27114
27533
27683
28060
28290
28344
28346
28604
28763
29268
29878
31461
31461
31461
31543
32331
32331
33076
33206
34128
35922
37107
37107
37364
37376
37405
37554
37968
37978
38201
39131
39157
39308
40809
41067
41629
41629
41629
41629
41629
41868
41959
41985
42010
42016
42458
42794
43104
44094
44853
45782
46164
46164
46164
46164
46449
46830
47186
47191
47237
