279
801
903
1638
1739
3576
3576
3577
4198
4198
4198
4198
5186
5186
5186
5295
5295
5295
5295
5307
5763
5763
5767
6214
6885
7157
8303
9931
10559
10966
12501
13060
13755
14572
15008
15850
16002
16837
17211
17591
17655
17985
18002
18002
18342
18764
18898
18898
18898
21339
21944
24655
25071
25911
26635
26635
26663
27080
27080
27528
27771
27815
27987
29985
29991
31209
31925
33064
34105
34282
34511
35435
36896
37107
37940
38471
38629
39080
39814
40021
40998
43117
43398
44145
44812
46330
47281
47531
47568
