260
273
320
323
323
440
440
482
533
635
749
779
952
962
1280
1285
1315
1340
1455
2123
2123
2123
2241
2241
2241
2243
2243
2282
2332
2600
2603
2715
2748
2771
2938
3151
3473
3476
3539
3694
3831
3831
3831
3878
3878
4013
4049
4261
4261
4290
5278
5420
5420
5420
5420
5420
5420
5565
5565
5565
5565
5749
5749
5749
5749
5767
5792
6163
6251
6407
6407
6745
6898
6907
7708
8029
8146
8146
8207
8238
8279
8317
8317
8771
8876
8876
8878
8892
8895
8986
9168
9349
9479
9479
9479
9538
9543
9545
10368
10444
10479
10628
10628
10782
10996
11113
11113
11240
11419
11464
11465
11466
11468
11468
11468
11468
11468
11468
11468
11470
11651
11665
11954
12279
12296
12467
12659
12662
12679
12687
12995
12995
12995
13100
13202
13202
13444
13607
13791
13838
13838
13840
13994
14019
14019
14397
14423
14531
14640
14647
14735
14869
14869
14869
14915
14915
14917
15314
15314
15349
15392
15392
15392
15392
15850
15850
16363
16406
16497
16757
16900
17060
17097
17167
17167
17484
17499
17556
17753
17753
17756
17890
17899
17899
17899
17899
17899
17899
17899
18106
18278
18278
18278
18279
18279
18279
18279
18279
18279
18279
18279
18302
18302
18302
18302
18302
18456
18480
18480
19286
19380
19381
19647
19662
19721
20023
20023
20023
20131
20192
20262
20262
20269
20269
20273
20273
20295
20878
20878
20992
21041
21042
21193
21193
21196
21230
21293
21326
21494
21494
21494
21494
21536
21854
22074
22308
22308
22816
23736
23836
23836
23836
23836
23836
23836
23836
23836
23916
23944
24236
24262
24314
24594
24619
24620
24620
24655
24875
24895
25182
25468
25468
25468
25570
25609
25622
25713
25713
25713
25713
25713
25820
25820
25820
25864
26122
26125
26170
26179
26582
26909
26968
27379
27836
28060
28266
28298
28380
28424
28424
28552
28604
28613
28613
28613
28613
28613
29186
29186
29186
29237
29245
29245
29387
29387
29387
29387
29391
29431
29493
29878
29878
29878
29878
29946
29946
30095
30098
30279
31026
31302
31461
31461
31461
31461
31461
31461
31461
31480
31480
31533
31551
31624
31624
32076
32076
32087
32090
32091
32091
32301
32352
32495
32495
32495
32495
32691
33039
33124
33189
33256
33256
33256
33414
33414
33414
33414
33419
33498
33498
33523
33523
33525
33525
33592
33592
33641
33653
33749
33760
33919
33919
34258
34258
34413
34418
34418
34620
34620
34720
34720
34769
34784
34809
34823
34921
34961
34965
35037
35139
35140
35180
35362
35410
35488
35489
35738
35803
35803
35803
35829
36379
36393
36432
36463
37087
37422
37437
37509
37570
37928
38191
38194
38279
38312
38363
38794
39016
39037
39138
39138
39141
39141
39141
39141
39141
39141
39141
39141
39422
39424
39726
39899
39950
39989
39989
40203
40644
40766
40766
40822
40880
41159
41159
41521
41558
41613
41728
41985
41985
42788
42960
42967
43326
43334
43334
43339
43669
44282
44337
44590
44655
45032
45223
45272
45272
45275
45275
45291
45425
45489
45749
46083
46348
46454
46637
46662
46668
46673
46673
46884
46884
46884
46884
47053
47204
47262
47531
47543
47571
