375
510
624
836
868
888
888
1059
1219
1219
1284
1323
1346
1725
1969
2264
2268
2600
3077
3077
3093
3215
3783
4049
4221
4435
5307
5307
5307
5339
5340
5341
5399
5399
5413
5485
5485
5485
5568
5575
5817
5950
6043
6043
6082
6453
6717
6758
6758
6762
6786
6846
6846
6898
6898
6899
6947
6953
7154
7346
7578
8303
8307
8307
8307
8307
8307
8307
8307
8307
8308
8384
8575
8576
8777
8987
9043
9043
9043
9049
9263
9263
9266
9266
9268
9268
9317
9376
9542
9706
9709
9773
9780
9800
10078
10078
10343
10484
10567
10652
10652
10765
10812
11049
11344
11629
11651
11787
11802
11982
12207
12436
12436
12456
12467
12467
12988
13268
13273
13345
13414
13600
13721
13765
13765
13765
13765
13852
13994
14018
14077
14395
14606
14606
14659
14659
14746
14746
14749
14809
14809
14810
14911
14943
14978
15063
15103
15256
15285
15458
15557
15557
15764
15850
15924
15999
16047
16062
16443
16595
16673
16673
16687
16716
16716
16716
16943
17060
17611
17611
17753
18061
18089
18278
18460
18460
18460
18520
18636
18764
18764
18764
18788
18870
18962
18998
19313
19313
19459
19647
20131
20207
20269
20295
20364
20364
20434
20648
20659
20737
20921
20993
21230
21559
21559
21686
21686
21744
21825
21940
21944
21944
21944
22021
22134
22137
22138
22151
22517
22542
22542
22542
22542
22906
22906
23026
23287
23568
23750
23944
24098
24098
24213
24266
24358
24358
24420
24420
24614
24993
25044
25044
25046
25048
25084
25085
25158
25291
25702
25702
26179
26361
26411
26411
26411
26411
26411
26411
26576
26663
26719
26719
26845
26996
27080
27533
27533
27807
27836
27836
28011
28011
28011
28011
28011
28011
28011
28011
28011
28011
28011
28011
28011
28011
28011
28012
28012
28060
28304
28387
28424
28604
28613
28657
28657
28657
28657
28657
28657
28657
28672
29166
29306
29387
29691
29701
29713
29785
29878
29878
29878
29878
29912
29937
30014
30016
30020
30020
30020
30163
30163
30166
30198
30279
30976
30976
30976
31003
31031
31053
31053
31247
31251
31251
31252
31461
31480
31533
31582
31797
31797
31895
32242
32344
32356
32373
32717
32734
33050
33125
33158
33158
33181
33336
33437
33495
33616
33634
33771
33775
34008
34057
34065
34257
34518
34567
34637
34655
34676
34696
34721
35202
35203
35307
35335
35418
35489
35531
35607
35607
35645
35645
35648
35650
35676
35835
35839
35917
36283
36463
36525
36560
36575
36575
36575
36896
36914
36914
36924
36924
36924
36937
36937
36937
36937
36947
37084
37107
37235
37437
37837
37900
37920
37936
37977
38172
38184
38236
38317
38325
38345
38374
38479
38706
38792
38937
39037
39080
39260
39260
39260
39345
39639
39671
39837
40007
40080
40134
40188
40188
40388
40437
40523
40723
40723
40880
40925
41046
41074
41164
41211
41340
41385
41535
41918
41979
41979
42194
42220
42493
42686
42767
42794
42960
42960
42978
43345
43510
43731
43819
43856
44094
44094
44113
44306
45275
45291
45860
46154
46275
46330
46330
46330
46333
46480
46565
46614
46809
47053
47053
47237
47264
47366
47368
47370
47370
47531
47571
47571
47594
