353
447
447
447
848
1135
1763
2241
2260
2349
2491
2491
2766
2905
2905
3077
3077
3077
3077
5575
5984
5984
5984
5984
5984
5984
5994
6001
6082
6082
6236
6236
6236
6236
6249
6407
6416
7480
7881
7888
7888
7979
7979
7979
8026
8037
8915
8916
9108
9773
10614
10614
10614
11777
12097
12487
12487
13102
13102
13102
13625
13852
14620
16805
16805
16805
16805
16805
16805
16808
16808
16808
16808
16808
16808
16808
16808
16830
17611
17672
17672
17672
17672
18878
18884
19880
19880
19880
19880
20435
20869
20869
21480
21744
21940
22319
22441
22441
22441
24179
26663
26663
26665
26665
26665
26719
27472
27528
27528
27781
28060
28180
28424
28604
28604
28613
29306
29387
29387
29387
29387
29387
29391
29878
29937
29966
30409
30409
30620
30620
30620
31102
31102
31228
31228
31247
31247
31395
31792
31792
31834
32344
32344
32344
32573
32717
33591
33642
33642
33863
34528
34652
34713
34713
34713
34719
34719
34826
34901
34903
35031
35645
35648
35648
35652
35737
36114
37420
37453
37453
37455
37920
38167
38264
38284
38944
39692
41569
41655
42167
42167
42178
42322
42324
42335
42523
42523
42523
42523
42532
42794
43117
43117
43117
43175
43669
43879
44925
44925
45234
45251
45272
45272
45275
45291
45425
45488
45624
45717
45717
45722
45722
45722
45722
45722
45722
45722
45722
45722
45915
45915
45919
45919
45968
45968
45969
46210
46330
46333
46884
46884
47281
