440
1346
1346
1763
2123
2144
2720
2720
2720
2720
3143
4350
5218
5218
5218
5218
5218
5218
5218
5984
6040
6040
6082
7239
7479
7681
7750
8565
9319
9822
10192
10192
10192
10504
10504
10678
11344
11344
11455
11777
12567
12663
13254
13270
13625
14641
14647
15182
15349
15377
15377
15377
15602
15602
15603
15604
15604
15604
15636
15653
15673
15875
15877
15877
15878
16062
16440
16806
16806
16806
17923
18039
19140
19304
19305
19701
22179
23024
23024
23944
24630
24630
24809
24975
24975
24975
24985
25002
25106
25609
26179
27528
28033
28043
28613
28613
28613
28657
28657
28759
28759
28759
28759
28759
28759
28759
28759
29878
29878
29878
30722
30834
32055
32064
32139
33413
33591
34363
34363
34379
35410
35655
35655
37048
37107
37511
37513
37513
37513
37513
37513
37513
37940
37940
38167
38755
38755
39079
39147
39777
39837
40462
40462
40855
41558
42132
42472
42767
42767
43174
43378
43432
43432
43712
44047
44092
44795
45272
45722
45722
45733
45733
45733
45733
46093
46332
46332
46596
46596
46596
46596
46596
46596
46596
46780
46884
46884
47183
47377
47377
47377
