1346
1752
2144
2592
2595
2764
2764
2884
2884
2888
2985
3327
3917
4140
4438
4438
4438
4438
4438
5209
5209
6163
6407
6407
8231
8384
8558
8576
8967
9032
9317
9317
9317
9317
9780
10112
10112
11136
11777
12381
12903
13635
14458
15323
15612
15821
15821
15821
15821
15821
15821
15913
15913
15999
16595
16767
16890
16890
17484
17484
17512
18145
18456
19304
21456
21456
21480
21687
21940
22137
22138
22138
22138
22138
22139
22139
22143
22891
23026
23026
23574
23944
23944
23944
23944
23960
24196
24236
24706
26179
26678
27528
27528
29698
29698
29991
29991
30720
30948
31341
31341
31606
31606
31606
31606
33051
33058
33215
33249
33272
33274
33563
33565
33565
33648
33761
33953
34060
34060
34092
35335
35645
35655
35733
35896
35996
36104
36967
37107
37107
38201
38232
38236
38290
39617
39617
39958
40148
40175
40204
40523
40531
41643
41644
41648
41799
41799
41808
41808
41809
42103
42872
43117
43117
44836
46433
46433
47061
47237
47237
47360
47531
47787
