199
358
444
526
622
622
624
897
1366
1370
1422
1422
1510
1510
1620
1620
1645
1729
2034
2492
2569
3127
3143
3604
4892
5058
6158
6158
6158
6158
6158
6158
6158
6158
6158
6158
6158
6158
6251
6251
6251
6251
6251
6251
6251
6251
6352
6899
8136
8230
8777
8788
8800
8945
9035
9050
9050
9372
9372
9827
9938
10516
10516
10678
10812
10816
11008
11008
11008
11008
11021
11381
11462
11708
11760
12771
12871
13128
13474
13486
13649
14606
15209
15314
15321
15349
16004
16222
16480
16481
16687
17399
18061
18207
18300
19256
19256
19286
19946
19996
19996
19996
19996
20023
20648
20789
20967
21642
21687
21744
22443
22998
23024
23024
23568
23705
23705
23705
23794
23944
23944
24096
24169
24196
24213
24399
24489
24652
24655
25036
25096
25096
25096
25096
25609
25609
25756
25756
25756
25756
25757
25951
26179
26179
26179
26201
26356
26379
26777
26996
27080
27080
27462
27472
27815
27836
28060
28447
29175
29245
29306
29306
29878
30032
30198
30859
30976
31057
31057
31057
31061
31228
31228
31461
31461
31461
31461
31461
31461
31461
31461
31672
32055
32087
32091
32352
32352
32352
32352
32373
32404
32404
32404
33158
33158
33496
33749
33771
33771
33919
33919
33993
34260
34637
34637
34721
34786
35115
35118
35120
36102
36103
36202
36320
36490
36856
36856
37107
37107
37107
37107
37107
37400
37400
37400
37420
37484
37484
37675
37866
37866
37866
37866
38172
38172
38305
38305
38305
38407
38778
38786
38798
38798
39013
39121
39121
39621
39621
39621
39621
39621
39621
39935
40045
40045
40490
40493
40822
41004
41311
41558
41558
41558
41985
41996
42167
42167
42167
42335
42335
42650
42650
42650
42767
42767
42960
43117
43117
43174
43224
43224
43224
43224
43255
43731
44878
45344
45344
45963
46433
46614
46809
46884
46884
46884
46884
46884
46884
46884
46884
46884
46884
46884
47566
47566
