57
279
309
323
324
444
447
780
780
780
842
1315
1325
1346
1346
2241
2241
2243
2595
2884
2885
2938
2957
2993
3077
3077
3077
3077
3077
3762
4013
4084
4156
4209
5277
5277
5277
5277
5565
5565
5565
5567
5567
5568
5568
5568
5575
5575
5575
5817
5817
5817
5821
5821
5821
5821
5821
5823
5881
6082
6082
6559
6559
6758
6861
6953
7176
7579
8392
8788
8788
8788
8788
8788
8788
8878
8906
9411
9411
9411
9411
9411
9420
9420
9420
9420
9470
9470
9470
9519
9801
10192
10201
10559
10559
10559
10559
10702
10765
10972
11000
11304
11319
11466
11466
11468
11470
11605
12629
12679
12977
12977
12995
13081
13346
13838
13852
13872
13966
14063
14640
14640
14869
14871
14901
14957
15060
15080
15182
15209
15256
15318
15349
15350
15392
15910
15922
16004
16004
16004
16004
16006
16006
16022
16022
16022
16083
16083
16164
16481
16837
16882
17060
17105
17484
17546
17546
17750
17753
18061
18061
18061
18061
18079
18079
18206
18475
18517
18764
19174
19174
19313
19415
19453
19662
19673
19836
19996
19996
19996
19996
19996
19996
20016
20016
20016
20017
20017
20017
20018
20018
20023
20023
20023
20023
20023
20023
20023
20023
20023
20023
20023
20023
20023
20023
20023
20023
20209
20250
20250
20251
20256
20257
20257
20257
20262
20262
20269
20269
20273
20273
20273
20273
20273
20273
20273
20273
20273
20273
20273
20273
20273
20273
20273
20273
20273
20364
20364
20435
20461
20666
21146
21146
21146
21193
21193
21196
21339
21443
21790
22069
22069
22147
22147
22147
22147
22370
23190
23190
23568
23705
23722
23722
23722
23722
23836
23836
23836
23854
23854
23854
23854
23944
24096
24103
24165
24236
24236
24236
24427
24614
24614
24793
24856
24875
24875
24875
24875
24875
24895
24975
25002
25036
25036
25036
25044
25158
25182
25182
25570
25609
25609
25622
25820
25820
25820
26368
26461
26728
26991
26991
27073
27083
27649
28266
28266
28387
28424
28424
28434
28481
28613
28613
28613
28613
28613
28613
28613
28613
28613
28613
28613
28613
28613
28613
28613
28613
28693
29693
29698
29751
29789
29789
29878
30098
30405
30635
30637
30976
30976
31025
31102
31228
31242
31242
31249
31461
31461
31461
31461
31612
32091
33125
33158
33192
33215
33215
33215
33215
33215
33215
33274
33380
33380
33459
33498
33498
33591
33633
33749
33831
33919
33993
34079
34257
34924
35141
35548
35548
35551
35553
35553
35553
35553
35553
35556
35915
36068
36068
36126
36138
36181
36332
36395
36399
36575
36646
36715
36715
36715
37081
37416
37457
37883
37883
37889
37895
37920
38305
38305
38312
38317
38471
39055
39320
39322
39324
39324
39616
39621
39621
39621
39724
39970
40048
40431
40489
40574
40644
40959
40998
41013
41525
41525
42167
42376
42376
42381
42649
42686
42722
42777
42790
42811
43339
43550
44006
44006
44812
45425
45425
45883
45883
46001
46480
46480
46480
46712
46799
46884
46884
46884
46884
46884
46884
46884
46884
46884
46884
46884
46884
46884
46884
46884
46884
47053
47055
47055
47186
47186
47186
47531
47531
47531
47531
47543
47543
47543
47543
47543
