510
510
975
986
986
1009
1009
1009
1009
1009
1272
1346
1430
1620
2241
2772
2985
3471
3694
3816
4157
5767
5792
6300
6300
6484
6870
7154
7154
7439
8162
8207
8208
8678
8719
9411
9931
10086
10088
10144
11468
11790
12240
12851
13800
14077
14809
14809
15208
16215
16215
16215
16340
16887
17753
18061
18145
18460
18460
18480
19213
20343
22418
22790
22835
23782
24345
24345
24875
24895
24959
24975
24975
25044
25584
25609
26053
27472
27472
27768
28387
28567
28693
29387
31046
31077
31559
32090
32091
32691
33215
33246
34227
34719
34918
34964
35159
36457
36479
36745
36930
36933
37083
37107
37107
37107
37107
37570
37837
37889
38960
39138
40489
40489
40489
40765
40765
40913
41385
42431
42644
42687
43312
45149
45149
45871
46156
47531
