440
440
622
927
1725
1726
2928
2928
3421
3916
3919
4013
4041
4041
4049
4157
4217
4533
5186
5277
6082
6140
6140
6717
6727
6862
7280
7567
8230
8385
8390
9470
9470
10192
10334
10458
10504
10678
10678
10678
10923
10969
11030
11030
11136
11298
11638
11638
11980
12871
13497
13505
13505
13505
13505
13505
13505
14147
14258
14911
15112
15469
16361
17037
18061
18061
18061
18061
18061
18079
18269
18269
18279
19647
19838
19940
20909
21039
21146
21193
21199
21494
21687
22070
22147
22147
22147
22303
22908
22910
23944
23960
24489
24489
24676
24975
25468
25574
25574
25609
25622
25622
26073
26307
26868
26868
26869
27107
28424
28452
28567
28604
28613
29186
29275
29275
29275
29306
29306
29387
29387
29548
29878
30012
30200
30976
31003
31078
31078
31078
31170
31197
31302
31480
32091
33258
33421
33450
33496
33919
33993
34227
34227
34227
34239
34239
34326
35373
36739
36739
37107
37107
37107
37107
37107
37107
37107
37420
37675
37682
37822
37866
37866
37896
38290
38290
38290
38305
38545
38545
38545
38545
38545
38545
38960
39055
39121
39778
40156
42263
42670
42960
42978
42978
43082
43224
43454
43454
43454
43454
43562
43562
43562
43562
44073
44913
44913
45149
45150
45152
45272
45272
45291
45337
45725
45883
46075
46758
46884
47011
47055
47186
