284
373
440
510
533
533
671
712
1324
1340
1340
1346
1346
2113
2113
2114
2241
2317
2332
2332
2928
3077
3102
3312
3471
3471
3676
3831
3912
3994
3994
3994
3994
4013
4154
4957
5231
5258
5565
5568
5767
5767
5767
5767
5767
5989
6082
6082
6256
6366
6487
6738
6738
6738
6738
6738
6738
6738
6861
7239
7430
7529
7533
7950
7951
8031
8126
8136
8136
8162
8303
8303
8303
8350
8386
8986
9470
9470
9470
9470
9679
10747
11304
11462
11464
11651
11790
12459
12461
12467
12750
12922
13107
13219
13219
13598
13777
13838
13955
13958
13958
13958
13958
13958
14063
14096
14147
14242
14413
14948
14958
14960
15167
15208
15209
15392
16004
16004
16004
16004
16402
16687
17167
17298
17611
17945
17945
18061
18061
18079
18151
18196
18278
18278
18278
18460
18460
18480
18554
18560
19303
19453
19453
19453
19574
19647
19701
19701
19701
19738
20109
20330
21039
21039
21143
21326
21326
21339
21339
21558
22131
22131
22147
22179
22370
22528
22790
22790
23183
23183
23187
23568
23568
23914
23916
23944
23963
23991
24105
24145
24149
24165
24345
24345
24559
24559
24793
24793
24797
24875
24875
24875
24875
24875
24888
24893
24975
25044
25044
25044
25044
25048
25415
25710
25816
25816
25816
25846
25846
25846
25846
26127
26363
26678
26733
26733
26869
26990
26991
26991
27080
27472
27711
27766
27768
28380
28424
28424
28424
28425
29196
29300
29594
29690
29705
29878
30016
30053
30384
30722
31003
31026
31045
31085
31461
31461
31461
31461
31763
31986
32064
32737
33380
33641
33645
33648
33919
33993
33993
34557
34714
34714
34860
35159
35402
35912
35922
35922
35990
36507
36507
36739
37107
37107
37866
37882
37920
37940
38167
38778
38819
38819
38819
38819
38960
39013
39226
39227
39227
39227
39227
39227
39227
39424
39466
39751
39751
39751
39756
39846
39978
40918
41525
41979
41979
41996
42010
42010
42248
42263
42263
42263
42263
42263
42396
42960
43100
43174
43309
43326
43451
43451
43451
44853
44874
45275
45546
45862
45865
45865
45867
45867
45883
46152
46433
46471
46666
46884
46884
46884
46884
46884
47133
47199
47199
47200
47237
47258
47609
47760
