271
440
749
828
882
897
902
902
1002
1010
1346
2028
2332
2777
2957
3010
3473
3480
3775
4049
4084
4585
4767
4767
4767
4767
6001
6094
6098
6422
6898
6907
7154
7481
8095
8136
8162
8238
8307
8307
8307
8308
8563
8591
8979
9001
9008
9420
9420
9504
10516
10516
10516
10516
11381
12871
13065
13340
13772
13772
13852
13942
14063
14530
14531
14606
14606
14647
14757
14757
14809
14917
15056
15083
15999
16214
16215
16215
17052
17167
17750
17940
18004
18456
18460
18460
18460
19940
19940
19961
20250
20868
21146
21196
21486
22394
24165
24169
24381
24381
24381
24381
24472
24948
25468
25575
25702
25820
25911
26368
26461
26462
26662
26777
26777
27462
27533
28424
28613
29387
29387
29630
29689
29689
29689
29690
29803
29803
29878
30139
30139
30139
31026
31078
31102
31609
31944
31944
31947
31947
31947
31947
31947
31947
31947
31947
31947
31947
32090
33058
33064
33124
33988
34769
35117
35119
35120
35137
35307
35649
35765
35915
35969
36103
36888
36995
36995
36995
36995
36995
36995
36995
36995
36995
37107
37416
37422
37422
38201
38290
38345
38480
40337
40351
40351
42179
42444
42444
42777
42819
43082
43100
43174
43272
43325
44009
44822
45386
46333
46433
46884
46884
46884
47186
47186
47186
47186
47186
47204
47204
47531
47543
