320
390
451
526
526
592
780
903
1090
1340
1346
1346
1513
1737
1737
1982
2088
2144
2243
2243
2243
2243
2332
2332
2332
2767
2767
2938
3077
3101
4013
4013
4013
4157
4157
4157
4157
5724
6082
6082
6082
6082
6163
6251
6251
6251
6251
6251
6861
6866
6866
6905
6905
7251
7481
7579
7584
7671
7671
7817
7888
8136
8146
8146
8162
8250
8313
8525
8591
8591
8660
8665
9001
9001
9156
9403
9470
9470
9538
9613
9706
9706
9815
9815
10143
10143
10143
10559
10665
10666
10812
10860
10966
10969
11344
11344
11651
12217
12279
12369
12369
12369
12369
12369
12487
12679
13065
13107
13107
13301
13340
13842
13961
13961
13961
13961
14063
14456
14606
14620
14620
14620
14731
14782
14948
15083
15103
15209
15209
15256
15809
15905
15922
16004
16004
16004
16362
16406
16599
16648
16687
16705
16975
17055
17098
17099
17108
17108
17167
17167
17484
17484
17484
17484
17484
17484
17484
17484
17484
17484
17496
17553
17753
17945
17985
18039
18061
18106
18106
18106
18106
18106
18472
18480
18944
19286
19286
19286
19288
19288
19453
19647
19673
19673
19673
19836
20105
20364
20448
20764
20909
20970
21039
21040
21041
21073
21080
21146
21146
21196
21238
21238
21238
21238
21293
21710
21944
21944
22689
23024
23293
23944
23944
23944
23944
24169
24399
24553
24614
24702
24803
24875
24975
24993
25096
25581
25609
25622
25622
25622
25820
26179
26356
26384
26384
26425
26425
26425
26461
26461
27022
27073
27472
27528
28183
28424
28424
28434
28452
28567
28567
28613
28693
28693
28693
28719
28719
28719
28719
28729
29186
29233
29306
29306
29306
29306
29387
29387
29387
29698
29878
29878
30095
30166
30409
30549
31025
31025
31026
31053
31053
31261
31734
31986
32055
32064
32064
32064
32091
32091
32147
32155
32666
32691
32777
32777
32777
32777
32777
32777
32777
32777
32777
32777
32779
32779
33064
33064
33066
33156
33156
33156
33156
33177
33199
33199
33335
33335
33335
33335
33342
33342
33380
33641
33749
33749
33919
34057
34079
34338
34415
34415
34494
34494
34494
34511
34557
34590
34590
34620
34855
34855
34859
34860
34860
34860
34860
34964
35074
35383
35424
35424
35645
35645
35742
35891
35967
36011
36138
36194
36395
36399
36575
36942
37107
37139
37352
37389
37531
37554
37866
37883
37895
37920
37928
38290
38305
38305
38312
38312
38708
38724
38764
38778
38960
38960
38973
39846
39958
39988
40021
40037
40334
40337
40351
40437
40492
40507
40507
40509
40509
40617
40723
40723
40962
40963
40963
41002
41049
41067
41074
41193
41201
41276
41514
41521
41521
41525
41525
41527
41558
41558
41895
41895
41895
41992
42102
42102
42103
42644
42685
42686
42686
42699
42794
42960
42960
43082
43378
43378
43443
43445
43446
43446
43451
43451
43451
44094
44094
44232
44533
44943
45425
45425
45483
45483
45611
45749
46152
46152
46152
46330
46480
46541
46565
46614
46806
46884
46884
46884
46884
46884
46884
46884
46884
46884
46884
46884
47186
47186
47186
47199
47199
47199
47199
47237
47364
47531
47531
47531
47531
47531
47531
47543
47543
47543
47543
47543
47571
47571
