133
142
193
320
320
464
520
634
778
899
927
1059
1221
1340
1340
1346
1346
1563
1725
1729
1737
2077
2079
2263
2263
2332
2592
2731
2854
2889
2993
3077
3308
3384
4186
4209
4654
4917
4917
5186
5186
5186
5186
5186
5186
5186
5186
5295
5295
5307
5307
5460
5590
5954
6082
6787
6792
7034
7176
7212
7481
7579
7588
7730
7920
8027
8136
8227
8227
8360
8384
8521
8613
8632
8767
8777
8800
8906
8974
8985
9192
9349
9349
9372
9468
9470
10144
10190
10308
10308
10331
10479
10487
10559
10559
10559
10569
10569
10569
10597
10628
10666
10678
10765
11777
12115
12122
12145
12669
12871
12973
12977
13212
13212
13212
13218
13218
13218
13340
13346
13600
13961
14095
14158
14252
14398
14421
14422
14530
14531
14531
14531
14560
14606
14869
14869
14869
14871
14938
14938
14938
15083
15083
15177
15177
15319
15327
15349
15349
15349
15350
15392
15418
15418
15536
15910
16004
16424
16424
16424
16466
16481
16675
16890
16901
16901
16919
16998
17838
18002
18002
18061
18061
18061
18061
18061
18061
18061
18061
18061
18061
18061
18269
18475
18476
18480
18886
18983
19256
19673
19838
19996
19996
20262
20262
20262
20734
20734
20734
20734
20909
20909
20909
20909
20909
20909
20990
20995
20999
20999
20999
20999
21153
21157
21193
21193
21193
21193
21194
21195
21195
21372
21445
21445
21451
21759
21897
21903
21944
22054
22069
23024
23024
23580
23705
23836
23921
23944
24165
24169
24179
24262
24262
24262
24358
24620
24652
24655
24655
24701
24816
24816
24993
25102
25781
25820
26075
26077
26179
26179
26179
26356
26358
26363
26384
26386
26525
27067
27274
27353
27472
27472
27528
27807
27836
27836
27836
28265
28266
28285
28425
28425
28467
28613
28613
28613
28613
28693
28693
28903
28903
29001
29116
29248
29387
29689
29689
29708
29728
29878
29878
30095
30139
30139
30139
30146
30163
30314
30353
30440
30440
30440
30859
31003
31025
31045
31447
32076
32076
32087
32468
32468
32596
32712
32897
32901
33066
33122
33136
33245
33308
33309
33311
33311
33315
33322
33322
33330
33515
33749
33770
33771
33901
34257
34413
34513
34528
34528
34557
34939
35448
35488
35636
35645
35645
35655
35738
35773
35776
35863
35917
35922
35967
35972
36105
36138
36393
36393
36394
36395
36400
36639
36896
36896
36914
37107
37107
37107
37416
37509
37510
37524
37526
37526
37866
37900
37931
37934
38201
38268
38305
38305
38312
38345
38694
38708
38960
39003
39034
39055
39392
39422
39839
39970
40025
40045
40151
40373
40723
41002
41074
41074
41142
41162
41241
41296
41310
41432
41470
41519
41519
41575
41575
41657
41786
41979
41979
42016
42016
42106
42106
42109
42109
42109
42109
42167
42220
43082
43398
43398
43398
43398
43398
43398
43398
43398
43398
43398
43398
43523
43531
43562
44152
44153
44244
44282
44672
44672
44812
44853
45536
45540
45883
46089
46202
46202
46433
46433
46433
46433
46433
46439
46450
46479
46479
46712
46758
46884
46884
46884
46884
46884
46884
46994
47055
47237
47237
47237
47276
47377
47377
47387
47387
47387
47387
47387
47387
47531
47543
47688
