323
440
444
463
533
657
703
716
888
927
963
1145
1346
1346
1346
1346
1420
1420
1420
1461
1464
1464
1464
1726
1763
1772
1889
2009
2027
2144
2144
2350
2389
2492
2734
2975
2989
3249
3323
3473
3480
3792
3892
3915
4186
4256
4350
4853
4853
4853
4853
5186
5295
5295
5295
5296
5307
5417
5568
5763
5772
5989
6043
6054
6054
6054
6054
6057
6060
6082
6082
6727
6738
7439
7579
7755
7962
8146
8197
8230
8303
8303
8374
8386
8522
8591
8591
8632
8720
8725
8777
8777
8777
8777
8788
8788
8915
8918
9425
9504
9539
10586
10703
10771
10780
11020
11022
11076
11301
11311
11378
11745
11745
11769
11805
12374
12438
12463
12669
13060
13273
13279
13492
13492
13574
13574
13574
13576
13580
13628
13653
13653
13882
14383
14396
14530
14606
14606
14615
14640
14659
14659
14824
14932
14932
14982
15177
15178
15211
15212
15268
15394
15395
15557
15558
15841
15846
15913
15913
15922
15922
16004
16097
16238
16361
16456
16512
16512
16512
16655
16655
16830
16830
16934
16948
16998
17014
17113
17308
17945
18007
18007
18039
18061
18061
18065
18278
18279
18460
18530
18971
18971
19164
19238
19415
19453
19454
19673
19717
19717
19764
19940
20023
20074
20112
20251
20964
21146
21273
21559
21559
21642
21642
21831
21853
21897
21900
21940
22069
22138
22138
22570
22830
22830
22830
22830
22830
22903
22903
22906
23024
23024
23187
23187
23294
23408
23531
23570
23745
23944
23960
23992
24028
24147
24169
24171
24559
24594
24614
24614
24620
24620
24676
24679
24710
24789
24975
24975
24975
24975
24975
24993
25046
25048
25108
25158
25289
25468
25522
25522
25557
25570
25640
25680
25697
25697
25705
25893
26127
26195
26463
26533
26678
26678
26678
26907
26907
26907
26907
27080
27084
27084
27181
27194
27533
27580
27660
27660
27939
28169
28177
28177
28177
28177
28177
28177
28177
28177
28182
28596
28613
28693
28752
28836
29237
29306
29541
29541
29541
29698
29698
29705
29804
29878
29878
29878
29997
30163
30722
30857
30857
31057
31057
31057
31609
31678
31811
31811
32181
32373
32373
32377
32378
32576
32597
32601
32732
33051
33064
33064
33215
33384
33761
33770
33775
33832
33921
33921
34057
34065
34079
34079
34104
34511
34532
34532
34532
34532
34642
34713
34720
35037
35118
35166
35339
35339
35360
35525
35531
35643
35733
35886
35905
35917
35967
36102
36103
36309
36332
36575
36575
36713
36839
36967
36968
36968
36968
36968
36968
36968
36968
37107
37107
37422
37903
38172
38172
38236
38261
38262
38266
38284
38284
38325
38345
38490
38613
38946
39157
39751
39751
39814
39837
39837
39837
39958
40033
40045
40051
40394
40493
40524
40561
40723
40916
41142
41297
41525
42103
42103
42123
42187
42339
42559
42685
42699
42767
42794
42960
42978
42978
43076
43117
43755
43850
43856
43870
44047
44094
44094
44094
44466
44601
44647
45064
45744
45764
45850
45903
45960
45960
45960
45960
45960
45964
45966
45966
46164
46197
46330
46397
46414
46433
46441
46565
46576
46884
46884
47186
47186
47237
47502
47502
47531
47539
47543
47543
47543
47543
47571
