276
323
323
395
467
842
888
1145
1346
1420
1520
1763
1763
1763
1772
1791
1967
2332
2366
2389
2491
2493
2537
2714
2720
2993
3143
3143
3323
3662
3696
3948
4118
4118
4668
4683
5021
5158
5186
5186
5295
5295
5295
5295
5471
5575
5611
5619
5984
5989
5989
5989
5994
6004
6054
6054
6082
6101
6140
6407
7280
7635
7681
8024
8065
8098
8230
8232
8375
8840
8954
8967
9266
9470
9504
9504
9539
9585
9585
9694
9694
9707
9707
9708
9878
10305
10586
10770
10776
10934
11020
11925
12016
12016
12249
12395
12456
12456
12467
12501
12652
13492
13492
13651
13653
13653
13931
14021
14109
14252
14606
14606
14717
14869
14869
14869
14982
14988
14989
15117
15177
15178
15178
15178
15199
15200
15301
15301
15301
15392
15394
15557
15676
15846
15875
15905
15905
16004
16004
16004
16403
16645
16805
16957
17108
17131
17312
17409
17611
17611
17619
17656
17838
17838
18007
18061
18150
18150
18449
18576
18598
18764
19120
19238
19243
19699
19838
19838
20040
20250
20250
20251
20251
20435
20565
20656
20771
20771
20831
20890
20909
21117
21134
21480
21768
21789
21957
22139
22355
22370
22851
22851
22851
22904
22904
22905
22906
22906
22906
22906
22906
23024
23024
23026
23287
23331
23408
23568
23633
23633
23736
23944
23944
23944
23944
23960
23960
23992
24028
24029
24171
24171
24171
24172
24172
24172
24172
24261
24358
24358
24381
24475
24553
24553
24614
24614
24620
24676
24676
24676
24702
24710
25048
25051
25578
25609
25820
25840
26122
26179
26179
26179
26182
26530
26548
26550
26665
26996
27093
27441
27528
27533
27807
27807
28182
28225
28265
28266
28387
28424
28424
28613
28613
28657
28657
28742
28790
28916
29240
29245
29306
29690
29705
29878
29878
29878
29878
29878
29878
29878
29991
30044
30044
30068
30163
30163
30163
30398
30717
31196
31341
31461
31461
31461
31606
31824
31824
31836
32096
32121
32139
32155
32344
32373
32373
32373
32373
32596
32622
32692
32732
32734
32948
33058
33064
33215
33274
33459
33749
33749
33749
33749
33749
34065
34067
34154
34210
34366
34510
35166
35414
35489
35607
35607
35648
35648
35652
36078
36400
36575
36967
36967
36967
36967
36967
36967
36968
36968
36968
36968
36968
36972
37107
37107
37107
37107
37692
37862
37920
37931
38162
38706
38794
38941
38987
38992
39037
39101
39250
39639
39751
39839
39893
40490
40507
40507
40578
40578
40723
40816
40842
40842
40842
40855
40855
40895
41047
41142
41340
41525
41525
41979
41992
41992
42012
42263
42317
42513
42580
42650
42650
42650
42671
42767
42767
42790
42791
42793
42793
43018
43082
43175
43634
43826
43850
43856
43870
43888
43888
43888
44001
44047
44089
44092
44092
44092
44092
44092
44094
44094
44094
44338
44558
44826
44927
45016
45415
45489
45733
45733
45733
45733
45733
45733
45776
45816
45816
45816
45818
46098
46249
46262
46296
46333
46353
46367
46367
46369
46381
46433
46433
46433
46433
46441
46464
46519
46519
46519
46781
46782
46815
46884
46982
46982
46982
47113
47113
47113
47118
47118
47118
47224
47224
47237
47377
47377
47502
47531
47571
47571
