153
374
376
440
440
526
780
780
836
848
1280
1315
1315
1340
1340
2243
2332
3093
3715
3831
3915
4198
5565
5565
5568
5817
5817
5817
5817
6758
8226
8230
9049
9411
9420
9710
10678
10962
10962
10966
10966
11188
11301
12487
13344
13349
13801
13852
13852
13872
13915
14064
14064
14066
14647
15349
15644
16004
16004
16047
16062
16406
17037
17037
17098
17098
17108
17611
18061
19453
19459
19538
19647
19996
19996
19996
19996
19996
20023
20023
20023
20023
20262
20262
20262
20269
20273
20273
21730
22145
23568
23944
24028
24388
24816
25108
26384
26991
26991
26991
26991
27836
28266
28613
28613
28613
28613
28613
28613
28693
28894
29496
29798
29878
29878
30635
30980
31076
31228
31461
32724
32724
32743
33215
33215
33593
33642
34023
35488
35548
35548
35548
35551
35556
36320
36384
36715
37082
37532
37532
37643
37643
37643
37654
37883
37883
38305
39324
39621
40723
41525
41527
41895
41933
41933
42167
42371
42381
42429
42580
42794
42960
43255
43378
44867
45272
46191
46479
46480
46614
46614
46614
46614
46614
46884
46884
46884
47531
47543
47543
47543
