440
446
665
888
1416
1438
1438
1438
1467
1783
2082
2305
2321
2332
2985
2985
3077
3694
3792
3885
3987
4049
4186
4261
4395
4623
4642
5205
5307
5307
5307
5307
5517
5517
5901
5989
6101
6198
6214
6214
6240
6240
6240
6240
6311
6407
6535
6598
6669
6762
6778
6778
6801
6947
6959
6959
6960
6960
7096
7117
7118
7119
7154
7154
7176
7176
7176
7176
7337
7507
7560
7671
7754
7794
7794
8025
8281
8281
8281
8281
8281
8307
8534
8611
8737
8788
8845
9117
9483
9508
9765
10179
10216
10253
10261
10284
10284
10284
10376
10479
10479
10479
10479
10504
10610
11221
11221
11221
11221
11280
11344
11396
11510
11790
11790
11790
11790
11811
12856
12906
13219
13301
13301
13301
13301
13765
13765
13765
13765
13765
13958
13958
13968
14222
14620
14641
14809
15083
15208
15350
15451
15636
16220
16441
16635
16770
16826
16961
17060
17098
17114
17229
17274
17300
17565
17565
17753
17771
17771
18039
18240
18278
18388
18466
18466
18971
19171
19273
19273
19313
19362
19408
19433
19434
19453
19459
19574
19662
19673
19697
19758
19956
20079
20079
20079
20117
20192
20192
20192
20364
20368
20403
20568
21143
21194
21241
21456
21480
21577
21709
21768
22242
22253
22370
22640
22667
22676
22781
22825
22825
22825
22825
22864
22866
22868
22953
22975
23024
23024
23353
23944
23963
24201
24213
24559
24588
24656
24744
24744
24744
24809
24875
25143
25154
25241
25592
25705
25710
25710
25820
25859
25895
26209
26209
26209
26209
26400
26525
26737
26937
26942
26953
27498
27498
27498
27498
27606
27606
27606
27631
27631
27638
27815
27815
27815
27815
27815
27815
27815
27815
27815
28182
28400
28424
28549
28613
28613
28613
28613
28653
28657
28666
29186
29186
29196
29252
29306
29306
29387
29407
29474
29474
29474
29474
29701
29702
30052
30139
30646
30722
30761
30956
31026
31210
31396
31461
31461
31461
31461
31461
31751
31771
31880
32344
32344
32344
32344
32344
32344
32344
32344
32344
32344
32351
32378
32521
32598
32717
32748
32748
32785
33205
33230
33341
33344
33344
33344
33344
33499
34039
34039
34258
34260
34354
34415
34585
34770
34773
35037
35583
35583
36192
36230
36236
36263
36332
36490
36575
36639
36666
36775
36783
36930
36978
37092
37107
37107
37107
37107
37107
37107
37198
37255
37416
37422
37554
37554
37554
37587
37631
37699
37837
38266
38280
38284
38284
38284
38284
38290
38290
38290
38290
38290
38290
38290
38290
38290
38290
38290
38290
38290
38549
38819
39022
39484
39484
39484
39741
39759
39759
39846
39846
39846
39927
39966
39970
40361
40462
40490
41271
41273
41635
41712
41712
41712
41979
42001
42003
42211
42669
42671
42686
42687
42737
42737
42960
42960
42998
43133
43451
43454
43662
43879
44135
44812
44832
44832
44853
45272
45275
45665
45702
45704
45725
45792
46001
46075
46075
46075
46075
46075
46075
46075
46075
46075
46075
46075
46075
46075
46307
46307
46539
46551
46551
46553
46565
46576
46576
46576
46830
46894
47118
47118
47125
47186
47191
47240
47531
47531
47543
47543
47543
47543
47543
47543
47609
47609
47609
47624
47636
