464
510
1763
2241
3004
3646
4049
4983
5186
5413
5575
5752
5767
6054
6738
6898
6959
7298
8281
8281
8723
8857
8857
8985
8985
8985
8985
8987
10954
11925
12437
12439
13003
13486
14063
14420
14420
14530
15350
16004
16004
16520
16520
16648
17484
17611
17611
17620
18106
18279
18302
18952
19295
19538
19996
20116
20269
21494
21944
23610
23944
24710
24875
24875
24875
24875
25044
25048
25111
26332
26332
26462
26646
26663
26663
27770
28408
28613
28613
28613
28613
28613
28613
29186
30464
31003
32055
32373
32375
32858
33051
33577
33591
33919
34227
34905
35340
35829
35829
36575
36968
37110
37570
37931
38310
38960
39530
40490
41525
42470
43562
43856
43984
44518
44943
45153
46333
46471
46480
46884
46884
46884
46884
46884
47030
47186
47204
47531
47531
47531
47531
47531
