133
142
482
689
820
820
1324
1346
1364
1563
2135
2331
2362
2767
2993
3009
3077
3498
5699
5752
5752
5752
5752
5752
5752
5753
5753
6035
7588
8208
8231
8281
8724
8986
9411
9415
9415
9415
9415
10305
10504
10504
10682
11298
11777
11777
11777
11787
11951
13350
13474
13897
14021
14021
14608
14640
15182
15182
15426
15426
16406
16595
16920
17484
17484
17484
17611
17611
17611
17985
18279
18279
18279
18279
18998
19238
19673
19996
19996
19996
20192
20192
20192
20192
20192
20192
20192
20192
20192
20202
20246
20250
20480
20480
20482
21877
22070
22070
22570
22570
22908
22908
22908
22910
22910
23750
23750
24098
24179
24702
24708
24875
25313
25468
25609
25609
25622
25713
25713
25713
25713
25713
25713
25713
25713
25713
26462
26523
26525
26856
26939
27528
28424
28424
28434
28800
29186
29186
29186
29186
29186
29387
29387
29387
30012
31078
31078
31430
31461
31461
31480
31533
31756
32190
33454
33614
33641
33648
34418
34784
35400
35486
35733
35734
35752
35827
35829
35829
36262
36518
36518
36518
36518
36739
36930
37107
37107
38191
38284
38284
38284
38284
38284
38284
38284
38284
38284
38284
38284
38290
38290
38290
38290
38290
38720
38794
38879
38879
39037
39148
39153
39157
39422
40045
40154
40667
41126
41432
41985
42536
42536
42536
42536
42536
42790
42791
42794
42960
42978
43278
43339
43562
43562
43562
43562
43562
43688
43688
44094
44825
45291
45681
45865
45865
45869
45870
46330
46884
47038
47366
47539
