8
8
8
154
157
373
392
440
1346
1346
1429
1429
1510
1510
1510
1725
1737
1972
2055
2144
2243
2243
2516
2595
2728
2884
2884
2884
2884
2920
3009
4137
4186
4654
4813
4813
4866
4866
4870
4870
4870
5186
5368
5539
5539
5539
5539
5539
5565
5565
5565
5568
5575
5575
5821
5821
5821
6082
6158
6158
6158
6158
6158
6158
6447
6851
6885
6886
7035
7154
7584
8208
8226
8231
8231
8231
8231
8767
8777
8878
8878
9349
9364
9411
9420
9420
9420
9420
9893
10192
10630
10962
10966
11188
11663
11781
12393
12564
12977
12977
12977
12977
12977
13212
13301
13343
13360
13596
13961
14021
14021
14809
15083
15209
15392
15392
15910
15910
15922
16004
16004
16022
16083
16203
16361
16497
16502
16512
16595
17098
17945
18039
18061
18061
18061
18061
18061
18061
18061
18079
18466
18466
18480
18842
18842
18842
18843
18944
19174
19453
19453
19647
19662
19717
19996
20023
20023
20023
20023
20023
20023
20023
20251
20257
20257
20257
20257
20273
20273
20273
20273
20273
20295
20968
21107
21193
21193
21193
21193
21193
21339
21462
21494
21759
21759
22376
22838
23944
24165
24399
24406
24590
24620
24620
24652
24875
24875
24875
24875
25468
25609
25609
25820
25911
26179
26370
26379
26384
26461
26461
26461
26719
26909
27084
27247
27290
27392
27472
27550
27606
27807
27836
28060
28256
28266
28380
28424
28613
28613
28613
28613
28613
28766
29300
29387
29391
29519
29519
29519
29698
29705
29878
30634
30976
31461
31480
31763
31763
32181
32691
32902
33124
33136
33136
33199
33215
33258
33499
33499
33641
33749
33909
34257
34528
34528
34785
34788
34788
34965
34965
35489
35645
35645
35679
35912
35915
35961
35967
36102
36320
37107
37107
37107
37107
37107
37107
37107
37107
37389
37389
37422
37517
37866
37889
37928
38223
38305
38706
38735
38960
39055
39990
40421
40421
40421
40421
40421
40514
40644
41052
42102
42102
42102
42102
42102
42794
42960
42960
42960
42983
43272
43300
43632
43632
43854
44870
45231
45275
45611
46075
46202
46471
46480
46884
46884
47039
47531
47531
47531
47531
47531
