8
320
444
447
447
447
471
508
634
975
975
975
975
975
975
975
1340
1396
1502
1510
1737
2118
2332
2616
3077
3555
3792
4084
4154
4186
4186
4186
4186
4316
4691
4691
4813
5035
5099
5101
5186
5186
5295
5295
5753
5784
6214
6214
6248
6366
6407
6559
6745
6898
6905
7039
7176
7176
7176
7430
7439
7439
7563
7563
7563
7563
7563
7563
7567
8040
8040
8228
8303
8317
8801
9035
9349
9372
9508
9508
9893
10331
10334
10484
10484
10590
10590
10590
10590
10590
10966
11457
11468
11638
11638
11638
11638
11638
11638
11759
12553
12758
12758
12977
12977
13060
13219
13344
13346
13497
13497
13721
13721
13721
13838
13915
14052
14063
14063
15028
15058
15059
15392
15469
15608
15913
16004
16025
16403
16920
17037
17108
17579
17579
17620
17913
17985
18061
18061
18278
18300
18300
18300
18305
19120
19286
19295
19453
19647
19647
19963
20105
20233
20656
21143
21337
21443
21567
21744
22131
22147
22147
22147
22153
22161
22455
22570
23312
23568
23705
23944
23944
24096
24196
24196
24406
24614
24652
24706
24793
24975
24975
24975
25166
25468
25468
25814
25814
26053
26195
26525
26663
26991
27146
27365
27528
27768
28060
28424
28424
28424
28424
28424
28424
28425
28425
28613
28613
28867
29306
29306
29306
29306
29602
29878
29985
30279
30280
30635
30965
31053
31228
31228
31701
31701
31838
31838
32180
32415
32415
32415
32415
32891
32958
32958
32958
32958
32958
33199
33256
33258
33276
33387
33454
33454
33495
33594
33749
33749
33771
33993
33993
33993
34258
34413
34513
34537
34714
34721
34961
34966
35341
35901
35917
36195
36320
36320
36400
36775
36775
37063
37147
37540
37837
38316
38468
39492
39493
39493
40045
40203
40437
40829
40918
41394
41525
41527
41596
41662
41662
41662
41712
41895
41895
41931
41996
42010
42263
42263
42511
42644
42649
42960
42960
42960
42960
43339
43348
43469
43469
43562
43562
44765
45004
45223
45272
45548
45548
45649
45883
46359
46441
46471
46576
46596
46884
46884
47363
47531
47531
47531
47531
47543
47543
47761
