458
779
836
897
1346
1971
2569
2993
3062
3066
3066
3066
3066
3308
3308
3308
3827
4049
4049
4084
4802
4802
4805
4805
4866
5118
5565
5767
5823
5823
6163
6251
6959
7035
7160
7176
8136
8151
8750
8802
9022
9070
9470
9708
9708
10076
10143
10284
10479
10504
10516
10580
10655
10682
10858
11193
11811
11828
12467
13075
13075
13075
13302
13474
13474
13598
13915
14326
14606
14615
14893
14911
14940
14992
15644
15913
16283
16402
16752
16929
17492
17496
17496
17496
17496
17499
17499
17499
17499
17504
17611
17619
17753
17753
17757
17985
17985
18129
18172
18190
18278
18476
18898
19052
19961
19996
19996
20023
20023
20105
20251
20251
20251
20656
20847
21153
21153
21153
21153
21153
21153
21372
21538
21744
21914
22790
22941
23024
23183
23705
24169
24295
24372
24589
24614
24993
24993
25108
25108
25609
25609
25701
25820
25820
25820
25820
25820
25924
26179
26352
26370
27472
27472
27472
27472
27472
27649
27649
27649
27651
27768
27836
27836
27836
27963
28424
28424
28613
28613
28613
28613
29174
29245
29245
29245
29751
29785
29785
29785
29789
29789
29789
29798
30395
30589
30941
31242
31249
31443
31461
31461
31461
31461
31461
31461
31461
31667
32777
33029
33029
33133
33136
33136
33515
33648
33892
33892
34418
34427
34510
35831
36025
36027
36028
36090
36265
36265
36399
37339
37389
37389
37389
37400
37400
37531
37895
37920
38284
38312
38486
39013
40045
40045
40045
40051
40174
40429
40723
41052
41052
41401
41525
41594
42261
42384
42686
42687
42687
42766
42960
44001
44754
45141
45304
46047
46164
46330
46330
46333
46359
46359
46359
46359
46359
46359
46480
46480
46884
46884
46884
46892
47186
47186
47186
47204
47237
47531
47543
47543
47611
47611
47611
47611
47611
47611
47611
