249
279
447
780
1282
1315
1680
1680
1680
1680
1680
1680
1680
1972
2488
2730
2928
3062
3066
3100
3308
3715
3762
3762
3762
4013
4013
4013
4198
4198
4198
4979
5333
5539
5539
5539
5539
5539
5539
5539
5539
5565
5565
5568
5763
5763
5763
6076
6158
6158
6251
6251
6269
6422
6717
6717
6717
6717
6717
6905
7107
7160
7163
7253
7430
7439
8042
8187
8226
8317
8390
8390
8878
8878
8878
8985
8985
8986
8986
9001
9001
9001
9349
9411
10192
10201
10504
10504
10559
10559
10962
10962
10962
11304
11468
11777
11777
12553
12910
12910
12910
12910
12910
12910
12910
12910
13065
13081
13081
13081
13081
13219
13301
13600
13696
13852
13852
14063
14063
14066
14066
14396
14620
14647
15083
15273
15273
15274
15836
15913
16004
16792
16830
16830
16830
16830
16830
16975
17077
17077
17098
17098
17098
17098
17295
17611
17945
18061
18472
18764
19286
19538
20012
20023
20023
20192
20202
20967
20992
21146
21153
21153
21193
21193
21193
21195
21363
22131
22131
22131
22145
22147
22147
22147
22147
22147
22147
22147
22147
22422
22845
23187
23944
24028
24165
24358
24358
24358
24358
24358
24797
24816
24875
25580
25582
25582
25606
25609
26363
26991
26991
26991
26991
26991
26991
26991
26991
26991
26991
26991
26991
27073
27274
27277
27472
27533
28035
28266
28380
28424
28424
28613
28613
28613
28693
28693
28693
28693
28719
28719
28719
28719
28846
29412
29878
30678
30976
30980
31003
31076
31140
31228
31228
31228
31242
31242
31242
31461
31480
31480
31480
31480
31480
31609
31609
31730
32055
32055
32076
32180
32301
32344
32724
32724
32969
33156
33156
33299
33322
33380
33413
33593
33594
33641
33641
33648
33653
33749
33749
33749
33749
33749
33846
33919
34016
34417
34557
34713
34719
34823
35773
36393
36393
36399
36463
37270
37400
37554
37570
37570
37570
37570
37570
37643
37643
37643
37643
37643
37643
37643
37645
37654
37654
37654
37883
37883
38278
38284
38290
38290
38290
38290
38305
38325
39584
39621
39621
39621
39986
40048
40048
40963
41446
41525
41525
41525
41930
42167
42167
42169
42177
42187
42187
42187
42192
42198
42371
42429
42444
43100
43255
43326
43941
44094
44852
44853
45511
46363
46441
46479
46596
46884
46884
46884
46884
46884
46884
46884
46884
46884
46884
46884
47195
47531
47531
47531
47531
47531
47531
47543
47543
