279
440
444
534
561
577
653
700
899
903
903
903
903
905
910
1315
1324
1346
1563
1969
2241
2263
2264
2264
2268
2389
2389
2389
2389
2389
2389
2389
2389
2389
2389
2389
2389
2389
2389
2389
2389
2592
2600
2870
2906
2907
2907
2993
3831
4013
4186
4929
5186
5186
5186
5186
5192
5295
5307
5307
5321
5346
5413
5539
5987
6082
6161
6407
6407
6407
6407
6407
6407
6519
6651
6651
6787
6899
6899
6917
7435
7552
8024
8197
8245
8384
8521
8563
8628
8771
8771
8800
8821
8889
8895
8898
8979
9003
9003
9278
9468
9468
9468
9468
9470
9504
9508
9508
9508
10190
10331
10548
10597
10666
10666
10678
10678
10699
10812
11141
11221
11765
11787
11790
11926
12393
13181
13212
13212
13317
13317
13317
13317
13317
13317
13317
13317
13317
13317
13317
13340
13372
13372
13372
13372
13444
13852
14062
14531
14647
14744
15059
15177
15257
15392
15608
16004
16004
16004
16031
16406
16481
16487
16512
16619
16687
16687
16857
17060
17103
17719
17719
17719
17750
17753
17756
17985
18061
18061
18061
18061
18061
18061
18061
18061
18079
18079
18711
18952
20251
20612
20612
20612
20913
20967
20979
21145
21158
21241
21456
21456
21559
21673
21764
21842
21944
21944
22175
22394
22397
22420
22422
22866
22946
22951
22951
22951
23024
23024
23024
23408
23568
23944
23960
24028
24049
24169
24169
24169
24169
24169
24179
24179
24179
24179
24179
24179
24236
24236
24236
24236
24262
24358
24372
24551
24594
24614
24676
24676
24706
24736
24744
24744
24774
24782
24793
24951
24952
25002
25044
25084
25084
25085
25602
25606
25820
25840
25840
25911
25911
25911
25911
25911
25911
25911
25911
25911
26122
26125
26397
26523
26525
26526
26526
26526
26978
26978
26978
27080
27080
27533
27533
27703
27807
28060
28060
28182
28408
28424
28434
28434
28613
28613
28693
28693
29002
29218
29218
29218
29223
29247
29300
29504
29635
29708
29875
29878
29878
30034
30055
30139
30163
30387
30398
30398
30634
30976
30976
30980
30980
31031
31045
31057
31228
31468
31522
31533
31640
31678
31689
31690
32090
32352
32388
32576
32596
32958
32958
33008
33158
33173
33246
33256
33267
33761
33770
33919
34057
34057
34104
34741
35062
35118
35118
35307
35373
35418
35491
35606
35733
35739
35777
35866
36138
36138
36332
36332
36332
36332
36332
36775
36881
36888
36896
37837
37837
37879
37903
37939
37940
38221
38266
38944
39016
39055
39080
39080
39080
39080
39080
39080
39080
39080
39080
39878
39927
39974
40014
40429
40507
40507
40514
40531
40574
40581
40723
40723
40723
41142
41142
41168
41268
41535
41895
41895
41991
41992
42061
42251
42439
42580
42644
42685
42686
42687
42699
42718
42960
43088
43398
43637
43637
43737
43737
43737
43737
43737
43737
43739
43739
43740
43893
44053
44078
44094
44729
44812
45272
45758
45960
46159
46330
46414
46433
46441
46441
46480
46668
46668
46867
47027
47039
47055
47183
47237
47275
47531
