142
279
279
282
323
331
533
533
779
899
1364
1725
1726
3751
4007
4049
4518
6082
6082
6905
7154
7163
7163
7163
7163
7163
7710
7723
8245
8303
8342
8511
8511
8515
8628
9349
10340
10597
10922
10922
10954
11022
12384
12871
12930
12930
12930
13301
13344
13444
13444
13729
13772
13801
13852
14115
14115
14869
14941
15032
15349
15392
15392
17830
18061
18061
18061
19304
19792
19792
19880
21180
21218
22017
22070
22253
22972
23187
23422
23705
24098
24165
24554
25044
25468
25468
25820
26525
27084
27084
27445
27472
27528
27533
27533
27533
27697
27807
28387
28613
28613
28613
28613
28693
28790
29196
29306
29937
29985
29985
29985
30060
30722
30722
30722
30941
30941
30941
30941
31017
31057
31102
31249
31249
31504
31504
31533
31533
32091
32991
33258
33258
33522
33647
33657
34258
34258
34713
34961
35410
35621
35684
35773
37107
37107
37107
37107
37139
37531
37531
37531
37531
37531
37531
37531
37531
37532
37683
37866
37940
38305
39157
39157
39157
39484
40351
40507
41275
41311
41340
41525
41895
41895
41895
41895
42013
42179
42179
42179
42364
42777
42841
42992
43200
43255
43272
44337
44337
44819
44836
45272
45275
45275
45960
45968
45968
45968
45969
45969
46414
46433
46596
46676
46884
46884
46884
47281
47531
