142
375
375
377
594
594
597
1165
1324
1340
1346
1346
1346
1772
1772
1971
2034
2575
2575
2577
2737
2781
2928
2957
3143
3476
3487
3557
4013
4117
4117
4117
4117
4118
4119
4119
5630
5764
5972
5972
6035
6082
6251
6261
6884
6884
6884
7426
7476
7546
7560
7587
7633
7633
7633
7633
7633
8123
8238
8317
8384
8384
8385
8390
8438
8508
8563
8800
9031
9043
9043
9043
9043
9043
9043
9043
9049
9106
9192
9289
9819
9822
9827
10444
10444
10444
10444
10444
10444
10504
10504
10504
10504
10504
10504
10504
10516
10597
10851
10966
11277
11278
11278
11304
11310
11462
11481
11574
11649
11649
11649
12364
12564
12713
12771
12771
12771
12780
12780
13302
13303
13340
13346
13414
13444
13444
13444
13756
13805
13852
13852
13968
14064
14075
14585
14587
14612
14917
14943
14946
14947
14948
14957
15211
15256
15532
15537
16004
16287
16362
16406
16578
16636
16687
16687
16687
17099
17099
17545
17940
17985
17985
17985
18039
18039
18460
18460
18460
18466
18466
18546
18764
18764
19453
19662
19838
19838
20251
20295
20659
20662
20662
20838
20838
20868
21241
21293
21773
21773
21773
21840
21900
21973
22017
22070
22205
23568
23736
23881
23881
24105
24147
24148
24150
24165
24179
24367
24367
24367
24761
24761
24761
24761
24908
25051
25158
25182
25182
25182
25606
25887
26077
26077
26077
26082
26082
26179
26356
26356
26356
26379
26381
26381
26381
26425
26464
26523
26525
26711
26719
27232
29166
29251
29251
29262
29306
29496
29535
29569
29575
29603
29851
29878
29878
29878
29878
29878
29937
30055
30314
30314
30314
30314
30314
30315
30315
30315
30396
30746
30746
30746
30750
30750
30750
30750
30941
31015
31015
31040
31228
31480
31480
31487
31490
31533
31802
32301
32301
32301
32467
32470
32596
32598
32864
33156
33156
33259
33380
33380
33380
33413
33617
33617
33642
33845
33845
33846
33846
34016
34330
34338
34346
34354
34418
34463
34503
34511
34532
34532
34532
34532
34537
34537
34537
34537
34537
34537
34537
34537
34537
34537
34537
34620
34714
34714
34719
34847
34847
34847
34847
35171
35174
35190
35190
35340
35606
35606
35645
35645
35645
35645
35645
35773
35773
35773
35776
35796
35919
35922
35967
35967
35971
36320
36320
36754
37214
37215
37416
37554
37554
37554
37554
37570
37570
37570
37625
37625
37625
37625
37625
37625
37625
37625
37628
37631
37631
37631
37631
37631
37839
38325
38476
38706
38794
38798
39184
39184
39422
39778
39806
39970
39970
40351
40431
40523
40552
40561
40667
40828
41045
41052
41066
41066
41067
41067
41067
41067
41067
41067
41067
41067
41067
41074
41074
41268
41271
41271
41508
41527
41533
41560
41621
41664
41664
41897
41910
41910
41910
41910
42102
42102
42211
42213
42429
42493
42513
42523
42523
42644
42686
42992
42992
42992
43175
43175
43272
43639
43639
43688
43688
43688
43688
43688
43688
43688
43688
43688
43693
43693
43693
43823
44094
44877
44979
44979
44981
45272
45406
45485
46433
46441
46441
46441
46480
46480
46565
46670
46758
46781
46884
47183
47183
47224
47531
47531
47531
47543
47566
47617
47688
