440
440
440
444
510
510
801
1315
1510
2101
2491
2748
2938
2938
2938
2938
3286
3394
3394
3394
3394
3394
3444
4154
4651
4862
5413
5767
6291
6524
6717
6959
7154
7280
7570
8025
8040
8162
8203
8230
8317
9411
9411
9470
9706
10301
10301
10301
10301
10337
10337
10504
10504
10569
11649
11649
11650
11650
11650
12871
13075
13075
13076
13083
13771
13774
13777
13838
14124
14215
14215
14640
14640
14640
14809
15230
15676
15678
15850
16004
16488
16488
17295
17295
17295
17295
17475
17475
17475
17475
17475
17750
18125
18971
19176
19662
19916
19996
19996
20202
20992
22783
23944
24028
24028
24358
24358
25108
25468
25616
25644
25644
25644
25646
25697
25697
25859
25859
26358
26358
26363
26425
26548
26548
26548
26548
26548
26548
26877
28285
28336
28719
29595
29878
30389
30722
31210
31228
31228
31228
31228
31228
31228
31228
31228
31228
31228
31228
31228
31480
32055
33343
33515
33749
34892
35060
35424
35492
35645
35645
35645
35648
35648
35652
35677
37107
37107
37107
37107
37958
39055
39282
39537
40351
40351
40351
40523
40998
40998
40998
41979
41985
41996
42960
42960
43164
43416
43879
43879
44853
46330
47113
47118
47118
47118
47118
47118
47118
47118
47118
47120
47120
47186
47186
47199
47204
47531
47531
47543
47543
