444
444
444
444
749
1271
2125
2144
2250
2847
2928
2989
2993
3696
3755
3764
4186
4375
4642
6035
6898
6905
7714
8204
8777
8807
8986
9246
9411
9420
9420
9420
9420
10143
10954
10969
12553
12973
12973
12977
13344
13961
13961
14063
14104
14917
15349
16004
16480
17077
17108
18061
19453
19453
19453
20011
20011
20011
20012
20012
21187
23855
24262
25609
26523
26525
26991
28613
28613
28613
28613
28655
28693
29751
30976
31461
31461
31461
31461
32055
32173
32743
33114
33119
33199
33215
33594
33641
33647
33749
34965
35027
35380
35679
35741
37107
38290
39080
40159
40489
40685
40685
41525
41527
41895
43505
43509
43893
44006
44094
45272
46472
46480
46884
47204
47543
47543
