142
440
447
447
447
447
671
1323
1323
1340
1346
1392
2118
2928
3077
4013
4186
5242
5263
5307
5307
6082
6082
6163
6223
6693
7207
7579
7723
8226
8230
8279
8281
8345
8356
8664
8908
9452
9470
9504
9801
9801
9801
9865
10305
10407
10444
10465
10516
10559
10666
10816
11227
11415
11468
11468
11649
12456
12456
12899
12900
12900
12900
13065
13212
13349
13502
13625
13643
13721
13782
13782
13838
13852
13852
13915
14063
14099
14148
14531
14606
14717
14820
15018
15083
15229
15256
15349
15502
15809
15913
15979
16004
16004
16004
16403
16463
16520
16901
17060
17108
17145
17167
17499
17611
17700
17753
17846
17945
18061
18061
18061
18061
18079
18079
18420
18523
18558
18944
18971
19303
19360
19453
19647
19772
19838
20028
20474
20771
20909
20992
20999
21000
21042
21091
21143
21326
21337
21339
21339
21339
21339
21339
21339
21339
21339
21339
21480
21677
22131
22133
22147
22147
22147
22147
22277
22397
22783
22790
22790
22790
23024
23568
23705
23705
23705
23705
23722
23722
23944
23954
24196
24399
24620
24676
24875
25102
25291
25468
25602
25609
25840
25933
26179
27080
28060
28265
28323
28604
28613
28666
28666
28693
28693
28800
29252
29689
30052
30297
30722
31057
31228
31461
31461
31487
32091
32091
32092
32101
32147
32386
32521
32521
32732
33051
33114
33136
33299
33309
33311
33314
33523
33626
33641
33652
34557
34585
34720
34721
34769
34785
34847
34961
34965
35332
35912
36332
36463
36511
37437
37883
37883
37883
37883
37883
37883
37883
37883
37889
37895
37896
37920
38165
38290
38305
38325
38407
38539
38545
38545
38894
38988
39226
39227
39621
39692
39754
40605
40605
40605
40605
40605
40605
40605
40605
40605
40605
40605
40605
40605
40605
40605
40605
40605
40605
40605
40605
40605
40605
40605
40614
40715
40723
40874
40918
41187
41525
41525
41525
41660
41979
41979
41979
42001
42001
42109
42109
42109
42109
42364
42364
42580
42650
42669
42766
42777
42777
42793
42794
42829
42960
43168
43272
43309
43326
43398
43398
43856
43870
43931
44046
44152
44306
44416
44652
44822
45053
45233
45272
45272
45431
45767
45869
46001
46075
46075
46164
46433
46480
46480
46551
46551
46804
46884
46884
46884
46884
46884
46884
46884
47090
47192
47195
47224
47224
47275
47531
