440
1503
1982
2070
2282
2332
2731
2938
3066
4654
4983
5367
6082
7034
7588
8611
8759
8759
8800
8908
8908
9707
10337
10369
10369
10559
10597
10597
10597
10803
11777
12819
13343
14396
14869
15032
17753
19033
20023
20023
20167
21241
22397
23266
23266
23568
24654
25813
26991
26996
28060
28060
28060
28424
28613
28613
28642
29698
29698
29698
29698
30848
31003
31015
31468
32055
32301
32692
33114
33314
33314
33314
33322
33322
33322
33591
34413
34557
34696
34721
35410
35584
35621
35886
35912
35912
35967
36575
37070
37092
37092
37619
37632
38798
38798
39055
39390
40655
40655
40723
40918
41271
41319
41895
41895
42293
42686
43153
43255
43255
43948
45005
45067
46471
46685
47286
