323
444
444
748
903
903
903
903
904
904
904
1502
2082
2082
2082
2885
2885
2885
2885
2984
3694
3762
3775
3775
4623
4623
4623
4623
4623
4623
4623
4623
4651
4651
4651
4651
4651
4654
4654
5295
5295
5307
6082
6346
6346
6346
6407
8185
8303
8303
8307
8307
8356
8356
8356
8809
8895
9045
9266
9266
9483
9483
9922
9922
9922
10144
10389
11136
11136
11318
11415
11415
11415
11418
11422
11790
11790
11790
11790
11796
12435
13546
13771
13774
13774
13842
13842
13842
14133
14133
14824
15036
15319
15319
16047
16406
16406
16406
16770
16770
16770
16770
16770
16770
16772
16772
16773
16773
16773
16773
16774
16774
16775
16775
16775
16775
17097
17753
18061
18061
18278
18278
18558
19432
19432
21147
21339
21339
21775
21897
22163
22163
22166
22394
22395
22395
24875
24875
25606
25606
25606
25606
25609
25776
25911
26125
26179
26179
26179
26358
26363
26363
26363
26525
26525
26737
26737
27080
27080
28492
28613
28613
29245
29247
29247
29498
30024
30024
30024
30629
30629
30888
30889
31003
31003
31025
31077
31077
31077
31077
31078
31078
31078
31606
31624
31624
31624
31624
31624
31624
31624
31624
31624
31624
33114
33118
33215
33459
33459
33527
33641
33642
33642
33647
33653
33657
33657
33749
33749
33887
33887
33887
33887
33896
33989
33989
34238
34238
34238
34238
34238
34238
34238
34239
34964
35042
35042
35202
35334
35489
35888
35888
36332
36332
37866
37879
37879
37879
37879
37879
37879
37879
37879
37883
37883
37883
37978
37985
38290
38290
38290
38290
38290
38441
38441
38441
38441
38441
38441
38483
40507
41142
41142
41173
41173
41196
41196
41196
41196
41196
41211
41211
41211
41227
41979
41985
42389
42389
42691
42960
43562
43562
44608
44874
45275
45966
45966
46660
46772
46772
46781
46781
46781
46781
47053
47053
