303
330
351
461
1544
1830
1831
1893
2006
2137
2476
2868
2988
3565
3565
3843
3843
4382
5479
5557
5842
5891
6169
6855
7093
7104
7104
7107
7438
7863
7889
8403
8624
8874
8942
9828
10299
11218
11382
11911
12198
12201
12359
12628
13931
14204
14204
14380
14414
14669
14941
15138
15527
16013
16118
16275
16478
16522
16553
16885
16976
17005
17022
17095
17188
18056
18056
18350
18561
18762
18834
18900
18921
19055
19056
19456
19705
19755
20015
20351
20906
20992
21206
21473
21598
22320
22602
22644
22907
22922
22922
23052
23052
23296
23468
23707
23707
23707
23707
23707
23835
23909
24205
24205
24267
24267
24783
24783
25420
25759
25799
25871
26417
27084
27084
27164
27633
28039
28378
28396
28432
28615
28616
28628
28686
28971
29449
29467
29568
29922
30087
30231
30243
30248
30330
30368
30509
30533
30591
30759
30951
31437
31643
32028
32334
32336
33462
34211
34596
34632
34707
35595
35750
35750
35957
36213
36213
36491
37068
37365
37365
37385
37732
37933
38443
38466
38466
38466
38837
38862
40006
40012
40117
40126
40128
40128
40162
40635
41202
41292
41314
41314
41745
41761
41856
