193
201
219
336
884
895
965
1040
1061
1061
1061
1072
1072
1186
1187
1309
1829
2131
2153
2294
2294
2302
2561
3261
3267
3522
3843
3868
3933
3933
3933
3979
4011
4129
4263
4290
4474
4474
4476
4505
4783
4908
4908
4908
4908
4975
4975
4975
5056
5056
5056
5270
5390
5472
5597
5616
5616
5636
5863
5863
5863
5863
5865
5865
5914
6006
6008
6037
6172
6192
6237
6278
6278
6612
6612
6612
6738
6738
6738
6757
6984
6984
7004
7104
7503
7528
7663
7826
7877
8019
8168
8242
8657
8799
8817
8817
8930
8942
9010
9048
9073
9073
9073
9073
9180
9187
9257
9469
9469
10078
10376
10540
10927
11162
11223
11309
11674
11776
11931
11931
11954
12027
12081
12337
12359
12495
12627
12635
12679
12932
12936
13021
13255
13273
13277
13281
13421
13562
13897
14167
14277
14380
14435
14435
14485
14503
14798
14850
14965
14969
14969
15036
15127
15138
15277
15290
15291
15291
15291
15291
15306
15619
15619
15674
15809
15809
15809
15809
15809
15811
15879
15932
15994
16042
16042
16059
16092
16206
16270
16270
16299
16383
16397
16421
16421
16421
16422
16422
16422
16500
16564
16635
16660
16760
16819
16835
16835
16866
17003
17051
17137
17316
17316
17377
17419
17519
18118
18130
18149
18214
18252
18465
18498
18552
18649
19008
19087
19163
19427
19463
19538
19684
19799
19897
19897
20039
20043
20094
20136
20267
20731
20741
20741
20867
21021
21021
21021
21021
21050
21075
21240
21263
21263
21314
21321
21331
21338
21338
21338
21338
21481
21481
21489
21709
21828
21860
21902
22280
22352
22616
22644
22644
22644
22646
22674
22676
22691
22691
22773
22922
22922
23010
23189
23393
23520
23520
23719
23763
23804
23926
23978
24064
24064
24064
24064
24205
24230
24230
24412
24523
24523
24682
24684
24684
24783
25100
25313
25313
25704
25722
25776
26031
26033
26033
26033
26072
26218
26218
26263
26327
26330
26340
26408
26440
26521
26614
26793
27023
27023
27030
27036
27066
27066
27090
27528
27747
27879
27884
28157
28200
28353
28378
28492
28497
28589
28605
28696
28698
28738
28738
28789
28891
28995
28995
28998
29077
29174
29223
29301
29371
29397
29423
29449
29449
29467
29513
29537
29537
29562
29908
29922
30035
30088
30127
30132
30211
30211
30211
30231
30231
30231
30231
30231
30234
30234
30302
30406
30509
30533
30592
31038
31265
31265
31266
31269
31457
31500
31888
31935
32091
32165
32261
32404
32404
32519
32626
32637
32684
32755
32758
32905
33655
33822
33822
34419
34628
34707
34853
34853
34954
34954
34954
34962
35042
35155
35175
35175
35175
35353
35459
35459
35460
35590
35616
35663
35747
35748
35843
35895
36016
36016
36213
36213
36272
36545
36834
37304
37305
37332
37401
37401
37505
37506
37506
37506
37508
37508
37508
37512
37529
37670
37825
37869
37941
38278
38457
38474
38538
38542
38542
38574
38682
38834
39087
39088
39289
39432
39443
39639
39639
39639
39711
40009
40028
40028
40028
40107
40254
40693
40813
41046
41172
41311
41319
41319
41321
41510
41556
41598
41598
41598
41615
41615
41615
41615
41615
41636
41675
41675
41896
