219
341
978
1186
1190
1190
1699
1699
1699
2097
2100
2244
2260
2260
2260
2269
2651
3054
3274
3500
3599
3807
3807
4292
4836
5009
5009
5009
5009
5009
5009
5009
5431
5431
5823
5914
5914
5914
5914
5914
5914
5914
5914
6104
6143
6143
6152
6152
6158
6488
6997
7120
7120
7503
7565
7571
7642
7642
7642
7701
7752
7752
8016
8053
8136
8942
9048
9449
9449
9809
10335
10397
10421
11759
11759
12391
12486
12635
12635
13021
13057
13057
13057
13057
13057
13057
13057
13075
13075
13255
13255
13255
13281
13388
13979
14414
14414
14506
15129
15131
15131
15223
15223
15243
15361
15361
15361
15994
16118
16163
16956
16956
17005
17137
17137
17164
17435
18130
18241
18693
19228
19286
19286
19516
19869
19876
19897
20121
20133
21860
22064
22196
22356
22356
22640
22644
22808
22808
22808
23059
23165
23306
23763
24111
24567
24567
24567
24746
25127
25127
25127
25420
25458
25779
25886
25887
26079
26079
26233
26233
26266
27074
27084
27084
27134
27195
27482
27803
27912
28022
28022
28378
28616
28622
28622
28622
28713
28738
28770
28809
28893
29339
29339
29339
29355
29357
29467
29568
29583
29583
29583
29583
29583
29583
29597
29804
29804
29804
30029
30029
30087
30293
30376
30465
30465
30533
31256
31296
31318
31318
31318
31398
31399
31496
31496
31551
31983
32028
32028
32028
32159
32165
32520
32621
33044
33166
33166
33461
33663
33663
34278
34291
34333
34340
34648
34853
34943
34986
35085
35167
35298
35298
36372
36373
36388
36394
36420
36445
36770
37332
37336
37338
37338
37825
38289
38295
38295
38298
38533
38533
39711
39849
39849
40023
40028
40127
40229
40366
40498
40709
40709
41160
41161
41231
41231
41299
41299
41734
41734
41745
