289
1170
1829
2153
2475
2803
2804
2804
2840
3057
3480
3541
3596
3655
4552
4954
5842
5923
7104
7104
7506
8493
9583
9933
10882
11943
12332
12332
12365
12994
12994
13537
13936
13937
15138
15788
16283
16372
16372
16457
16635
16636
17002
17002
17377
17405
17405
17405
19657
19674
20043
20043
20445
20445
21862
22854
23203
23205
23733
23851
24205
24500
24615
24746
24895
24895
24895
24895
24895
24896
25898
26031
26072
26072
26327
26340
27134
27307
27747
27786
27803
27877
27879
27879
28500
28713
28713
29246
29460
29460
29461
29549
29800
30211
30376
31026
31590
32762
34842
34954
35587
35843
35843
35863
35863
35863
35863
35865
36213
36213
36213
37172
37228
37537
37556
38081
38081
38871
39079
39470
39863
39985
39985
39989
40028
40098
40103
40813
40852
41764
