257
336
363
635
772
772
871
948
983
1252
1276
1413
1706
1740
1740
1829
1956
2011
2249
2302
2302
2430
2555
2560
2693
2714
2724
2724
2724
2939
2974
3086
3303
3422
3425
3464
3480
3663
3843
3843
3843
4149
4314
4314
4343
4461
4461
4525
4823
4865
5011
5291
5292
5557
5596
5596
5616
5616
6158
6158
6158
6386
6386
6485
6485
6491
6738
6774
6837
6837
7014
7060
7060
7093
7097
7097
7097
7097
7097
7112
7144
7144
7401
7422
7503
7854
8021
8037
8056
8106
8182
8182
8216
8216
8216
8227
8657
8657
8657
8817
8817
8817
8862
8911
8926
9125
9125
9445
9469
9469
9518
9518
9547
9550
9588
9600
9663
9679
9781
9883
9956
10297
10297
10325
10358
10586
10586
10586
10586
10586
10586
10586
10586
10586
10586
10586
10669
10669
10756
10756
10790
10942
11223
11223
11223
11309
11385
11422
11566
11716
11776
11881
12033
12358
12358
12358
12358
12359
12431
12885
12979
13057
13136
13243
13243
13530
13644
13647
13741
13947
14108
14309
14413
14439
14650
14823
15026
15026
15026
15129
15129
15387
15527
15527
15626
15627
15787
15851
15851
15869
16015
16033
16033
16033
16042
16059
16153
16277
16552
16552
16660
16772
16835
16850
16986
17003
17088
17137
17137
17137
17137
17164
17170
17316
17316
17316
17316
17551
17607
18152
18237
18792
18980
19520
19520
19624
19643
19786
19811
19811
19812
19987
20267
20414
20414
20434
20434
21033
21120
21448
21503
21524
21973
22030
22135
22286
22357
22373
22554
22554
22644
22644
22835
22849
22922
23168
23393
23393
23492
23516
23520
23520
23524
23558
23651
23733
23733
23733
23733
23852
23977
24036
24056
24064
24064
24078
24203
24203
24203
24205
24205
24205
24214
24217
24233
24233
24309
24318
24382
24382
24412
24420
24473
24494
24745
25160
25639
25800
25800
25801
25803
25803
25858
25858
26031
26031
26031
26033
26148
26460
26715
26715
26715
27084
27084
27084
27097
27164
27249
27249
27249
27268
27347
27729
27762
27769
27831
27879
27999
28397
28424
28424
28424
28432
28646
28698
28774
28798
28908
28915
28915
28915
29077
29077
29097
29182
29247
29261
29261
29449
29467
29478
29480
29549
29691
29691
29691
29906
29922
29949
30029
30127
30127
30127
30208
30364
30406
30406
30510
31398
31447
31447
31466
31547
31795
31963
32021
32021
32028
32086
32229
32414
32441
32474
32625
32637
32836
32893
32894
32894
32905
32905
33048
33054
33379
33416
33416
33416
33776
33822
33822
33822
33822
33822
33822
33822
33822
33822
33822
33822
33822
33851
34141
34141
34372
34853
34954
35033
35099
35138
35154
35175
35175
35175
35223
35237
35286
35337
35337
35342
35584
35586
35587
35587
35587
35587
35587
35628
35773
35773
35843
35843
35843
35843
35843
35875
35941
36025
36036
36089
36134
36178
36213
36213
36219
36388
36402
36490
36780
37029
37061
37061
37304
37332
37474
37480
37605
37605
37659
37682
38443
38659
38668
38772
38848
38884
38887
38887
38951
38951
39185
39230
39470
40006
40028
40115
40144
40346
40497
40682
40943
40946
40993
41441
41598
41614
41636
41674
41677
41751
