336
1016
1042
1189
1823
2455
2507
2560
3500
3543
3543
3543
3543
3565
3565
3565
3710
3844
4292
4301
4505
5011
5011
5527
5528
5720
5739
6158
6158
6158
6158
6158
6402
6562
6701
6993
7118
7120
7120
7120
7283
7285
7830
7844
7844
7849
7849
7861
7917
7928
7964
8047
8113
8252
8252
8252
8337
8532
8532
8533
8563
8861
8871
8871
9004
9169
9169
9392
9392
9428
9454
9454
9469
9545
9547
9550
9552
9668
9725
9933
10244
10325
10403
10677
11199
11300
11307
11307
11307
11425
11425
11480
11580
11655
11729
12027
12322
12358
12359
12446
12555
12574
12574
12574
12574
12574
12636
12654
12805
12807
12995
13140
13165
13166
13247
13273
13273
13273
13388
13513
13878
13896
13947
14204
14324
14330
14377
14414
14414
14414
14425
14595
15138
15500
15851
15851
15866
15932
15961
15963
16013
16042
16042
16042
16042
16042
16059
16098
16271
16299
16530
16636
16669
16678
17123
17126
17127
17127
17164
17164
17164
17164
17164
17338
18353
18353
18580
18694
18712
18743
18958
18973
18975
19078
19294
19364
19643
19703
19758
19790
19859
20020
20043
20113
20367
20369
20394
20414
20419
20419
20549
20549
21074
21220
21220
21374
21458
21481
21481
21481
21489
21503
21518
21520
21540
21603
21753
21839
21978
21978
22044
22156
22496
22595
22595
22595
22595
22595
22595
22595
22595
22595
22706
22706
22850
22850
22850
22882
23165
23165
23166
23733
24312
24382
24382
24625
24625
24626
24780
24783
25148
25160
25571
25643
25643
26030
26033
26186
26229
26261
26311
26319
26715
27019
27066
27117
27134
27150
27157
27164
27164
27652
27867
27868
28039
28039
28039
28128
28424
28424
28428
28432
28432
28432
28434
28434
28440
28440
28440
28440
28440
28509
28509
28553
28561
28684
28686
28696
28704
28704
28713
28713
28770
28800
28864
29097
29384
29467
29478
29478
29478
29478
29478
29478
29478
29480
29582
29629
29686
29687
29689
29818
29913
29922
29992
30042
30182
30182
30182
30182
30191
30293
30302
30308
30364
30387
30391
30406
30406
30406
30509
30509
30659
30749
30765
30878
30899
30996
31008
31076
31399
31553
31578
31714
31822
31822
31822
31822
31822
32077
32281
32346
32346
32367
32416
32465
32645
32866
33044
33153
33327
33601
33691
34653
34746
34798
34825
34825
34853
35033
35085
35128
35294
35640
35731
35750
35750
35750
35773
36022
36025
36025
36026
36032
36039
36039
36178
36208
36307
36855
37304
37319
37332
37332
37332
37332
37332
37400
37401
37480
37669
38125
38389
38389
38394
38394
38394
38443
38443
38927
38948
39600
39646
40006
40139
40426
40678
40693
40732
41314
41494
41499
41499
41499
41499
41704
41733
41735
41751
42018
