1829
2010
2153
2260
2260
2461
3483
3817
3817
3861
3861
4546
4783
5544
5952
6191
6191
6706
6782
8107
8168
9264
9382
9457
9469
10713
12158
13165
13903
14668
15026
15138
16013
16372
16698
16986
17000
17022
18642
18930
19235
20444
20755
21967
22286
22357
22602
22644
22922
24056
25025
25101
25145
25701
25704
25704
26031
26031
26284
26417
26715
27249
27945
28521
29097
29597
29602
30203
30276
31551
32028
32352
35298
35843
35874
36020
36039
36159
37332
37511
38936
39373
39432
39865
40813
41126
41224
41277
