507
1065
1065
1630
1630
2153
2312
2367
2693
2742
3483
3565
3967
4547
4547
4547
4547
4706
4706
4873
5147
5553
5557
5596
5736
5736
5739
6472
6706
6782
7425
7471
7642
7679
7694
7702
7808
8126
8155
8702
8702
8702
8702
8702
8763
8911
9060
9067
9075
9201
9445
9469
10540
10540
11529
11534
11538
11538
11793
11929
12127
12931
13179
13283
13414
13539
14324
14401
14414
15026
15138
15619
15851
15879
15936
16299
16772
16772
17003
18354
18354
18422
18422
18847
19236
19426
20760
20939
21359
21374
22460
22676
22882
22889
22889
22889
22994
23059
24197
24197
24197
24474
24497
24501
24746
24783
25143
25145
25148
25602
25665
26072
26255
26340
26340
26347
26347
26347
27084
27196
27249
27648
28686
28768
28908
29097
29295
29295
29295
29327
29382
29405
29640
29913
30088
30302
30869
30876
30876
31028
31141
31292
31292
32028
32028
32065
32495
32655
33134
33148
33149
33887
33941
33941
34248
34651
34706
34919
35050
35050
35175
36018
36213
36273
36378
36754
36859
36921
37332
37365
37365
37365
37481
37485
37834
38272
38389
38514
38784
39079
39274
39629
39770
40006
40127
40754
41046
41106
41224
41480
41563
41860
