869
1316
1824
2208
3522
3527
3532
3543
3572
3868
4493
4552
4989
5018
5371
5371
5627
5842
6278
6738
6851
6852
7120
7120
7120
7999
8344
8627
8636
8657
8817
9213
9795
10111
10586
12268
12627
12635
12964
12989
13049
13587
14228
14646
14646
14687
15576
15674
15674
15697
15737
15952
16042
16273
16749
16885
17111
17137
17528
17528
17528
17580
17941
18076
18359
19366
19681
19686
19747
20211
20405
20813
20816
21411
21576
22354
22354
22358
22358
22358
22358
22358
22358
22590
22699
22765
23016
23016
23161
23462
23763
23865
23899
24078
24203
24262
24360
24360
24380
24423
24501
24592
24783
25100
25100
26031
26072
27134
27137
27150
27249
27920
27920
28128
28452
28492
28713
28759
28906
29204
29261
29261
29261
29261
29283
29420
29421
29452
29568
29736
29736
29736
29736
29736
29736
29736
30029
30029
30029
30087
30088
30450
31265
31265
31269
31387
31842
32028
32300
32691
32905
34341
34874
35298
35342
35874
36213
36378
37026
37319
37474
37506
37506
37507
37508
37749
38389
38848
38877
39516
39646
39678
39681
40023
40028
40028
40085
40415
40415
40698
40698
40738
40738
41037
41037
41037
41049
41360
41370
41500
41586
41598
41734
41734
41734
42074
42074
42074
