672
969
1190
1805
2269
2269
2279
2840
3428
3655
3667
3667
3667
3667
3667
3667
3667
3667
3670
3757
3815
3816
3816
3816
3817
4562
4830
4838
5467
6489
6491
6508
6543
6855
6981
6993
7014
7104
7418
7523
8032
8102
8102
8104
8105
8105
8107
8151
8690
9018
9018
9494
9942
9942
10411
10486
11302
11485
12027
12393
14103
14350
14414
14414
14687
15131
15138
15138
15138
15138
15171
15576
15850
16299
16372
16598
16598
16598
17308
17316
17316
17372
17529
17529
17529
17632
17684
17963
17970
18231
18265
18758
18904
18916
19321
19372
19842
19888
19888
20098
20394
20445
21120
21241
21275
21338
21481
22003
22357
22849
23164
23468
24197
24197
24197
24205
24205
24205
24494
25192
25378
25420
25642
26033
26217
27084
27426
27426
28127
28440
28713
28746
28768
28893
29327
29506
30087
30087
30087
30302
30330
30364
30399
30533
31232
31325
31739
31739
31910
32260
32605
33149
33229
33971
34102
34125
34523
34598
34990
35085
35298
35875
36215
36219
37332
37400
37401
37401
37699
37779
38489
38489
38871
38877
38877
39032
39236
39236
39236
39638
39646
39711
40368
40714
40852
40860
40907
41049
41183
41589
41589
41761
41761
