112
244
339
339
340
584
775
1061
1121
1186
1187
1425
1749
1770
1770
1770
1829
1829
1991
2269
2945
3147
3474
3961
4149
4149
4149
4430
4430
4510
4732
5257
5291
5301
5301
5466
5627
6158
6158
6508
6543
6562
6700
7145
7654
7820
7917
7999
8401
8499
8624
8639
8874
8907
9258
9445
9445
9445
9469
9494
9568
9568
9795
9795
10325
10377
10411
10586
10586
10882
10965
11223
11793
11883
11883
11926
11954
11987
11991
12124
12307
12628
12637
12908
13044
13044
13044
13044
13057
13057
13135
13179
13179
13179
13255
13278
13374
13378
13477
13647
13751
14411
14414
14595
14603
14603
14809
14809
14965
15036
15452
15452
15622
16033
16033
16126
16186
16271
16271
16400
16753
16757
16835
16835
16835
17003
17003
17003
17003
17095
17111
17124
17338
17373
17529
17941
17941
17960
18065
18080
18448
19012
19178
19384
19741
19898
20066
20287
20434
20434
20434
20868
21092
21708
21766
21802
21932
22097
22097
22286
22352
22644
22657
22676
22721
22813
22907
22922
22922
22922
22922
22922
22922
22922
22922
22922
22944
22974
22974
22974
22988
23015
23015
23015
23015
23017
23026
23027
23301
23301
23301
23444
23468
23468
23492
23675
23751
23835
23852
23864
23926
23978
24038
24064
24064
24064
24069
24103
24205
24423
24423
24494
24744
24783
25005
25070
25079
25145
25148
25359
25370
25377
25420
25424
25424
25502
25643
25705
25736
25759
26014
26031
26039
26148
26242
26417
26417
26498
26581
26651
26719
26719
26896
27066
27635
27723
27730
27747
27762
27769
27863
27879
27879
27879
27879
27879
27879
27879
27879
28133
28260
28351
28378
28378
28424
28424
28432
28553
28585
28638
28649
28698
28698
28698
28789
29077
29077
29449
29449
29830
29895
29992
30017
30019
30049
30293
30302
30302
30406
30406
30457
30457
30457
30527
30533
30559
30972
31179
31478
31656
31675
31714
32229
32393
32393
32454
32520
33632
33761
33807
33822
33822
33822
33850
34052
34070
34071
34071
34074
34075
34332
34585
34684
34696
34707
34707
34818
34818
34818
34818
34818
34818
35034
35071
35085
35098
35128
35128
35175
35175
35175
35175
35183
35240
35300
35334
35587
35663
35663
36016
36213
36213
36213
36478
36478
37031
37110
37304
37401
37725
37725
37725
37726
37726
37726
37779
38443
38546
38694
38929
39279
39646
39646
39661
39865
40023
40028
40137
40145
40393
40497
40991
41131
41304
41304
41598
41675
41739
41795
41795
41807
41856
41883
41883
41883
