339
892
892
895
895
895
1121
1190
1190
1821
1821
2962
2962
3334
3655
5230
6278
6993
6993
7093
7093
7097
8053
8558
9445
9581
9664
9665
9847
10443
10443
10443
11793
11793
11793
11816
12576
13165
13165
13349
13349
14205
14414
14414
14414
15016
15026
15026
15026
15751
16691
17607
17607
18149
18149
18149
18149
18422
20792
21338
21338
21338
21800
22286
22286
22286
22407
22407
22697
22697
22697
23296
24976
25602
25921
26219
26252
26498
26719
26719
26732
26804
27084
27573
27867
28452
28525
28732
28732
30195
30211
30211
30211
30533
31164
32334
32480
32854
33417
34796
35175
35175
35175
35244
35244
36159
36159
36159
36213
37319
37319
37319
37332
37332
37332
37332
37332
37332
37508
38858
39863
