59
355
1545
2760
2763
2812
2999
2999
3012
3037
3541
4160
4305
4305
4305
4480
4480
4552
4552
5557
5808
5808
6402
7053
7153
7706
7706
7935
8019
8021
8098
9829
9912
9929
9929
9929
9929
9929
9932
9932
9932
9933
10604
10604
10935
10935
11111
11264
11565
11614
11908
12321
12446
12446
12772
12772
12772
12932
13057
13057
13273
13469
13493
13493
13677
13826
14595
14599
14599
14647
15353
15517
15804
15841
16300
16505
16505
16505
16691
17377
17443
17443
17443
17479
18120
19372
20098
20371
20414
20415
20428
20428
20442
21078
21470
21878
22286
22602
22644
22824
22890
22890
22890
22915
23479
23491
23491
23491
23631
23786
23786
23786
23926
24003
24003
24083
24197
24712
24712
24900
24900
24900
24901
24901
25435
25776
26186
26219
26715
27020
27066
27171
27171
27200
27307
29091
29223
29261
29261
29261
29266
29266
29449
29457
29707
29809
29922
29922
30738
31269
32098
32445
33495
33779
34488
34604
35220
35223
35484
35484
35484
35484
35484
36879
36932
37000
37122
37155
37480
37537
38478
38877
38917
39426
39803
40006
40061
40196
40294
40405
40949
41183
41290
41416
41622
41622
41745
41751
41751
