357
627
851
1190
1826
2260
3033
3040
3581
3783
4149
4154
4164
4566
4566
4566
4566
4652
5390
5616
5616
5643
5754
5809
6008
6063
6079
6162
6466
6894
7186
7321
7679
7943
8063
8063
8938
9313
9314
9314
9426
9426
9457
9469
9469
9469
9966
10366
10376
10377
11931
11931
12027
12307
12517
12517
12517
12517
12517
12517
12517
12518
12518
12518
12518
12518
12931
13281
13378
13826
13925
14194
14200
14205
14205
14310
14410
14460
14844
15003
15065
15101
15131
15131
15697
15932
16071
16400
16660
16835
17003
17005
17355
17435
17607
18119
19818
20800
20800
20975
21338
21338
21338
21503
21789
21789
21878
21878
22066
22279
22706
23189
23260
23494
23719
23719
23719
24309
24500
24520
25014
25059
25098
25098
25239
25411
25571
25665
25937
26031
26033
26760
26983
27066
27134
27648
27852
28378
28378
28585
28713
28753
28908
28970
29427
29431
29446
29449
29467
29467
29656
30191
30293
30302
30368
30450
30457
30465
30465
30527
30533
30533
30564
30591
30593
30594
30759
30903
31017
31018
31504
31858
32028
32119
32142
32609
32660
32782
32833
33017
33190
33379
33601
34842
34853
34942
34942
34974
35034
35085
35120
36213
36307
36738
37228
37238
37272
37401
37481
37534
37670
37880
38303
38406
38628
38694
38940
38946
38946
38948
39373
39381
39440
39646
39733
39761
39880
40027
40052
40270
40943
41172
41213
41596
41756
