208
219
219
332
416
456
465
470
1116
1125
1187
1190
1708
1728
1823
1829
1831
1831
1958
2100
2260
2455
2561
2821
2939
3064
3304
3323
3347
3431
3500
3735
3776
3844
3868
3868
3872
4011
4292
4351
4450
4472
4510
4593
4593
5768
5784
5826
6158
6237
6237
6237
6240
6296
6297
6464
6464
6550
6562
6669
6726
6849
7104
7104
7104
7107
7280
7321
7348
7661
7683
7685
7702
7832
7887
7917
8053
8053
8053
8441
8516
8533
8661
8871
8890
8907
8907
8942
9202
9445
9445
9445
9469
9547
9588
9588
9600
9678
9725
9814
9814
9959
9961
9972
10025
10025
10025
10377
10397
10503
10522
10661
10662
10663
10721
10737
10762
10765
10892
10970
11161
11173
11425
11425
11425
11816
11881
11881
11929
11929
11976
12009
12009
12191
12191
12199
12201
12201
12307
12307
12331
12331
12331
12359
12359
12359
12359
12359
12486
12486
12491
12829
12842
12987
13135
13135
13168
13170
13179
13205
13255
13273
13273
13291
14005
14011
14102
14205
14414
14417
14418
14668
14668
14962
15036
15036
15036
15080
15105
15131
15138
15520
15520
15658
15863
15868
16013
16014
16040
16271
16271
16321
16372
16378
16378
16687
16687
16687
16687
16779
17003
17003
17005
17081
17089
17090
17091
17143
17151
17164
17170
17316
17373
17417
17425
17427
17597
17941
17958
17958
18107
18109
18231
18237
18498
18517
18838
19116
19116
19350
19702
19904
19910
20419
20434
20864
20972
21220
21418
21481
21532
21683
21683
21738
21753
21832
21862
21862
21862
21976
21977
22097
22136
22348
22485
22485
22878
22882
22882
22882
22882
22882
22882
22882
22882
23733
23926
23957
24205
24309
24309
24388
24409
24423
24423
24494
24494
24501
24746
25134
25148
25372
25424
25424
25424
25450
25502
25571
25665
25759
25776
25803
25910
26031
26031
26033
26072
26261
26338
26338
26424
26424
26644
26644
26715
26983
26983
27016
27016
27023
27023
27023
27026
27030
27030
27035
27055
27066
27120
27164
27217
27217
27217
27217
27331
27572
27580
27580
27652
27722
27803
27803
27863
27863
27863
27867
27879
28128
28260
28361
28424
28424
28424
28424
28424
28424
28424
28432
28440
28440
28440
28585
28620
28686
28704
28714
29028
29123
29180
29180
29261
29261
29339
29457
29457
29457
29457
29513
29544
29578
29584
29584
29612
29893
29922
29922
29922
30127
30127
30302
30302
30368
30406
30406
30406
30406
30406
30465
30509
30527
30527
30527
30533
30533
30563
30752
30864
31032
31033
31362
31437
31482
31482
31482
31482
31482
31482
31482
31482
31482
31523
32096
32142
32151
32398
32637
32762
33044
33064
33070
33300
33417
33443
33601
33674
33798
33822
33822
34054
34632
34746
34760
34919
34932
34943
35085
35217
35342
35628
35663
35735
36121
36127
36150
36307
36386
36451
36872
36921
36925
36932
37100
37100
37101
37181
37310
37332
37332
37332
37332
37332
37332
37332
37332
37400
37669
37995
38659
38694
38760
38837
38909
39357
39660
39711
40097
40103
40139
40196
40358
40556
40627
40631
40921
40927
40945
40945
41049
41067
41183
41314
41315
41360
41439
41657
41674
41745
41751
41751
41856
