332
584
913
914
1400
1515
1630
1630
1681
1684
1719
1831
2260
2260
2260
2438
2697
3086
3225
3478
3483
3541
3541
3541
3599
4149
4149
4149
4149
4149
4149
4150
4756
4783
5952
5952
5952
5952
5952
5952
5952
5952
5953
5987
6104
6136
6143
6152
6158
6457
6466
6488
6546
6546
6555
6706
6981
6998
7014
7093
7093
7120
7381
7511
7528
7560
7706
8187
8187
8324
8401
9314
9426
9552
9567
9665
9753
9757
9910
9956
9995
10107
10366
10479
11675
11675
11713
11713
11713
11713
11714
12132
12334
12337
12359
12635
12954
13044
13057
13104
13108
13255
13255
13492
13775
14001
14174
14279
14297
14414
14414
14414
14962
15026
15026
15026
15129
15138
15269
15270
15365
15851
15957
16294
16390
16446
16691
16835
17001
17003
17005
17068
17068
17068
17068
17164
17164
17424
17916
18571
19009
19009
19427
19891
20358
20413
20413
20434
20434
20434
20434
20697
20699
20834
21209
21283
21316
21481
21862
21976
22097
22680
22695
22813
23321
23417
23437
23437
23462
23462
23501
23579
23733
23763
23851
23852
23852
23938
24197
24205
24318
24354
24423
24423
24423
24476
24494
24494
24494
24547
25039
25145
25148
25602
25629
25641
25801
26031
26417
26498
26524
27023
27084
27481
27509
27509
27516
27516
27647
27752
27803
27803
27867
27867
27867
28184
28248
28353
28378
28397
28580
28620
28620
28686
28800
28894
29233
29233
29238
29384
29421
29424
29441
29461
29461
29473
29488
29544
29549
29549
29611
29614
29707
30023
30302
30307
30368
30741
30864
30864
30995
31028
31028
31032
31070
31071
31110
31111
31141
31149
31659
31714
31745
31943
32095
32239
32414
32416
32905
33095
33143
33677
34252
34311
34570
34613
34707
34989
34990
34990
35085
35085
35284
35298
35298
35298
35305
35686
35843
36213
36307
36712
36872
37271
37304
37332
37401
37669
37671
37682
37779
38272
38296
38812
39440
39571
39646
39711
39711
39749
39854
39860
39880
39881
39894
40009
40023
40208
40297
40319
40384
40526
40526
40528
40581
40813
40813
40927
41026
41038
41049
41124
41355
41566
41566
41571
41598
41598
41598
41625
