187
194
194
245
1372
1630
1634
2260
2260
2260
2260
2260
2310
2721
2934
2934
2938
2938
2939
3085
3085
3086
3086
3086
3086
3086
3872
4149
4149
4149
4149
4149
4833
5557
5914
6028
6152
6158
6296
6296
6539
6539
6753
6769
7023
7264
7264
7572
7654
7682
7682
7735
7735
7735
7752
7917
7980
7980
8019
8127
8253
8253
8304
8401
8401
8401
8401
8563
9065
9376
9376
9995
9995
10297
10297
10358
10377
10711
10942
11309
11476
11485
11490
11490
11728
12630
12923
13001
13002
13002
13042
13042
13057
13255
13255
13255
13255
13498
13498
13618
13779
13980
14193
14414
14414
14534
14534
14534
14687
15492
15537
15537
15537
15576
15697
16042
16092
17033
17043
17051
17088
17419
17435
17574
17574
17574
18130
18848
19032
19116
19180
19209
19362
19366
19539
19571
19571
20444
21054
21273
21481
21481
21599
21860
22479
22602
22820
22820
22820
22850
23021
23021
23021
23021
23021
23021
23852
23852
23852
23938
23977
23977
24217
24217
24217
24309
24478
24480
25028
25060
25148
25500
25500
25500
25500
25500
25665
25803
26031
26217
26643
27355
27355
27355
27355
27867
28064
28116
28353
28513
28617
28620
28713
28715
28725
28800
29261
29337
29908
30055
30167
30391
30391
30406
30592
31656
31656
31874
32766
32767
33099
33146
33146
34405
34547
34547
34549
34796
34990
35085
35095
35128
35853
36213
36966
37304
37304
37304
37319
37671
37682
37682
37779
38387
38606
38606
38606
38783
39128
39128
39128
39128
40028
40196
40474
40813
41215
41237
41355
41355
41506
41511
41512
41512
41512
41670
41670
