1133
1536
1829
2150
3242
3539
3868
4168
4318
4783
4783
4783
4783
5535
5535
5535
5535
5535
5596
5596
5596
5692
5780
5781
5831
6488
6770
7047
7104
7514
7864
8137
8891
8907
8942
9032
9753
11690
11931
12358
12761
12908
12908
13034
13034
13034
13077
13644
13678
13678
14511
14595
14595
14602
14602
14607
14641
15026
15026
15138
15545
15563
15622
15932
16033
16042
16372
16446
17013
17377
17529
17859
17859
17908
17941
18354
18422
19758
19945
20314
20880
21766
21766
22137
22146
22286
22286
22319
22349
22554
22907
23657
24783
24783
24783
24783
24837
25573
25630
25803
26796
27066
27879
28088
28424
28424
28424
28424
28432
28432
28432
29131
29327
29449
30211
30293
30302
30399
30527
31447
32327
32555
35085
35773
36026
36213
36416
36438
36446
36452
37365
37365
37365
37365
37611
38136
38581
38731
39646
40023
40023
40028
40196
40196
40320
40832
41588
41689
41814
