914
914
914
1189
1630
1630
1630
1831
2354
2354
2428
2889
2937
2939
3976
4304
4836
5487
5875
6098
6100
6790
6853
6855
6947
6947
6947
6947
6947
7107
7255
7255
7255
7279
7401
7861
7863
8216
8216
8265
8320
8842
8843
8852
8863
9010
9469
9782
11475
11954
12061
12679
12842
13057
13095
13227
13939
14914
15304
15743
16400
16434
17360
17373
17941
19366
19366
19897
20043
20094
20094
21009
21052
21052
21268
22481
22508
22508
22708
22708
22708
23494
24078
24350
24373
24613
24862
24880
25023
25030
25677
25677
25677
26072
26284
26981
27332
27820
27939
28059
28154
28248
28248
28248
28291
28350
28378
28452
28452
28456
28492
28715
28922
29291
29467
29651
30067
30293
31261
32213
32265
32593
32836
33107
33417
33430
33560
33850
33850
34156
34271
34648
34651
34990
35212
35215
35320
35377
36395
36408
37129
37304
37319
37332
37332
37715
37715
37779
39510
39681
39877
39878
40236
40997
41108
41108
41108
41108
41270
41860
42142
