650
685
859
862
965
965
980
1138
1186
1208
1630
1630
1655
1821
1829
1830
1831
1859
2015
2153
2208
2293
2299
2473
3128
3141
3166
3245
3543
4166
4288
4322
4481
4510
4593
4788
4940
5215
5305
5596
5618
5788
5808
5808
5808
5808
5808
5808
5808
5831
5852
6070
6104
6136
6158
6158
6189
6472
6594
6663
6706
6706
6708
6726
6851
6981
7014
7093
7093
7093
7093
7093
7104
7407
7960
7973
8019
8019
8021
8053
8127
8127
8127
8242
8289
8310
8401
8401
8486
8499
8552
8639
8654
8890
8907
9075
9075
9219
9426
9469
9469
9476
9508
9552
9554
9757
9757
9825
10161
10286
10286
10443
10486
10586
10658
10661
11011
11019
11170
11422
11605
11764
11793
11845
11853
11881
11955
11965
12007
12033
12186
12191
12249
12290
12337
12337
12431
12486
12486
12658
12772
12772
12772
12772
12829
12839
12841
13057
13255
13619
13619
13644
13644
13644
13678
13921
13986
14349
14414
14414
14538
14585
14844
14844
14949
15026
15026
15026
15097
15129
15131
15221
15260
15851
16118
16416
16453
16835
16835
16835
16859
17051
17099
17187
17316
17316
17316
17316
17373
17435
18167
19504
19758
19812
19818
19818
20009
20043
20415
20419
20434
20445
20445
20789
21080
21120
21308
21334
21335
21335
21338
21384
21384
21448
21448
21448
21448
21448
21481
21758
21816
22302
22319
22373
22424
22424
22479
22481
22549
22850
22958
23088
23142
23165
23238
23520
23520
23714
23733
23800
23851
23916
23978
24019
24019
24019
24093
24103
24103
24192
24205
24205
24237
24423
24636
24783
24789
25100
25101
25113
25140
25145
25225
25377
25377
25420
25424
25502
25507
25614
25627
25627
25627
25643
25759
25771
25799
25799
25803
25886
25898
26031
26036
26072
26072
26177
26255
26287
26311
26318
26344
26613
26687
26715
26759
27016
27019
27019
27023
27030
27030
27066
27134
27164
27164
27217
27589
27635
27780
27803
27860
28094
28117
28206
28260
28378
28397
28397
28440
28440
28559
28628
28675
28774
28774
28774
28774
29089
29292
29449
29549
29549
29597
29779
29845
29913
29922
29922
30127
30195
30248
30293
30295
30302
30302
30368
30406
30465
30533
30720
30720
30720
30720
30720
30765
30870
30924
30988
30995
31141
31229
31232
31267
31289
31604
31704
31705
31874
32028
32076
32159
32334
32414
32989
32994
33001
33001
33017
33379
33417
33417
33417
33417
33417
33417
33417
33417
33417
33417
33417
33417
33417
33417
33417
33417
33417
33417
33417
33417
33417
33423
33426
33426
33426
33426
33426
33781
33781
33781
33796
33807
33822
33822
33822
33822
33822
33822
33822
33822
33822
33822
34420
34632
34632
34755
34755
34853
35033
35033
35085
35085
35099
35175
35175
35239
35297
35300
35485
35741
35741
35741
35741
35741
35750
35750
35750
35874
35954
36213
36213
36213
36219
36249
36421
36522
36769
36837
36932
37181
37332
37332
37351
37365
37365
37365
37386
37533
37536
37685
37779
38272
38437
38468
38511
38659
38659
38862
39253
39274
39287
39429
39752
39880
39880
40553
40628
40813
40921
41107
41116
41119
41144
41279
41524
41524
41589
41669
41675
41760
41856
