339
339
641
762
762
871
1190
1190
1531
1630
1823
1829
1831
2080
2153
2180
2260
2260
2507
2507
2560
2560
2739
3086
3245
3245
4166
4292
4975
5622
5842
5859
5859
5859
6400
6505
6562
6740
6774
7093
7107
7107
7133
7143
7394
7501
8019
8047
8622
8624
8628
9108
9426
9469
9826
9932
10325
10540
10586
11195
11223
11897
12359
12446
12477
12491
12626
12852
12867
12876
13688
14414
14647
14687
15235
15452
16750
16998
17003
17003
17114
17316
17316
17941
18152
18152
18353
18353
18393
19643
19965
20464
20799
21191
21384
21448
21615
21766
21816
21828
22097
22097
22127
22135
22151
22256
22320
22320
22636
22706
22854
23147
23427
23427
23520
23675
23852
23862
23872
24056
24064
24064
24064
24064
24064
24064
24064
24064
24205
24409
24423
24494
24706
25047
25081
25100
25100
25225
25581
25599
25798
25887
26212
26260
26416
26416
26416
26416
26416
26715
26803
26803
26804
26804
26804
27003
27030
27064
27064
27084
27134
27134
27150
27435
27473
27527
27589
27863
27863
27879
27879
27879
27879
28378
28424
28552
28646
29295
29462
29467
29467
29473
29868
29922
29943
30367
30527
31396
31996
32021
32414
32750
32779
33333
33345
33822
34075
34383
34383
34383
34706
34853
35085
35128
35173
35271
35390
35572
35573
35576
35576
35587
35628
35749
35750
35750
35750
35750
36178
36215
36375
37400
37400
37529
37670
37989
38139
38181
38303
38387
38590
38659
38835
38835
38835
38835
39188
39188
39274
40103
40116
40127
40137
41102
41231
41274
41441
41566
41636
41636
41745
41751
41753
41764
41764
