584
641
1631
1831
1831
1954
2088
2137
2137
2160
3147
4708
6158
6158
6489
6746
6769
6837
7661
7903
8425
8942
9166
9445
9469
9469
9597
11223
11425
11425
11690
11845
11965
11965
12011
12200
12486
13165
13273
13774
14102
14102
15138
15138
15171
15472
15632
16013
16059
16986
17003
17316
17425
17488
18231
18231
19695
19811
21511
21598
21803
22850
22850
22907
23408
23733
23937
24205
24205
24423
24494
24783
24789
24789
26031
26033
26033
26417
26760
26998
27019
27019
27023
27852
28005
28030
28154
28378
28399
28424
28686
28704
28724
28774
29215
29337
29339
29449
29915
30330
30374
30688
31240
31486
32054
32082
32132
32754
33822
33822
33941
34035
34035
34197
34488
34705
34842
35175
35337
35346
35401
35450
35960
36295
36307
36438
36977
37332
37332
37365
37555
37779
38248
38387
38437
38443
38468
38527
38784
38909
39854
40126
40582
41106
41745
41745
41832
