1189
1829
1829
1831
1831
1831
2153
2302
2302
2979
3647
3647
3807
3808
3808
3810
3872
4975
4975
4975
4975
5085
5300
5627
5842
6008
6008
6008
6152
6158
6158
6548
6740
6782
7104
7632
8053
8216
9455
9520
9972
10345
10345
10377
11309
11776
11778
11816
11816
11881
12321
12841
13255
14511
14595
14603
14823
14844
14844
16042
16126
16753
16835
16835
17005
17419
17427
17459
17459
17459
17459
17506
17574
19818
19898
19952
20241
20434
20445
22286
22644
22728
22922
22922
23335
23520
23531
24064
24064
24064
24064
24064
24064
24064
24064
24110
24111
24111
24111
24111
24205
24551
25059
25060
25079
25079
25688
25801
26072
26218
26284
26330
26419
26715
26719
27296
27803
27879
28133
28133
28133
28232
28232
28361
28456
28533
28638
28649
29544
29544
29549
29549
29549
29549
29584
29602
29602
29691
29980
30302
30368
30368
30464
30634
31387
31620
32511
32836
32975
32975
33044
33044
33044
33044
33109
33122
33776
33822
33822
33822
33822
33881
33882
34075
34075
34075
34075
34350
35815
35815
36218
36287
36647
37226
37332
37682
38769
39343
39940
41230
41274
41314
41319
