245
1061
1210
1708
2137
2561
2718
2984
3599
4223
4268
4359
4382
4382
4382
4382
4783
5480
5557
5557
5557
6179
6853
6853
7663
7706
8657
9547
9547
10325
10366
10586
10655
10669
10846
11565
11565
11565
11566
11874
11890
11890
11892
12987
13513
13909
14482
15026
15026
15138
15283
15283
15283
15283
15400
15710
16835
17003
17003
17003
17003
17003
17003
17003
17941
17941
18753
20858
20885
21311
21329
21330
21334
21334
21338
21521
21609
21737
22292
22420
22644
22644
22644
22922
24596
25424
26031
26031
26031
27019
27023
27037
27349
27349
27803
28922
29261
29261
29266
29293
29327
29584
29922
29978
29978
30368
30406
30406
30406
30428
30428
30498
30603
31028
31714
31843
32126
32367
32367
32807
32865
33379
33983
34928
35085
35098
35337
35337
35342
35342
36007
36213
36213
36486
37228
37332
37474
38352
39274
39286
39484
39663
39854
40655
41274
41319
41344
41712
41806
