289
1785
2137
2476
3658
3658
3658
3851
4011
4788
5118
6683
8596
8596
9143
9237
9237
9240
9469
9662
9665
9665
11758
12071
12071
12071
12072
12445
12446
12841
12842
13042
13281
13378
13671
14414
15016
15130
16002
16446
16635
16888
17377
17377
17435
17794
18193
19351
19811
20098
20577
21309
22127
22130
23909
24026
24026
24026
24338
24474
24494
24722
24780
25803
25891
25891
25960
26031
26284
27027
27030
27036
27770
27852
27863
27879
28696
28713
29231
29232
29537
29703
30211
30211
30302
30391
30391
31002
31008
31028
31028
31028
31965
32833
35789
35932
36039
36739
37400
37695
38268
38581
38587
38587
38587
38951
39422
39424
39424
39425
40624
40633
40634
40635
40927
41344
41344
41573
41588
41664
41665
41669
41937
