872
1488
1655
1708
1822
1828
1893
1915
2060
2137
2827
2986
3655
3868
3930
3933
3963
4510
4670
4670
4783
4986
5128
5218
5404
5529
5553
5553
6684
6993
7415
7415
7706
7706
7706
7706
7706
8019
8019
8053
8163
8165
8242
8242
8403
8533
8688
8817
8890
9086
9129
9131
9438
9445
9469
9469
9545
9795
9828
9828
10132
10143
10434
10536
11011
11264
11569
11569
11767
11768
11793
11793
11881
11929
12027
12223
12342
12578
12597
12768
12908
13057
13145
13246
13249
13282
13282
13412
13678
13764
13931
13937
14254
14271
14271
14281
14300
14334
14414
14414
14414
14595
14595
14595
14596
14599
14602
14607
14607
14607
14607
15026
15080
15138
15175
15180
15687
15689
15932
16013
16026
16040
16271
16271
16271
16317
16530
16835
17227
17316
17316
17316
17316
17316
17528
17529
17550
17550
17550
17550
17550
17698
18317
18353
18913
18975
19066
19074
19116
19527
19527
19712
19811
19952
20098
20434
20442
20551
20946
21524
21524
21564
21801
22012
22146
22171
22554
22699
22797
22974
23247
23520
23796
24056
24219
24382
24409
24528
24706
25014
25066
25148
25192
25359
25776
25776
25798
25798
25898
26010
26414
26512
26644
26647
26715
26924
27020
27020
27020
27023
27023
27084
27084
27150
27150
27150
27202
27236
27249
27331
27580
27703
27703
27939
27939
28039
28039
28175
28351
28424
28432
28440
28440
28547
28590
28671
28686
28698
28698
28698
28800
28801
28805
28891
28978
29059
29077
29261
29261
29261
29283
29355
29549
29713
29722
29722
29832
29887
29913
29973
29973
29973
30046
30102
30287
30381
30465
30527
30527
30697
30759
30794
30869
30869
31327
31437
31651
31881
32018
32028
32234
32234
32356
32414
32445
32464
32794
33143
33379
33417
33601
33822
33858
33941
34010
34340
34377
34617
34746
34936
34954
34954
34954
35033
35033
35244
35250
35346
35390
35599
35773
35843
35874
36025
36025
36032
36218
36371
36435
37084
37401
37482
37482
37588
37588
38073
38073
38189
38378
38568
38664
38687
38687
38694
38694
38768
39646
40283
40460
40546
40546
40794
40921
41154
41162
41360
41696
41745
41769
41795
41807
41832
42124
