116
424
468
1408
1424
1433
1469
1637
2100
2269
2561
3480
3642
3655
3868
4472
4472
4489
4489
4489
4712
4712
4712
4788
5201
5322
5789
5789
5789
6104
6158
6508
6550
6813
6934
6981
6981
6981
7104
7751
8053
8163
8408
8423
8830
8847
8860
8923
8967
8969
8970
9010
9236
9469
9552
9697
9757
9942
10639
10978
10978
11268
11422
11422
11566
12307
12378
12406
12591
12741
12933
13408
13408
13411
13414
13513
13513
13626
13766
14005
14018
14300
14352
14414
14595
14670
14705
14760
14965
14977
15016
15016
15130
15537
15537
15537
15549
15549
15558
15621
15687
15687
15689
15994
16033
16858
16932
17051
17316
17316
17316
17316
17316
17338
18240
18375
18375
18422
18689
18969
19252
20434
20445
20581
21080
21092
21338
21338
21448
21481
21637
21753
21758
22269
22644
22684
22701
22907
22922
23088
23520
23938
24186
24241
24318
24318
24318
24423
24610
24783
24783
24783
24837
25424
25454
25501
25665
25776
25776
25798
25798
25801
25803
25803
25803
25803
26186
26264
26284
26392
26715
26932
26987
27134
27157
27164
27304
27412
27531
27839
28378
28378
28424
28424
28424
28432
28432
28685
28800
29116
29131
29185
29261
29420
29424
29652
29705
29713
29713
29909
29973
30182
30182
30182
30182
30287
30293
30293
30293
30293
30293
30293
30302
30307
30368
30399
30399
30406
30406
30533
30738
30884
31018
31433
31437
31656
31693
31795
31949
31958
32192
32234
32673
32795
32905
33001
33251
33491
33709
33711
33822
34755
34755
34760
34791
34847
34853
34990
35082
35085
35175
35175
35244
35773
35789
35901
36025
36174
36175
36307
36307
36416
36478
36513
36866
36866
36866
36869
37264
37332
37365
37365
37400
37401
37480
38010
38272
38378
38437
38468
38496
38502
38543
38659
38687
38694
38837
38951
40006
40023
40028
40303
40927
41183
41215
41328
41712
41751
41779
41913
