1060
1465
1522
1612
1829
1833
1901
2137
2959
2969
3128
3542
3643
3843
3872
4149
4149
4351
5024
5296
5596
5596
5605
5605
5907
6145
6145
6145
6455
6466
6619
6728
7093
7104
7124
7348
7418
8019
9494
9844
10377
10857
11816
11983
12841
12908
12992
13057
13163
13485
13618
13873
14084
14414
14646
14646
15016
15296
16183
16183
16446
16446
16602
17022
17373
17404
18759
19365
19527
20082
20185
20185
20419
20434
20445
20758
20880
20939
21714
22691
22774
23321
23525
23657
23851
23852
24056
24205
24783
24783
24783
24976
25424
25803
26284
26284
26330
26417
26615
26715
27066
27084
27148
27241
27877
28058
28058
28058
28058
28058
28058
28058
28067
28089
28290
28290
28291
28291
28291
28293
28605
28628
28632
28638
28642
28686
28864
29473
29496
29707
29800
29922
29947
29992
30087
30302
30347
30714
30864
31149
31524
31661
31982
32039
32042
33182
33256
33260
33601
33850
33899
34743
34791
34796
34796
34796
35085
35124
35125
35237
35337
36546
37364
37365
37365
37365
37365
37365
37481
38062
38441
38659
40023
41215
41255
41274
41598
41663
41737
41764
41904
42033
