201
722
722
929
1004
1785
1790
1802
1802
1805
1805
1833
1843
1852
1918
2069
2137
2153
2260
2260
2697
2962
3014
3128
3209
3447
3541
3645
3645
3655
3843
4188
4320
4351
4440
4505
4699
4699
4712
5431
5557
5596
5789
5852
6158
6512
6769
6934
7093
7104
7408
7654
7930
7978
8233
8242
8401
8486
8493
8817
8862
8938
8938
8938
9048
9345
9445
9445
9469
9469
9497
9518
9518
10320
10323
10383
10383
10661
11566
11567
11816
12009
12842
12915
13034
13034
13131
13131
13131
13255
13315
13315
13315
13371
13408
13414
13522
13530
13644
14349
14498
14540
14585
14655
14965
14965
14965
15016
15016
15026
15138
15345
15452
15619
15633
15633
16033
16118
16162
16163
16455
16455
16687
16835
16835
16835
16835
17013
17013
17013
17316
17373
17414
17448
18354
18642
19235
19235
19306
19345
19514
19527
19812
19818
19818
20434
20777
21338
21475
21599
21773
21981
21981
22146
22850
22850
22907
22922
22922
23189
23195
23195
23564
23733
23814
23819
23869
23869
23870
23870
23921
23979
23979
24205
24205
24205
24494
24745
24745
25614
25614
26033
26036
26261
27019
27134
27150
27249
27457
27589
27609
27803
27884
28094
28397
28615
28713
28801
28811
28854
29077
29246
29432
29432
29707
29707
29908
29908
29913
29949
30019
30087
30231
30233
30294
30398
30464
30533
30731
30733
30744
31256
32137
32518
33049
33110
33482
33776
33776
33959
33986
33986
34261
34406
34406
35085
35155
35244
35244
35298
35300
35572
35572
35572
35573
35574
35575
35576
35698
35901
35901
36174
36213
36307
36307
36420
36872
37038
37332
37445
37474
37505
37699
37699
37706
37839
37839
38362
38502
38502
38502
38502
38502
38502
38505
38873
38873
38873
39447
40023
40115
40116
40367
40553
40603
40927
41106
41142
41344
41586
41587
41589
41669
41675
41726
41726
41726
41726
41726
41726
41751
41855
