871
1630
2177
2177
2443
2763
3073
3292
3458
3502
4479
4541
5291
5435
5529
6137
6488
6802
7104
7167
7321
7503
7862
8403
9108
9108
9929
9949
10366
10376
10478
10676
10820
11019
11165
11213
11845
11872
11935
11935
11935
12248
12343
12755
12915
12915
13116
13116
13116
13116
13116
13116
13116
13497
13947
13982
14317
15587
15777
15961
16013
16031
16378
16446
16446
16446
16446
16635
16687
16835
17001
17005
17022
17099
17137
17137
17528
18109
18762
19357
19420
19420
19527
19676
20121
20125
21311
22373
22706
22854
22910
23913
23949
23956
24045
24476
24501
24501
24501
24523
24596
24596
24596
25014
25066
25100
25145
25571
25571
25779
25800
26033
26057
26072
26330
26366
26615
26615
26615
27020
27090
27100
27100
27867
27983
28509
28521
28521
28630
28630
28684
28715
29467
29472
29657
29659
29821
29821
29912
29983
29990
30867
30895
31381
32452
32921
33809
34549
34549
34791
34791
34791
34791
34791
34940
35073
35085
35390
35397
35680
35843
37689
37693
37693
37867
37871
38287
38659
40090
40432
40531
40733
40949
41032
41032
41649
41677
41778
41781
