584
1331
1331
1331
1708
1708
1730
1831
1847
2170
2177
2269
2302
2454
2454
2763
3655
3843
3868
3919
4587
4649
5719
5719
5719
5790
6081
6152
6264
6550
6628
6746
7104
7104
7136
7186
7654
7706
7706
8255
9329
9364
9445
9469
10411
11195
11289
11476
11565
11566
11566
11872
11944
12690
13909
13979
14585
14585
14585
14585
14585
14585
14585
14585
15138
15571
15610
15676
15777
15974
16271
16635
16772
16835
16991
17022
17170
17170
17316
17316
17435
17525
19865
20043
20434
20434
20796
21228
21481
21941
22137
22178
22352
22460
23590
23636
23733
23733
23750
24003
24103
24260
24482
24816
25424
25442
25489
26031
26033
26033
26330
26729
26732
26757
26757
26758
27214
27460
27958
27958
28351
28353
28378
28582
28620
28687
28800
28856
28908
28986
29226
29467
29474
29517
29741
30211
30211
30211
30294
30302
30316
30374
30391
30509
30527
30671
30744
30775
30775
30775
30775
30775
30775
31482
31482
32219
32229
32503
32818
33080
33929
34698
34755
34954
34954
35085
35098
35284
35298
35298
35298
35551
35924
36020
36159
36420
36516
37074
37319
37480
38367
38370
38378
38397
38443
38502
38502
38502
38627
38640
39625
40009
40367
40411
40813
41274
41291
41389
41389
41594
41624
41624
41745
41751
41779
