364
3274
3541
4181
4552
5403
6044
6516
7104
7121
8047
8098
8143
8493
8515
8534
9304
9932
9933
9933
10112
10882
10955
10966
11264
11543
11983
11983
12271
12307
13135
14414
14598
14962
14965
15006
15138
15386
15846
15898
16400
16446
16659
17001
17005
17373
19811
19939
20419
20445
23343
23719
23719
23719
24111
24197
24197
25035
25800
26031
26033
26160
26366
26671
26715
27074
27097
27134
27317
27562
27673
27803
28378
29083
29261
29478
29922
30369
32520
33333
33558
33665
33809
35085
35085
35220
35291
35628
35750
36162
37400
37480
39432
40028
40748
41449
41598
41615
41677
41677
