26
293
1186
1187
1189
1190
1425
1829
1893
1901
2137
2137
2260
2455
2476
2611
3221
3336
3349
3543
3565
3843
3938
4032
4148
4149
4290
4363
4787
4908
4931
5627
6152
6488
6491
6822
6981
6981
7014
7116
7289
7309
7381
7611
8172
8180
8210
8227
8403
8994
9358
9445
9457
9469
9691
9725
9725
9747
9759
10325
10381
10381
10411
10435
10504
11690
11690
11881
11929
12281
12358
12495
12495
12626
12678
12822
12839
12841
12852
12852
12908
13209
13246
13492
13515
13707
13800
14118
14311
14383
14413
14414
14603
14649
15016
15138
15293
15386
15469
15607
15875
16013
16014
16183
16271
16400
16635
16691
16702
17003
17005
17291
17301
17316
17316
17560
17871
18353
18353
18353
18354
18762
19527
19552
19891
20043
20080
20137
20415
20434
20743
21066
21335
21338
21355
21448
21581
21581
21766
22006
22272
22272
22320
22907
23098
23733
23733
23852
24045
24056
24059
24390
24392
24423
24423
24423
24494
24494
24494
24890
25046
25047
25100
25421
25424
25499
25734
25759
25803
26031
26031
26033
26033
26380
26603
26603
26605
27037
27249
27331
27347
27547
27762
27794
27879
27879
27879
27917
28133
28290
28378
28432
28561
28677
28685
28698
28698
28698
28801
28801
29091
29123
29423
29449
29449
29467
29488
29643
29651
29705
29707
29713
29718
29724
29727
29832
29908
29915
29922
29978
30276
30287
30302
30510
30527
30527
30860
30870
31265
31265
31266
31269
31269
31485
31659
31714
31766
31871
31922
32464
32495
32549
32897
32954
33044
33074
33880
34334
34342
34853
35085
35175
35175
35297
35337
36016
36025
36026
36026
36173
36416
36435
36582
36582
36712
36965
36985
37288
37360
37365
37365
37365
37400
37556
37556
38272
38370
38370
38375
38435
38435
38687
38877
39646
40028
40028
40193
40568
40945
41089
41574
41624
41674
41675
41675
41675
41745
41856
