219
347
351
1289
1831
1831
2163
2164
2302
2862
2966
3341
3425
3543
3543
3776
4318
4931
4984
5097
5097
5119
5202
5202
5202
5202
5202
6674
6832
7361
7361
7659
7663
7857
8108
8227
9242
9426
9469
10319
10377
10540
11231
11480
12186
12331
12331
12337
12602
13021
13021
13057
13281
13281
13281
13281
13283
13927
13927
14102
14373
14669
14673
15138
15401
15576
16530
16977
16992
16992
17051
17143
17417
17877
17941
17941
17941
18135
18214
19427
19891
20043
20434
20434
20591
20989
21384
21384
21448
21481
21509
21658
21760
21862
22135
22195
22195
22272
22605
22673
22850
22854
22854
22907
22922
23386
23520
23520
23520
23629
23629
23706
23763
23809
24075
24217
24229
24423
25489
25489
25489
25665
26129
26129
26330
26506
27003
27037
27064
27084
27121
27154
27154
27155
28396
28397
28440
28585
28585
28585
28585
28631
28675
28685
28738
29283
29467
29556
29713
29796
29882
29908
29908
29922
30208
30211
30278
30368
30495
30533
30775
30775
30775
30775
30788
30788
31156
31374
31520
31659
31659
32095
32129
32276
32277
32277
32277
32413
33058
33417
33822
33822
33822
33822
33822
33822
33892
34697
34954
34954
34954
35033
35085
35220
35220
35298
36372
36716
36716
37057
37057
37301
37304
37304
37310
37319
37332
37332
37360
37360
37360
37611
38279
38694
38694
39564
39614
39617
40981
41060
41232
41232
41232
41232
41232
41344
41624
41649
41669
41669
42124
42124
42124
42124
42124
42124
42124
42124
42124
