762
965
966
1187
1890
2137
2724
2756
2863
3297
3757
4162
4510
4649
4712
4823
5201
5201
5386
5484
6079
6238
6448
6448
6448
6448
6489
6712
6746
6853
8059
8127
8127
8130
8657
8657
8657
8796
8817
8817
9088
9088
9469
9757
10077
10442
10443
10742
11011
11011
11097
11097
11097
11097
11097
11264
11566
11757
11764
11776
11883
11883
11908
11908
12486
12489
12489
13255
13281
13411
13414
13515
14174
14599
14602
14603
14607
14607
14607
14607
14607
14669
15026
15138
15661
15661
15661
15661
15674
15885
16033
16033
16126
16126
16133
16299
16635
16691
16691
16691
16750
16753
16753
16835
16835
16936
17137
17316
17316
17316
17316
17377
17435
17550
17941
17941
18561
18716
19898
20147
20434
20434
20448
20448
20448
21740
21740
22010
22286
22286
22373
22410
23314
23343
23343
23417
23417
23417
23615
23616
23616
23713
23751
23846
23846
23846
23846
23846
23846
24197
24205
24214
24422
24501
24501
24746
25317
25421
25421
25440
25440
25665
25701
25737
26284
26417
26581
26590
26715
26823
26823
27023
27084
27084
27150
27155
27331
27653
27803
27803
28351
28684
28684
28684
28796
29077
29144
29215
29226
29261
29261
29292
29421
29449
29462
29928
29978
29983
29983
30188
30201
30368
30374
30376
31327
31433
31656
32137
32137
32356
32367
32689
32848
33095
33096
33217
33218
33251
33379
33417
33941
34332
34707
34707
34707
34707
34746
34975
35085
35463
35865
35948
36213
37029
37178
37178
37178
37288
37319
37401
37762
37827
37884
37937
38303
38443
38538
38538
38659
38659
38659
38673
38951
38951
39150
39152
39292
39343
39470
39663
39663
39663
39663
40028
40091
40091
40091
40196
40393
40427
40618
41101
41445
41675
41751
