46
223
652
797
1502
2137
2153
2461
2514
4320
5596
5689
5692
5692
5693
5693
5852
6488
6489
6489
6746
6793
6793
6826
7104
7104
7104
7427
7427
7427
7510
7677
7702
8045
8051
8173
8647
9457
9469
11011
11011
11011
11793
12307
12772
12979
12992
13147
13163
13382
13644
13644
13652
14205
14414
14607
14844
14962
15023
15131
16033
16059
16059
16064
16092
16153
16446
16522
16711
16711
16711
16870
16933
17005
17316
17486
17550
17550
17550
17550
17623
17941
18109
18743
18762
19281
20043
20434
21092
21448
21614
21614
22526
22974
23296
23343
23417
23417
23563
23563
23716
23798
23926
23978
24205
24205
24205
24205
24494
24717
24746
25502
26033
26284
26793
26793
26896
26896
26983
27026
27154
27346
27737
28004
28553
28553
28553
28664
28686
28738
28852
29097
29449
29467
29467
29922
29966
30376
30527
30756
30867
30867
32964
33074
33364
33379
33417
33487
33487
33888
34314
34564
35033
35095
35584
35773
35773
36431
36708
36940
37485
37831
38085
38127
38511
39711
39799
39895
40082
40303
40852
40852
41146
41733
41795
41832
