155
245
253
641
1326
1770
1846
2137
2137
2153
2153
2153
2160
2174
2269
2351
2507
2507
2561
2727
2763
2840
2962
2962
2962
3086
3118
3348
3450
4160
4268
4505
4505
5661
5739
5994
6152
6158
6700
6779
6782
6782
6981
7242
7608
7960
7996
8053
8349
8401
8657
8817
8942
8942
9004
9129
9151
9474
9547
9552
9668
9795
10078
10099
10107
10161
10202
10325
10540
10584
10584
10584
10586
10586
10586
10971
11128
11223
11223
12322
12421
12442
12442
12442
13154
13166
13273
13281
13648
13678
13795
14373
14414
14414
14414
14585
14585
14673
14687
14701
15804
16299
16835
16835
16856
17003
17137
17153
17220
17297
17316
17316
17316
17328
17363
17488
17488
17632
18262
18353
18653
18762
19427
19431
19703
19812
19812
19816
19957
20003
20043
20320
20765
20912
20912
21198
21338
21384
21448
21475
21672
21672
21993
22010
22100
22481
22481
22606
22697
22706
22850
22850
22850
22850
22922
23468
23516
23516
23520
23520
23645
23733
23852
23852
24174
24186
24203
24205
24205
24418
24494
24501
24706
24707
24783
24783
24819
25081
25440
25627
25643
25643
25643
25643
25643
25800
25801
25803
25847
26031
26084
26148
26284
26330
26370
26417
26526
26647
27016
27084
27084
27084
27084
27134
27134
27134
27187
27768
27803
28030
28378
28378
28378
28424
28428
28440
28616
28646
28704
28704
28714
28800
28801
28801
28809
28811
28923
29055
29215
29261
29314
29449
29449
29449
29462
29467
29467
29467
29474
29558
29826
29922
29980
30030
30302
30376
30520
30527
30527
30533
30547
31033
31362
31373
31378
31482
31595
31714
31795
32020
32029
32201
32416
32474
32474
33110
33117
33182
33418
33482
33822
33822
33822
33822
33822
33825
33883
34278
34349
34632
34653
34706
34707
34746
34746
34853
34874
34928
34928
35018
35033
35033
35085
35085
35175
35297
35346
35587
35587
35587
35587
35773
35773
35773
36213
36213
36716
36739
36753
37032
37365
37779
37989
38394
38443
38659
38694
38730
39279
39343
39865
39880
40027
40144
40556
41192
41215
41215
41223
41499
41520
41753
41760
41762
41762
41764
41806
