748
762
1189
2137
2957
2962
3055
4177
6104
6106
6746
7844
7914
10025
10325
11793
11931
12033
12359
12781
12984
13042
13042
13044
13044
13044
14414
14414
15065
16024
16033
17005
17061
17061
17170
17421
17421
17505
18149
18670
18670
19828
19875
19875
19902
20442
20445
20608
20702
20988
21384
21509
21509
21509
21509
21509
21803
21828
22193
22237
23139
23139
23165
23520
23651
24083
24083
24625
25489
25771
25996
26033
26732
26756
26797
27066
27203
28361
28378
28396
29097
29224
29239
29283
29832
29832
29832
29832
29832
30112
30273
30302
30304
30374
31635
31969
32905
33044
33054
33417
33417
33776
33822
33822
33822
33880
33884
34046
34186
34314
34314
34331
34655
34755
34853
34926
34954
34954
35175
35320
35341
35341
35341
35628
36016
36016
36016
36016
36016
36218
36218
36654
37332
37416
37416
37416
37575
38694
38798
38835
38896
40028
40344
41360
41598
41598
41598
41598
41745
41745
42124
