105
141
180
369
445
533
535
572
589
902
1781
1781
1783
1783
1805
1842
2144
2144
2144
2144
2144
2144
2144
2144
2144
2144
2144
2144
2144
2144
2144
2144
2144
2144
2144
2144
2144
2333
2451
2671
2837
2837
3004
3004
4103
4103
4103
4103
4103
4199
4199
4202
4202
4292
4299
4419
4433
4458
4637
4993
4993
5016
5084
5331
5331
5331
5340
5340
5340
5340
5637
5716
5760
5760
5807
6136
6148
6290
6291
6465
6626
6631
6631
6650
7088
7720
7757
7757
7757
7757
7758
7792
7957
8936
9214
9316
9493
9493
9493
9602
9616
9621
9621
9638
9649
9669
9713
9713
9796
9796
9796
9796
10012
10247
10247
10412
10426
10457
10457
10457
10457
10457
10457
10457
10457
10457
10619
10620
10625
11695
11721
12005
13039
13212
13300
13407
13427
13427
13427
13427
13427
13507
13580
13717
13846
13846
13906
13920
14407
14600
14601
14601
14642
14652
14652
14661
14661
14725
14761
14761
14791
14801
14843
14843
14843
14843
14845
14875
14902
14970
15209
15211
15529
15530
15530
15684
15684
15686
15889
15889
15889
15889
15889
15931
15965
15965
16264
16264
16264
16264
16264
16264
16337
16363
16363
16432
16443
16756
17173
17193
17266
17266
17314
17314
17314
17314
17314
17314
17315
17437
17555
17555
17703
17710
17710
17710
17710
17716
17807
17809
17815
18132
18132
18352
18709
18709
18709
18709
18793
18794
18795
18835
19054
19412
19585
19760
20280
20387
20465
20477
20477
20477
20544
20544
20544
20602
20611
21056
21056
21383
21388
21587
21783
21783
21920
22235
22235
22235
22322
22340
22534
22539
22539
22539
22543
23240
23240
23240
23573
23721
23879
24536
24645
24645
24710
24711
24808
24910
24910
24910
24910
24910
24910
25146
25146
25150
25151
25151
25151
25152
25201
25429
25664
25664
25664
25664
25664
25975
26141
26154
26154
26154
26200
26566
26620
26624
27080
27080
27712
27758
27758
28273
28412
28751
29164
29260
29398
29398
29495
29505
29505
29505
29538
29623
29623
29994
29995
30217
30217
30217
30217
30217
30334
30506
30783
30784
30836
30844
30932
30992
31083
31237
31392
31502
31572
31666
33412
33587
33616
34026
34841
34864
34864
34864
34866
35245
35361
35525
35533
35534
35534
35534
35534
35539
35539
35544
35550
35709
35733
35910
36227
36227
36624
36801
36801
36801
37254
37310
37310
37310
37318
37382
37597
37640
37799
37838
38133
38144
38149
38329
38384
38389
38499
38543
38545
38545
38977
38977
38977
38977
38977
38977
38981
38981
38981
38981
38981
38981
38981
38981
38981
38981
38981
38981
38981
38981
38981
38981
38981
38981
38981
38981
38981
38981
38981
38981
38981
38981
38981
38981
38981
38981
38981
38981
38981
38981
38981
38981
38981
38981
38981
38981
38981
38981
38981
38981
38982
38982
38982
38982
38982
38983
38992
38997
38997
39005
39005
39005
39005
39005
39005
39005
39007
39007
39007
39050
39050
39169
40446
40969
41873
41873
41877
41879
41887
41887
41887
41911
41917
41922
41923
41930
41931
41938
41955
41955
41955
41955
41955
41955
41955
41972
41972
41972
41972
41986
41989
42002
42005
42118
