1708
1829
1829
2159
2260
2968
3104
3512
3856
3979
4166
4287
4534
4589
4712
4712
4712
4712
5796
5809
5809
6152
6505
6782
7014
7143
7197
7340
7897
8051
8052
8990
9028
9032
9135
9282
9723
9795
9795
9977
10157
10182
10202
10227
10286
10532
11347
11347
11942
11942
12201
12337
12923
13255
14001
14363
14463
14585
14599
14607
15131
15138
15277
15277
15540
15549
15550
15557
15875
15875
15875
16092
16092
16705
16753
16753
16753
17043
17338
17419
17435
17443
17443
17680
18130
18149
18149
18422
18693
19163
19603
19758
20043
20109
20168
20434
20445
20448
21423
21489
21503
21757
21766
21912
21961
22286
22286
22286
22286
22827
22840
22907
22907
22960
23520
23675
23713
23763
23796
23822
23840
24093
24093
24093
24093
24478
24706
24745
25081
25101
25169
25440
25962
26072
26148
26719
26719
26719
27016
27084
27150
27496
27769
27803
28646
29283
29454
29505
29506
29544
29707
29960
30211
30211
30368
30376
30533
31298
32120
32120
32414
32489
33044
33802
33802
33805
33822
34262
34864
35085
35085
35128
35590
35628
35646
35789
36159
36213
36549
36866
36866
37063
37319
37319
37695
37734
37830
38166
38435
38515
38590
38590
38591
38591
38591
39133
39133
39343
39480
39654
40356
40367
40439
40874
41200
41206
41208
41215
41274
41274
41491
41499
41589
41781
41781
41915
41915
