303
637
641
1625
1630
1829
1829
1829
2071
2161
2507
2756
2756
2756
2756
3304
3349
3370
3371
3371
3371
3371
3372
3444
3522
3565
3565
3599
3872
4292
4292
4320
4405
4405
4405
4405
4455
4455
4455
4510
4712
4712
4937
4937
4937
4937
4937
5542
5627
5748
5774
5831
6158
6158
6158
6489
6706
6726
6782
6855
6981
6981
6981
6981
6981
6981
7079
7285
7744
7844
7868
7922
7996
8021
8047
8049
8052
8225
8231
8563
8657
8657
8657
8657
8657
8657
8817
8817
8989
8993
9457
9458
9518
9795
9795
9795
9795
10156
10377
10442
10504
10504
10504
10521
10528
10533
10669
10669
10904
11033
11096
11097
11139
11302
11347
11347
11347
11422
11422
11672
11681
11776
11877
12009
12307
12307
12610
12654
12680
12772
12841
13057
13161
13161
13161
13161
13161
13161
13165
13255
13273
13329
13408
13408
13408
13411
13412
13421
13808
13808
14131
14256
14377
14387
14414
14414
14414
14586
14586
14586
14588
14597
14599
14599
14599
14603
14607
14607
14607
14607
14607
14607
14607
14607
14607
14607
14653
14660
14700
14859
14976
15130
15171
15171
15171
15171
15171
15175
15517
15517
15520
15538
15547
15550
15554
15561
15851
15875
15879
15947
15985
16033
16033
16033
16033
16033
16042
16042
16153
16153
16153
16153
16163
16165
16397
16444
16547
16548
16553
16635
16772
16835
16835
17091
17137
17316
17316
17417
17488
17509
17529
17529
17941
17941
17941
18422
18571
18724
19007
19354
19527
19603
19888
19888
19888
19894
20043
20043
20043
20098
20098
20098
20434
20434
20434
20434
20434
20434
20448
20682
20868
20975
21448
21448
21448
21448
21575
21608
22097
22168
22320
22705
22741
22850
22850
22850
22850
22850
22850
22850
22907
22907
23164
23461
23520
23687
23706
23745
23763
23763
23763
23763
23846
23846
23846
23846
23846
23854
23854
23938
24093
24219
24271
24527
24529
24531
24783
24783
24783
25101
25140
25361
25440
25844
26041
26072
26247
26667
26667
26667
26667
26719
26719
26732
26959
27003
27016
27022
27023
27023
27023
27084
27157
27164
27164
27171
27588
27673
27705
28030
28129
28172
28335
28378
28424
28424
28424
28432
28434
28547
28684
28684
28684
28685
28753
28796
28834
28918
29034
29077
29283
29384
29467
29473
29480
29537
29537
29537
29544
29845
29879
29915
29922
29922
29983
29983
29983
29983
29983
30110
30293
30364
30399
30509
30520
30644
30928
31134
31134
31134
31134
31134
31374
31375
31379
31523
31656
32020
32165
32816
32949
32981
32981
32981
32981
33044
33074
33137
33217
33884
34051
34054
35070
35085
35085
35128
35128
35128
35175
35175
35353
35768
35769
35789
36150
36213
36213
36213
36307
36307
36307
36416
36416
36445
36451
36608
36608
36845
36867
37304
37310
37332
37332
37365
37365
37365
37365
37514
37669
37669
37670
38008
38443
38569
38592
38659
38732
38903
39083
39132
39343
39480
39480
39480
39711
39711
39711
39854
39854
39854
39884
40028
40316
40317
40449
40449
40546
40943
41060
41119
41586
41586
41586
41624
41624
41745
41751
41791
41804
41807
41807
41807
41807
41807
41807
41812
41832
41832
41832
41832
