30
1137
1208
1210
1301
1610
1630
1751
1770
1805
2137
2260
2260
2260
2260
2260
2260
2475
2560
2756
2957
3107
3195
3487
3541
3541
3541
3670
4045
4045
4149
4149
4149
4287
4505
4505
4961
4961
5118
5148
5291
5292
5999
6006
6104
6435
6457
6485
6485
6488
6562
6700
6855
6855
6981
7263
7363
7843
7843
8010
8053
8225
8469
8562
8568
8619
8627
8633
8774
8774
8817
8844
8850
8863
8910
8911
9172
9245
9309
9422
9426
9469
9570
9601
9691
9708
9956
9956
10078
10229
10230
10376
10377
10593
10595
10595
10834
11778
12033
12321
12624
12679
12984
12998
13000
13000
13042
13044
13044
13044
13044
13044
13044
13044
13044
13044
13044
13044
13044
13044
13044
13057
13057
13057
13057
13068
13068
13106
13119
13425
13709
13755
13814
13986
14484
14534
14534
14534
14585
14595
14599
14615
14965
14965
14965
14965
14965
14965
14968
14969
14980
15016
15071
15071
15080
15266
15269
15269
15452
15452
15452
15457
15457
15457
15457
15593
15616
15621
16036
16520
16520
16660
16660
16687
16772
16835
16835
17005
17338
17338
17363
17421
17983
18847
19051
19131
19372
19593
20043
20314
20314
20395
20395
20395
20428
20434
20434
20434
20925
20942
21092
21092
21198
21204
21244
21246
21246
21246
21249
21249
21310
21311
21311
21321
21323
21338
21338
21338
21338
21338
21338
21338
21338
21338
21338
21338
21481
21522
21887
21888
22106
22286
22286
22311
22390
22390
22468
22590
22813
22813
22847
22847
22850
22854
22854
23033
23152
23205
23320
23321
23436
23437
23437
23461
23476
23554
23631
23632
23651
23651
23659
23659
23733
23763
23763
24078
24103
24103
24103
24158
24216
24318
24474
24474
24474
24474
24490
24494
24523
25014
25066
25499
25730
25923
25930
25930
25930
25990
26031
26033
26072
26072
26715
26719
26729
26861
26861
26861
26900
26983
27003
27003
27003
27010
27084
27171
27171
27174
27181
27463
27463
27527
27763
27803
27939
28039
28361
28378
28798
28800
28984
29162
29211
29239
29373
29449
29467
29467
29467
29467
29505
29513
29518
29652
29678
29922
29922
30191
30282
30287
30287
30302
30307
30314
30384
30450
30450
30450
30560
30713
30713
30714
30714
30728
30866
31282
31500
31500
31500
31500
31500
31500
31531
31766
31958
31958
32229
32273
32459
32519
32671
32810
32894
32896
32905
32905
32905
33040
33071
33099
33109
33149
33417
33476
33723
33809
33963
33976
34254
34331
34446
34772
34791
34796
34796
34796
34796
34846
34853
34853
34853
35085
35175
35271
35297
35312
35866
35866
35874
35874
36213
36213
36307
36307
36478
36751
36872
37324
37332
37359
37359
37692
37693
37695
37706
37839
38000
38256
38518
38518
38518
38518
38518
38694
38694
38694
39078
39278
39646
40023
40116
40127
40127
40347
40459
40497
40497
40497
40497
40497
40497
40556
40710
41098
41598
41832
41832
