1554
1823
1823
2097
2174
2302
2472
2959
3428
3541
3612
3843
4037
4223
6158
6562
7066
7066
7066
7169
7421
7425
7625
7923
9819
10526
11186
11936
12679
13179
14205
14414
15026
15138
15138
15167
15619
16114
16592
16592
16635
16687
16687
17003
17095
17316
18589
19364
19365
19480
19484
19485
19702
19894
20139
20444
21489
21740
21900
22135
22135
22820
22820
22820
22820
22822
22847
23147
23499
24199
24373
24478
25225
25347
25665
26033
26861
27084
27210
27747
28089
28351
28397
28620
28811
28852
28867
28867
28912
28915
29182
29424
29707
29707
30182
30191
31298
31852
32014
32028
33044
34332
34423
34706
34707
34746
34791
34791
34791
34796
34796
34954
34954
35300
35587
35598
35750
35769
35770
36178
36211
36213
36430
37181
37304
37401
37486
37805
38301
39122
40028
41712
41712
