470
1061
1189
1606
2137
2137
2455
2966
3128
3180
3483
3483
3775
3868
4011
4011
4011
4838
4877
4961
5189
5230
5789
6104
6162
6162
6162
6162
6162
6162
6162
6162
6162
6215
6215
6229
7340
7886
7890
8053
8304
8577
8799
8817
8817
9041
9457
9457
9494
9518
9665
10376
10377
10397
10412
10532
10586
11011
11034
11206
11592
11592
11743
11776
11851
11881
11881
11881
11943
12009
12009
12033
12061
12250
12359
12840
12931
12933
12933
12984
13057
13163
13255
13255
13255
13515
13947
13986
14414
14421
14585
14607
14969
15026
15080
15138
15138
15576
15659
15875
15879
16033
16040
16163
16509
16575
16775
16835
17003
17003
17005
17143
17316
17316
17373
17417
17548
17607
17941
18409
18587
19439
19527
19611
19643
19643
19643
19819
20043
20434
20808
21320
21321
21321
21338
21338
21338
21473
21481
21813
21888
21888
21889
21961
22148
22148
22410
22691
22847
23052
23095
23563
23563
23763
23798
23851
23862
23927
23938
23975
23978
24078
24078
24093
24093
24102
24102
24205
24423
24423
25305
25362
25424
25440
25711
25711
25771
25771
25776
25784
25803
26031
26072
26272
26318
26478
26671
26715
26732
26732
26732
26738
27016
27236
27547
27572
27722
27803
27879
27879
27879
27879
27879
27879
28039
28117
28789
28801
28864
28893
29092
29126
29236
29393
29544
29549
29634
29657
29658
29773
29912
29929
30000
30042
30241
30302
30450
30995
31270
31270
31424
31671
31671
31994
32028
32028
32284
32329
32903
32905
33001
33134
33135
33706
33798
34107
34126
34331
34350
34853
35097
35175
35346
35843
36025
36159
36162
36213
36213
36213
37319
37332
37669
37670
38163
38370
38435
38443
38694
38694
38694
38694
38784
39629
40007
41172
41172
41183
41183
41183
41198
41586
41589
41589
41751
