287
641
641
1831
2371
2692
4712
4788
4966
5201
5885
6455
6770
7104
7187
8657
8657
8817
8862
9048
9454
9469
9554
10323
11566
11793
11842
12808
12813
13057
13414
13414
14103
14176
14317
14595
14607
15293
15302
15850
16033
16994
17005
17137
17373
17404
17435
17985
17985
18642
19527
19909
20434
21338
21338
21338
21423
21481
21481
21972
22097
22115
22907
24186
24501
25100
25100
25704
25801
26010
26014
26033
26380
26851
26861
27003
27023
27216
27747
27803
28039
28039
29261
29433
30203
30211
30527
30527
31433
31656
31940
32367
32367
32393
33330
35298
35337
35342
35346
36419
36438
36452
37670
38294
38443
38468
38694
39854
40526
40613
41344
41424
41586
41677
