308
456
630
641
700
1170
1189
1195
1195
1812
1823
1829
1876
1902
2150
2260
2455
2561
2742
2808
2808
2808
2808
2808
2808
2808
2808
2808
2808
2808
2808
2808
2808
2808
2808
2808
2808
2808
2808
2808
2808
2808
2808
2808
2808
2808
2808
2808
2808
2808
2808
2808
2808
2808
2808
2808
2808
2808
2808
2813
2879
3015
3136
3541
3737
3843
3872
4150
4244
4512
4721
4929
5202
5202
5217
5377
5394
5644
5806
5921
5921
5921
5931
6028
6045
6079
6104
6104
6104
6104
6136
6180
6311
6575
6774
6817
6895
6929
6981
6998
7458
7844
8168
8405
8619
8923
8988
9008
9094
9231
9351
9461
9469
9554
9600
9829
9829
10266
10325
10351
10351
10377
10919
10919
10919
11014
11475
11959
11959
12321
12331
12331
12515
12633
12669
12772
12772
12772
12772
12772
12772
12772
12772
12772
12772
12772
12772
12772
12772
12772
12772
12772
12772
12772
12772
12772
12772
12772
12772
12772
12772
12772
12772
12772
12772
12772
12772
12772
12772
12772
12772
12772
12772
12772
12772
12772
12772
12772
12772
12772
12772
12772
13020
13061
13255
13255
13255
13274
13306
13450
13480
13513
13655
13711
13712
14178
14414
14579
14828
15138
15434
15451
15451
15451
15451
15451
15451
15451
15451
15451
15469
15700
15882
15959
16013
16013
16118
16129
16271
16332
16400
16400
16495
16707
16835
16866
16870
16927
16938
16950
16994
17003
17018
17022
17091
17137
17137
17392
17529
17560
17640
17640
17656
18546
18665
18930
19116
19116
19116
19384
19427
19448
19527
19745
19745
19972
20043
20222
20442
20462
20777
20838
20867
21050
21132
21308
21495
21496
21616
21617
21744
21878
21900
21900
22476
22522
22604
22614
22614
22631
22644
22644
22644
22808
22824
22907
23268
23268
23268
23296
23321
23325
23390
23468
23468
23547
23563
23674
23733
23763
23832
23915
23963
24003
24080
24396
24396
24398
24423
24494
24523
24650
24691
24712
24712
24714
24745
24746
24746
25037
25060
25060
25169
25495
25672
25729
25779
25886
25890
25901
26070
26083
26219
26219
26715
26729
26729
26772
26793
26793
27121
27134
27145
27249
27346
27546
27803
27851
27851
27851
27851
27851
27851
27851
27868
28070
28157
28254
28292
28368
28378
28378
28396
28467
28467
28467
28467
28467
28698
28738
28800
28819
28823
28893
29233
29449
29467
29467
29702
29705
29707
29868
29922
30196
30235
30275
30278
30302
30357
30376
30406
30406
30450
30469
30533
30617
30618
30650
30821
30944
30996
31003
31014
31017
31018
31476
31496
31952
32115
32118
32142
32147
32810
32817
32822
32941
33261
33490
33490
33495
33836
34187
34271
34728
34755
34853
34926
34943
34961
34990
35033
35033
35070
35085
35085
35117
35175
35484
35672
35805
36754
36898
37196
37272
37272
37319
37319
37332
37332
37336
37401
37401
37481
37484
37486
37533
37637
37671
37706
37880
37937
38094
38186
38240
38353
38717
38812
38853
39191
39469
39570
39654
39660
39858
39858
40100
40436
40436
40467
40660
40825
40938
40977
41095
41116
41116
41183
41210
41301
41332
41333
41379
41428
41428
41622
41622
41631
41733
41758
42121
