250
965
983
983
1190
1249
1251
1527
1708
1823
1829
1834
2137
2493
2515
2840
4010
4541
4541
4552
5235
5459
5528
5553
6508
6726
6757
6934
7459
7600
7816
7817
7817
7817
7856
7877
7908
7909
7909
8075
8596
8843
8863
8863
8863
8907
9037
9048
9048
9469
9535
9554
9691
9757
9757
9795
11096
11098
11264
11432
11684
11724
12013
12121
12219
12220
12979
12979
13075
13109
13229
14205
14359
14359
14360
14365
14365
14365
14365
14365
14365
14414
14453
14460
14585
14599
14670
14800
14860
14944
15036
15142
15142
15517
15550
15851
16004
16400
16753
16753
16775
16835
17338
17338
17377
18353
18422
18422
18422
18422
18935
18958
19100
19116
19420
19789
20043
20098
20434
20444
20615
21384
21563
21766
22286
22378
22465
22500
22849
22857
23098
23151
23152
23733
23733
23733
23763
23763
23763
23796
23796
23796
23798
23852
23956
24478
24522
24523
24523
24644
24917
25005
25100
25100
25100
25171
25856
25930
25946
25946
25990
26031
26218
26363
26370
26719
26719
26759
26983
27010
27010
27064
27084
27150
27216
27512
28172
28172
28351
28585
28701
28770
29371
29506
29537
29611
29612
29630
29632
29639
29640
29640
29640
29649
29968
30201
30364
30463
30527
30533
30533
30731
30866
30884
30995
31017
31160
31164
31714
32284
33074
34250
34853
35033
35054
35297
35297
35297
35353
35450
35843
35853
35853
36097
36213
36213
36215
36307
36430
36523
36524
36749
36872
36872
37319
37332
37400
37401
37673
37882
38267
38581
38593
39854
40747
40747
40747
40818
41008
41172
41215
41215
41215
41555
41745
41745
41856
42010
42010
