189
237
287
584
748
965
1187
1190
1831
1831
1873
2006
2086
2137
2137
2692
3014
3134
3524
3527
3541
3541
3541
3543
3649
3868
4072
4072
4072
4072
4171
4652
4652
4788
4966
5535
5553
5557
5557
5557
5557
5557
5557
5557
5885
6137
6455
6562
6592
6682
6725
6770
6782
6830
6850
7014
7104
7120
7187
7381
7381
7381
7381
7631
7642
7642
7862
7926
8040
8040
8083
8101
8127
8242
8343
8561
8654
8654
8723
8862
9019
9048
9395
9426
9445
9454
9554
9725
9933
9933
10323
10366
10366
10376
10540
10540
11063
11219
11332
11332
11359
11480
11565
11675
11734
11883
12158
12431
12445
12518
12624
12637
12813
12873
12908
13089
13112
13145
13414
13665
13691
13751
13931
13931
14174
14176
14317
14400
14400
14414
14453
14460
14529
14607
15016
15134
15139
15293
15587
15850
15920
16013
16095
16095
16386
16386
16636
16691
16691
16835
16989
16994
17001
17005
17005
17373
17373
17404
17407
17407
17407
17417
17435
17488
17985
17985
17985
18130
18577
18642
18880
18889
19194
19365
19712
19724
19724
19805
19891
19909
20043
20414
20414
20906
21052
21338
21338
21338
21423
21481
21481
21481
21481
21481
21740
21740
21797
21797
21972
22045
22097
22116
22126
22126
22344
22344
22344
22344
22345
22345
22349
22554
22644
22706
22708
22907
23492
23714
23763
24186
24287
24373
24382
24501
24596
24596
24596
24596
24596
24783
25039
25225
25226
25264
25429
25704
25771
25801
25801
26010
26014
26033
26284
26284
26380
26417
26612
26715
26726
26861
26979
27003
27019
27019
27019
27023
27023
27084
27154
27249
27553
27571
27571
27747
27761
27768
27769
27803
27863
27868
27884
28361
28378
28378
28396
28424
28585
28704
28715
28725
28794
28892
29266
29283
29295
29387
29422
29433
29449
29449
29449
29449
29467
29467
29549
29568
29584
29705
29705
29776
29908
29941
29949
30182
30203
30211
30302
30307
30364
30419
30527
30527
30860
30860
30860
30860
30860
31282
31292
31304
31309
31309
31309
31387
31520
31520
31659
31739
31803
31803
31940
31945
31958
32115
32393
32535
32667
33044
33044
33149
33149
34651
34651
34853
34853
34957
34990
35071
35128
35128
35175
35297
35298
35337
35342
35346
35567
35587
35747
36213
36235
36386
36419
36438
36452
36712
36859
36867
37178
37228
37228
37271
37304
37304
37304
37304
37310
37332
37332
37332
37332
37332
37332
37365
37365
37400
37401
37401
37474
37660
37706
37706
37809
38294
38295
38302
38389
38443
38613
38618
38694
38922
39133
39133
39133
39133
39664
40027
40028
40028
40062
40196
40497
40613
40632
40645
40813
41049
41162
41183
41183
41183
41215
41274
41314
41339
41344
41678
41745
41745
41745
41745
