40
127
432
643
1164
2153
2160
2284
2284
2569
3233
3392
3543
3599
3652
3662
3728
3814
3816
3825
4552
4552
4907
4961
5232
5317
5535
5535
5596
5744
6177
6177
6278
6278
6470
6488
6562
6793
6902
6902
7014
7029
7093
7093
7097
7104
7104
7104
8759
8843
8852
9387
9469
9518
9518
9795
10325
10335
10335
10452
10521
10978
11041
11480
11480
11672
11784
11881
12359
12627
12862
12908
12997
13179
13378
13408
13644
13708
13708
14513
14585
14585
14585
14585
14585
14585
14595
14602
14685
15026
15069
15069
15145
15293
15537
15581
15619
15619
15619
15720
16271
16271
16271
16835
16835
16835
17316
17440
17443
17443
17444
17444
18021
18027
18422
18942
19127
19365
19995
20043
20390
20867
21174
21273
21561
21592
21668
21955
22286
22320
22342
22356
23189
23451
23718
23737
23763
23763
24078
24078
24078
24103
24103
24103
24111
24205
24205
24483
25133
25148
25776
26031
26031
26715
26729
27026
27084
27084
27164
27426
27427
27513
27527
27537
27640
27803
28058
28058
28260
28546
28550
28553
28686
28816
29077
29077
29449
29461
29461
29467
29467
29634
29639
29913
29918
30368
30444
30653
31084
31164
31164
31259
31482
31958
32218
32970
33054
33182
34187
34265
34943
34954
35175
35175
35297
36025
36025
36026
36159
36178
36178
36178
36213
36968
37282
37401
37447
38368
38474
38509
38511
38694
38824
38896
38927
38960
39638
39835
40343
40972
41328
41598
41832
