223
500
507
685
688
828
1039
1252
1364
1426
1433
1437
1790
1823
2013
2086
2137
2137
2174
2262
2269
2293
2376
2464
2501
2694
2855
2938
2938
2938
2957
3127
3146
3215
3336
3437
3843
3868
3967
4011
4166
4353
4391
4593
4593
4593
4706
5174
5526
5596
5597
5926
6152
6296
6488
6506
6738
6769
7093
7097
7104
7104
7151
7151
7193
7337
7347
7347
7347
7654
7663
7706
7746
8053
8112
8188
8208
8217
8242
8358
8571
8575
8624
8657
8735
8862
8907
8910
8938
9202
9415
9415
9415
9600
9776
9826
9929
10076
10244
10376
10422
10504
10504
10586
10677
11195
11425
11494
11566
11793
11793
11835
11983
12191
12192
12195
12342
12342
12578
12578
12578
12628
12635
12704
12775
12781
12805
12812
12908
12908
13057
13154
13532
13619
13643
13644
13673
13678
13688
13903
14387
14414
14414
14414
14585
14595
14595
14607
14668
14929
15016
15020
15020
15026
15026
15138
15138
15138
15171
15171
15179
15185
15537
15584
15686
15875
15879
16002
16014
16017
16095
16299
16477
16477
16552
16635
16835
17014
17088
17091
17143
17308
17316
17373
17373
17377
17377
17455
17529
17575
17607
17993
18131
18265
18345
18393
18409
18561
18578
18581
18759
18844
18960
19702
19724
19891
19911
19952
19952
19995
20043
20043
20253
20268
20416
20419
20749
20765
20819
20819
20819
20820
20976
21074
21338
21338
21475
21687
21737
21989
22201
22319
22320
22378
22572
22632
22691
22945
23685
23687
23713
23798
23835
23835
23840
24103
24289
24318
24610
24625
24704
24704
24704
24783
24783
24783
24874
25022
25145
25169
25312
25410
25584
25643
25701
26024
26031
26033
26152
26192
26219
26266
26284
26417
26555
26562
26715
26715
26738
26846
26846
26973
27023
27084
27084
27084
27157
27157
27157
27157
27164
27164
27164
27412
27500
27609
27699
27700
27864
27939
28016
28333
28346
28378
28378
28404
28404
28404
28424
28424
28424
28432
28434
28628
28631
28675
28685
28698
28738
28748
28768
28774
28796
28796
28834
28879
29077
29091
29226
29226
29261
29266
29338
29449
29472
29478
29556
29631
29634
29689
29826
29909
30017
30029
30182
30201
30211
30211
30302
30509
30509
30509
30655
30765
30775
30775
30860
30864
30866
30872
31130
31243
31282
31283
31482
31482
31482
31482
31482
31482
31482
31523
31659
31692
31709
31738
31739
31852
31934
31945
32079
32218
32342
32356
32356
32356
32548
32645
32655
32893
32915
32972
33001
33485
33602
33670
33874
33967
34052
34197
34331
34331
34401
34429
34521
34904
34943
34943
34943
34943
34954
35033
35085
35085
35085
35085
35175
35175
35178
35208
35298
35298
35300
35750
35773
35773
35843
35843
35843
35843
35843
36025
36159
36213
36416
36478
36898
36948
37057
37077
37121
37319
37332
37365
37365
37556
37556
37562
37670
37771
37779
37830
38245
38295
38363
38363
38424
38425
38425
38425
38468
38518
38534
38592
38694
38694
38694
38694
38694
38927
38945
39162
39162
39343
39343
39599
39629
39835
39998
40028
40102
40116
40117
40203
40320
40356
40526
40579
40753
40852
40946
40955
41038
41038
41119
41119
41126
41314
41807
41853
