112
122
765
1190
1316
1831
2856
3198
3480
3500
3703
4318
4351
4758
4915
5529
5535
5914
7104
7104
7151
7642
7642
7864
8016
8019
8019
8019
8056
8344
8657
8691
9457
9568
9677
9692
10299
10377
10504
10857
11425
11476
12129
12202
12321
12369
12808
12876
13014
13057
13116
13406
14042
14380
14467
15047
15619
15646
16017
16446
17003
17435
17528
17529
17632
18129
19420
19504
19755
19758
20448
21598
21794
21860
22342
22708
23713
23733
23763
24141
24523
24523
24573
25060
25803
25886
26715
26715
26715
27154
27346
27710
27879
27952
28094
28094
28424
28440
28698
28774
28798
28800
28800
29261
29461
29467
29804
29913
30087
30406
30864
31197
31197
31958
33044
33349
33353
33776
34973
35085
35337
35337
35874
36307
36409
36416
36433
37347
37539
37669
37779
37779
38280
38711
38711
38877
39155
40116
40322
40556
40679
40799
41390
