871
1536
2034
2260
2269
2358
2372
2932
3351
3649
3667
3872
4523
4961
5337
5920
6457
6457
6726
6803
7014
7014
7014
7031
7104
7706
7706
7858
7908
8053
8294
8533
8861
8890
9041
9235
9372
9469
9469
9469
9554
9757
9860
10411
10564
10674
11011
11174
11230
11565
11734
12121
12695
13273
13406
13532
13936
14299
14301
14409
14585
14585
14585
14599
14965
14965
15138
15421
15687
15983
17316
17316
17435
17435
17557
18422
18422
18889
19351
19384
19527
19552
19891
19891
20253
20444
20882
20910
20948
21321
21338
21338
21338
21481
21481
21481
21556
21670
21758
21971
22286
22352
22554
22907
23195
23195
23195
23195
24042
24050
24093
24093
24093
24093
24093
24093
24093
24093
24205
24318
24318
24318
24318
25038
25420
25440
25800
25800
26072
26327
26417
26526
26615
26695
26715
26724
28172
28172
28704
28768
29423
29449
29449
29467
29513
29549
29723
30201
30383
30393
30406
30694
31084
31788
32234
32234
32439
32555
32721
33001
33001
33601
34314
34707
34943
34990
35874
36307
36487
36824
36866
37178
37178
37178
38303
38303
38511
38694
38697
38728
38968
39279
39343
39470
39678
39711
39858
40117
40579
40927
