641
1190
1210
1210
2137
2137
2150
2160
2614
2880
2957
2957
3422
3437
3437
3486
3504
3783
3843
3868
3959
3986
4171
4171
4712
5166
5181
5181
5181
5184
5300
5659
5754
6278
6505
6669
6669
6832
6832
6832
6832
7199
7237
7237
7625
8539
8540
9568
10088
10377
10403
10516
10538
11475
11694
11724
11784
11978
11983
11983
11983
11983
11983
13057
13057
13057
13057
13255
13255
13255
13255
13255
13255
13255
13255
13935
13935
14158
14438
14928
14942
15138
15517
15576
15576
16014
16035
16268
16294
16317
16522
16522
16522
16705
16705
16705
16705
16705
16705
16705
16705
16933
16938
16954
16954
16954
16954
17003
17053
17170
17679
19365
19393
19819
20366
20366
20434
21107
21382
21443
21854
21854
21854
21854
21860
22097
22136
22422
22422
22422
22422
22422
22422
22612
22684
22691
23189
23223
23631
23733
23733
23733
23733
23763
23865
23926
24229
24229
24229
24229
24230
24501
24501
24650
24650
24705
25362
25501
25798
25984
25984
26614
26614
26614
26823
26823
26823
26987
27010
27084
27154
27185
27185
27185
27200
27210
27512
27512
27512
27747
27803
27868
28247
28247
28247
28247
28247
28247
28247
28247
28247
28247
28378
28378
28378
28378
28378
28378
28630
28694
28694
29449
29449
29449
29461
29461
29467
29467
29467
29467
29614
30287
30287
30287
30287
30287
30287
30287
30293
30406
30448
30448
30448
30448
30448
30457
30457
30457
30465
30510
30552
30552
30552
30552
30643
30769
30769
30769
30769
30769
30769
31037
32523
32816
32816
32988
33054
33556
33723
33849
33849
33849
33849
33849
33849
33849
34242
34242
34242
34401
34401
34426
34842
34853
34853
34853
34913
34913
34913
34933
34935
35175
35175
35334
35616
35818
35847
35930
36213
36307
36349
36388
36445
36478
36655
36879
36961
37129
37129
37129
38039
38694
38694
38694
38780
38780
38837
38903
38903
39053
39053
39053
39053
39108
39108
39113
39150
39243
39274
39274
39520
39549
39711
39711
39711
39711
39711
39711
39711
39711
39711
39711
39711
39806
39806
39806
39806
39807
39858
40127
40704
40813
40819
40819
41049
41488
41957
