287
522
571
633
804
811
1221
1221
1221
1221
1285
1296
1358
1829
1831
1988
2501
2501
2532
2692
2778
2957
3086
3086
3351
3351
3599
3652
3872
4195
4195
4593
4593
4788
4838
4896
4966
5357
5527
5527
5741
5755
5808
5808
5808
5850
5911
5911
5911
5911
6035
6131
6131
6131
6158
6198
6198
6198
6198
6198
6198
6198
6198
6222
6222
6457
6457
6457
6457
6488
6488
6488
6488
6488
6488
6488
6488
6488
6488
6489
6489
6489
6491
6491
6491
6543
6543
6770
6917
6944
7104
7187
7348
7625
7625
7857
8042
8571
8702
8702
8797
8862
9048
9125
9169
9201
9201
9201
9202
9202
9382
9415
9445
9454
9554
9679
9725
9725
9747
9833
9833
10024
10314
10323
10397
10532
10540
10579
10889
10955
11110
11128
11161
11449
11776
11778
11881
11881
11911
12216
12307
12330
12331
12649
12649
12649
12649
12661
12807
12812
12813
12930
13057
13057
13057
13057
13068
13273
13383
13414
13644
13644
13644
13644
13651
14176
14240
14585
14833
14977
15026
15138
15139
15180
15192
15293
15459
15564
15607
15610
15850
15850
16004
16163
16457
16457
16522
16522
16561
16670
16772
16772
16772
16772
16775
16775
16786
16790
16835
16835
17005
17005
17022
17137
17316
17316
17338
17373
17373
17373
17404
17435
17938
17985
17985
18152
18337
18642
18755
19116
19755
19909
19952
19952
20043
20287
20312
20858
20867
21006
21092
21138
21338
21338
21338
21338
21338
21423
21452
21481
21737
21816
21972
22095
22097
22320
22320
22431
22444
22590
22708
22708
22708
22827
22827
22827
22907
22915
23043
23335
23461
23468
23851
23857
23857
24078
24078
24168
24168
24168
24168
24168
24168
24168
24168
24168
24168
24168
24186
24423
24423
24501
24501
25014
25014
25100
25100
25122
25122
25571
25614
25704
25776
25801
25803
25803
25803
25803
25913
25951
25951
25951
25951
25951
25951
26014
26033
26033
26033
26195
26380
26506
26506
26861
26896
26896
26998
27003
27030
27030
27057
27084
27084
27164
27164
27200
27203
27256
27617
27700
27703
27747
27803
27867
28200
28264
28264
28378
28378
28378
28378
28378
28424
28432
28440
28696
28732
28732
28738
28752
28791
28849
28856
28972
28998
29182
29261
29261
29261
29283
29283
29283
29283
29283
29295
29433
29449
29452
29458
29467
29472
29506
29768
29800
29919
30029
30087
30087
30087
30087
30190
30190
30203
30211
30293
30406
30406
30406
30465
30465
30465
30527
30527
30527
30533
30603
30603
30626
30653
30773
30773
30859
30859
31447
31447
31591
31739
31978
32021
32028
32161
32281
32315
32393
32817
33141
33227
33335
33426
33482
33482
33809
33836
34074
34331
34331
34659
34746
34746
34853
34882
35097
35155
35175
35220
35220
35296
35342
35346
35346
35654
35749
35770
35843
35843
36026
36157
36335
36412
36416
36438
36452
36522
36522
36816
36872
36921
37086
37271
37319
37332
37611
37671
37671
37671
37779
37779
38659
38697
38877
39480
39480
39591
39728
39904
39969
40023
40219
40457
40613
40627
40819
41000
41063
41110
41110
41306
41314
41344
41435
41435
41619
41619
41827
41827
41827
41857
41868
42142
42142
