138
636
930
940
965
1189
1311
1823
1831
2302
2361
2492
2492
2492
2492
2492
2492
2492
2581
2581
2581
2581
2581
2642
3128
3303
3484
3730
4016
4292
4292
5757
5789
6086
6086
6432
6488
7093
7346
7415
7832
8759
8832
8862
9718
10366
10367
10598
11358
12322
12626
12628
12632
12781
12932
13104
13255
13467
13530
13871
14205
14414
14877
15026
15227
15527
16390
16393
16650
16650
16658
16772
16772
16775
17005
17338
17871
17941
18353
18353
19236
19326
19657
19709
19987
20182
20191
20191
20195
20195
20195
20444
21496
21759
21973
23250
23250
23687
23733
23763
23763
23809
23809
23916
23920
23923
24042
24056
24174
24350
24350
24501
25182
25467
25467
25467
25681
25681
25737
25737
25737
25798
25798
25800
25801
25803
26208
26208
26284
26284
26289
26647
27210
27363
27363
27795
27888
27920
28117
28343
28378
28549
28695
28713
28713
28796
28973
29713
29713
29915
30211
30376
30465
30540
30562
30584
31447
32029
32464
32649
32736
33109
33320
33798
34240
35085
35128
35223
35271
35271
35337
35337
35820
35843
35843
35843
36307
37043
37828
37828
37828
37875
37880
37880
38151
38612
38837
39352
39360
39638
39639
39736
40196
40553
40562
40580
40955
40994
41049
41274
41594
