2325
2561
2893
4011
4292
4712
4865
4865
5330
5557
5657
7654
7706
8112
8633
9469
9473
9474
10504
11011
11144
11776
11872
12070
12071
12071
12323
13057
13135
13406
13935
14607
14607
14607
14607
15016
15016
15016
15016
15716
16118
16118
17316
17316
18340
18391
18391
18391
18391
18391
18391
18422
18964
19307
19479
19888
20444
20448
21033
21098
21737
22015
22022
23520
24382
24382
24382
24494
24596
24730
24837
25148
25873
26031
26369
26573
26635
26700
26715
26732
26732
26732
26732
27023
27066
27217
27877
28378
28424
28440
28985
29261
29480
30364
31482
31482
31482
31482
32011
32221
33417
33851
34632
35220
35337
36065
37163
38077
38543
38981
39252
39409
41413
41751
