182
258
339
339
355
831
1162
1358
1517
1630
1770
1867
1901
1901
1916
1942
2065
2137
2177
2177
2216
2269
2294
2367
2444
2444
2476
2476
2477
2477
2740
2821
2838
2957
2957
2979
2979
3025
3147
3221
3709
3831
3868
3908
3976
4176
4210
4210
4320
4472
4489
4505
4514
4514
4541
4570
4755
4774
4792
4792
4806
4841
4843
4975
4983
4983
5037
5071
5292
5330
5409
5423
5480
5627
5808
5839
6079
6104
6112
6295
6330
6402
6488
6505
6562
6562
6654
6654
6654
6654
6654
6727
6832
6853
6853
6855
7007
7036
7093
7093
7096
7118
7154
7246
7260
7260
7381
7862
8088
8161
8257
8439
8862
9245
9299
9426
9445
9499
9910
9912
9929
9949
9949
9964
10540
10540
10695
10698
11014
11074
11475
11637
11764
11821
11883
11954
12337
12627
12639
12679
12952
12992
12993
13057
13242
13255
13255
13273
13947
14177
14205
14552
14599
14707
14707
14719
14962
15138
15252
15283
15368
15576
15576
15576
15736
15869
15886
16011
16013
16113
16120
16120
16126
16131
16153
16153
16153
16299
16369
16580
16819
16835
16835
16835
16835
16893
16978
17012
17331
17338
17373
17484
17529
17662
17797
17797
17860
17860
18354
19065
19325
19372
19467
19480
19811
19811
19811
19811
19820
19842
20389
20444
20518
20659
20697
20699
20699
21006
21066
21277
21334
21334
21548
21548
21743
21849
22323
22356
22356
22369
22383
22448
22448
22691
22770
22780
22805
22840
22907
22930
22995
23047
23129
23243
23495
23733
23763
23796
23796
23851
23865
23869
23880
23916
23938
23977
23985
24000
24000
24523
24610
24610
25010
25063
25197
25241
25601
25705
25712
25734
25737
25789
25798
25798
25990
25990
26005
26072
26384
26400
26417
26615
26685
26788
26866
26880
26925
26983
27087
27118
27171
27256
27258
27258
27258
27258
27258
27264
27349
27349
27648
27699
27803
28055
28055
28055
28056
28058
28058
28058
28094
28126
28132
28207
28297
28312
28378
28378
28476
28476
28484
28605
28605
28724
28738
28800
28800
28849
28852
29075
29158
29284
29338
29356
29421
29449
29460
29611
29611
29611
29639
29705
29707
29782
29804
29826
29832
29832
29908
29908
29909
29917
29922
29922
29922
30211
30211
30368
30368
30368
30368
30368
30391
30391
30391
30391
30391
30391
30391
30444
30444
30450
30465
30581
30658
31266
31651
31894
31943
31943
32470
32652
32778
33086
33414
33417
33417
33417
33417
33417
33417
33417
33417
33426
33426
33426
33702
33712
33712
33836
33850
34324
34704
34890
34890
34914
35033
35033
35085
35175
35334
35334
35337
35337
35342
35551
35674
35843
36114
36131
36135
36213
36213
36307
36716
36716
36716
36910
36948
37115
37191
37208
37293
37332
37365
37416
37474
37479
37485
37589
37671
37679
37830
37830
37833
37833
37833
37903
38081
38262
38538
38552
38593
38599
38599
38599
38599
38694
38762
38853
39274
39343
39411
39480
39595
39641
39711
39796
40028
40034
40068
40127
40176
40219
40322
40401
40861
40891
41019
41183
41183
41213
41263
41266
41274
41274
41274
41274
41274
41274
41274
41274
41480
41480
41586
41586
41586
41619
41619
42153
