123
981
1278
1316
1331
1436
1770
1770
1770
1901
2260
3687
4278
4712
4712
4712
4777
4865
4865
4865
4961
5557
6104
6104
6552
6562
7439
7706
7706
7706
7706
8146
8246
8319
8343
8403
8467
8593
8919
9164
9469
9599
9795
10325
10397
11022
11272
12627
12908
12995
13389
13391
13537
13539
13750
13751
13866
13868
13868
13871
14256
14585
14670
14692
14965
15130
15963
16017
16118
16297
16571
16571
16835
16835
17143
17341
18365
18366
18622
18625
18625
19350
19370
19541
19541
19755
19902
20107
20445
20445
21423
21445
21481
21481
21661
21715
22286
22850
23386
23687
24093
24093
24103
24103
24119
24217
24351
24351
24396
24478
25101
26072
26072
26284
26284
26284
27969
27969
28039
28297
28351
28378
28378
28432
28432
29223
29231
29261
29261
29261
29295
29424
29449
29449
29639
29908
29908
29908
30234
30293
30368
30368
30527
30699
30744
32859
32954
33001
33010
33017
33339
34128
34135
34853
34908
34908
35680
35680
36416
36433
36438
36450
36521
36521
36521
36816
36957
37178
37178
37304
37462
37505
37508
37869
38659
38837
39160
39241
39413
39589
39884
40127
40783
40910
40910
40991
40991
40991
41327
41398
41586
41781
