529
1170
1323
1690
1831
1956
1956
1956
2010
2043
2137
2260
2294
2294
2304
3225
3649
4320
4651
4870
5240
5249
5557
5789
5789
6189
6457
6993
7104
7422
7423
7571
7672
7737
8053
8656
8890
8942
9073
9115
9365
9469
9553
9813
10245
10411
10411
10586
10865
11890
12033
12343
12852
13165
13255
13255
13349
13722
14230
14414
14653
14687
14828
15016
15026
15178
15203
15203
15469
15562
15695
16013
16013
16390
16442
16772
16772
16772
17012
17316
17316
17373
17396
17623
18162
19116
19888
20444
20953
21107
21244
21338
21338
21362
21489
21598
21599
21669
22225
22490
22695
22706
22706
22708
22806
22840
22849
22857
23296
23733
23852
23938
23938
24059
24205
24205
24423
24491
24745
25010
25060
25145
25215
25556
25556
25573
25589
25800
25898
26031
26031
26072
26521
27084
27084
27092
27092
27092
27093
27093
27093
27093
27093
27093
27093
27093
27093
27093
27481
27481
27773
27877
28060
28481
28481
28481
28481
28686
28698
28783
28798
29271
29467
29595
29778
29851
29909
29922
30182
30201
30211
30211
30288
30376
30872
31028
31311
31437
31482
31482
31482
31675
32120
32334
32343
32348
32894
33110
33149
33245
33492
33492
33509
33510
34272
34853
34891
34994
35085
35085
35297
35298
35298
35584
35643
35743
35843
36025
36039
36190
36191
36213
36739
36789
36816
36872
37445
38296
38378
38877
38951
38960
39076
39083
39150
39279
39352
39483
39998
40028
40196
40322
40322
40385
40497
40562
40619
40704
40879
40943
40945
41020
41106
41172
41856
41858
