632
1338
1821
2269
2304
2477
2969
3973
4011
4011
4011
4011
4695
4968
5528
5553
5596
5597
5597
5643
6494
7197
7928
8469
9073
9315
9317
9469
9875
11392
12960
13403
13427
13740
14205
14414
14687
14871
14935
15026
15138
15138
15246
15560
16411
17377
18743
18928
18928
18928
18928
19412
19412
19985
20082
20098
20316
20937
20940
21900
22135
22187
22857
23798
24103
24487
24523
24523
25890
26072
26152
26181
26252
26287
26426
26727
27090
27236
28052
28052
28052
28378
28583
28687
28798
28798
28801
29449
29461
29467
29513
29584
29611
29637
29705
29912
29922
30279
30368
30399
30744
30889
31379
32389
32755
33505
33836
34334
34554
34853
35039
35353
35529
35585
35932
36213
37332
37486
37670
38837
40128
40247
40487
40489
40612
41008
