871
1516
1829
2177
2660
3195
3444
3444
3543
3543
4507
4909
5483
6703
6703
6769
6782
6855
6855
7309
7706
7856
7918
8040
8242
8885
8993
9426
9426
9597
9736
9795
9795
9795
10125
10125
10125
10319
10325
10540
10665
11003
11169
11565
11733
13281
13976
14374
14380
14380
14525
14814
15065
15131
15177
15315
15514
15514
15576
16014
16014
16035
16271
16400
16446
16870
17003
17005
17316
17316
17316
17316
17373
17417
17622
17639
17639
17639
17639
17941
18231
18265
18762
18920
19427
19703
19894
20153
20153
20442
21145
21321
21321
21321
21372
21372
22006
22100
22320
22378
23285
23285
23321
23333
23804
24143
24205
24205
24205
24205
24494
24500
24585
25100
25886
26041
27084
27134
27248
27660
28605
28605
28605
28701
29097
29119
29141
29261
29276
29276
29283
29295
29317
29348
29461
29610
29639
29684
29695
29909
30527
30527
30996
31373
32304
33044
33075
33075
33145
33417
33427
33789
34297
34700
34874
35175
35175
35874
36219
36355
36522
37168
37169
37401
38542
38686
38694
38694
38784
38912
40028
40645
40747
41219
41224
41302
