535
1449
1770
2090
2966
3351
3351
3351
3351
3660
3670
5505
5624
5627
5757
6488
6488
7229
7229
8255
8428
8910
9018
9019
9757
9759
9795
9965
9965
10564
10564
11275
11733
11733
12273
12936
13057
14288
14585
15759
16014
16691
17316
17373
18422
18422
18889
18889
18889
20070
20544
20948
20975
20975
21028
21338
21338
21338
21338
21916
21978
22378
22541
22541
23468
23740
23798
23798
23852
23865
24015
24015
24078
25924
27779
28088
28088
28677
28732
28980
30314
30533
30840
30860
30988
31373
32218
32459
32905
33110
34707
35635
37163
37332
37669
37695
37695
37779
38298
38378
38687
38694
38694
38694
38694
38694
38716
39128
40866
