1829
1829
1830
1830
2260
2587
2957
3541
4182
4858
5596
6162
6168
6168
6168
6896
6933
6981
7014
7104
7104
7267
7438
7918
8108
8656
8799
8942
9048
9476
9567
9819
11422
11815
11816
11881
12446
13638
13644
13644
14397
14414
14585
14585
14585
14585
14585
15016
15016
15029
15131
15544
15545
15549
15549
15605
15605
15605
15879
16400
16525
16530
18006
18333
18479
18583
18588
19244
19758
19986
20043
20043
20419
21338
21524
21524
21706
22348
22907
23098
23851
23851
24017
24078
24078
24103
24103
24103
24143
24423
24485
24783
24816
25424
25584
25584
25627
25776
26033
26033
26033
26219
26647
26724
26732
26732
26732
26732
27020
27020
27020
27020
27020
27030
27164
27164
27164
27164
27164
27164
27164
27532
27532
27660
27772
28270
28270
28270
28346
28480
28480
28732
29263
29385
29433
29449
29912
30201
30201
30201
30464
30552
31008
31265
31269
31354
31355
31482
31482
31482
31482
31921
31923
32894
32897
33044
33674
33936
35175
35297
35749
36159
36159
36159
36159
36213
36416
36416
37347
37365
37401
37445
37445
38367
38784
39396
39646
40551
40619
40704
41049
41049
41203
41203
41203
41203
41675
41733
41747
41747
