80
287
332
428
965
1603
1829
1831
2153
2153
2177
2260
2260
2269
2271
2325
2660
2668
2692
2724
2756
2756
2988
3128
3304
3304
3483
3484
3500
4166
4305
4474
4510
4788
4788
4872
4966
5002
5002
5002
5002
5002
5118
5201
5292
5292
5392
5474
5477
5484
5789
5842
5842
5852
5885
5911
6044
6086
6158
6158
6215
6455
6498
6543
6543
6562
6719
6770
6771
6784
7096
7104
7187
7401
7663
7754
7806
8112
8218
8358
8563
8657
8721
8735
8862
8930
8932
9048
9138
9367
9367
9445
9454
9469
9554
9607
9725
10025
10034
10202
10323
10532
10540
10818
10899
11161
11225
11613
11758
11768
11776
11793
11881
11881
11881
12009
12148
12186
12186
12186
12186
12186
12186
12186
12813
13057
13057
13154
13255
13273
13273
13414
13414
13414
13625
13625
13750
13751
13751
13751
13891
14176
14317
14383
14414
14414
14670
14682
14844
15138
15176
15221
15221
15239
15239
15239
15239
15293
15408
15517
15661
15813
15850
15885
15932
15937
16014
16033
16033
16163
16543
16624
16624
16624
16867
16870
16994
17003
17003
17005
17034
17077
17316
17316
17316
17316
17316
17316
17316
17316
17373
17373
17404
17423
17425
17435
17607
17639
17639
17639
17639
17639
17639
17639
17639
17639
17639
17985
17985
18130
18135
18257
18292
18415
18577
18642
18814
18845
18930
18930
18931
18931
19350
19504
19527
19527
19726
19758
19909
20094
20132
20434
20434
20434
20442
20445
21005
21170
21311
21311
21338
21338
21338
21338
21338
21338
21423
21448
21481
21481
21481
21481
21509
21575
21740
21740
21740
21811
21972
22097
22178
22286
22349
22349
22713
22850
22878
22907
22907
23139
23321
23321
23516
23520
23520
23520
23563
23566
23733
23792
23927
24186
24199
24199
24205
24205
24205
24267
24267
24287
24294
24423
24494
24494
24501
24789
24868
25145
25326
25571
25571
25571
25665
25704
25784
25801
25803
26010
26014
26033
26033
26033
26072
26188
26209
26209
26252
26252
26262
26262
26284
26284
26380
26715
26793
26861
27003
27027
27134
27204
27249
27249
27747
27747
27803
27803
27867
27964
27967
27969
27969
27982
28378
28378
28424
28424
28585
28628
28684
28753
28891
29054
29077
29077
29077
29077
29077
29094
29182
29261
29327
29433
29513
29713
29797
29879
29906
29922
29981
30042
30043
30184
30203
30211
30293
30406
30406
30509
30527
30527
30606
30765
30859
30864
30912
30916
31028
31038
31197
31197
31261
31433
31482
31482
31482
31482
31482
31659
31659
31764
31764
31764
31940
32145
32272
32273
32304
32310
32393
32414
33044
33044
33060
33074
33074
33379
33417
33733
33949
34097
34240
34314
34331
34331
34429
34755
34755
35085
35095
35095
35250
35298
35342
35346
35353
35401
35773
36089
36174
36355
36419
36438
36452
36522
36872
36932
36983
37017
37178
37178
37178
37319
37319
37319
37332
37332
37348
37365
37400
37401
37422
37426
37779
37831
37831
38272
38272
38272
38272
38294
38353
38443
38443
38614
38681
38812
38909
39128
39128
39274
39287
39342
39342
39429
39434
39532
40027
40052
40426
40426
40526
40613
41119
41313
41321
41344
41674
41751
41795
41818
