201
223
288
289
289
290
290
290
290
290
293
605
609
685
696
762
829
871
940
1035
1271
1271
1309
1400
1609
1829
2007
2013
2013
2015
2015
2015
2015
2015
2063
2137
2137
2137
2150
2458
2476
2589
2957
3015
3541
3546
3565
3610
4160
4272
4292
4292
5292
5557
5720
5757
6240
6435
6457
6547
6712
6728
6981
6981
6981
6993
7014
7104
7104
7104
7104
7104
7267
7470
7579
7706
7861
8010
8225
8560
8575
8596
8706
8942
9124
9124
9177
9389
9476
9540
9557
9811
9932
10067
10584
10787
10969
11137
11143
11206
11423
11480
11494
11563
11563
11563
11605
11726
11816
12033
12033
12070
12071
12071
12071
12071
12071
12071
12120
12343
12358
12359
12359
12359
12378
12378
12378
12380
12380
12380
12380
12476
12620
12632
12801
12859
12932
13097
13165
13165
13273
13357
13357
13527
13530
13586
13589
13947
13986
13986
14080
14171
14310
14355
14412
14414
14599
14603
14650
14650
14668
14677
14877
15080
15174
15180
15180
15180
15180
15373
15576
15576
15576
15715
15959
15959
15961
15963
15994
15994
16271
16282
16376
16400
16400
16400
16785
16835
16835
16835
17005
17096
18065
18265
18353
18504
18745
19116
19216
19223
19224
19226
19236
19236
19236
19527
19552
19627
19660
19660
19660
19752
19817
19891
19964
19964
19967
19967
20414
20419
20419
20445
20448
20753
20761
20840
21080
21481
21481
21681
22097
22097
22162
22286
22286
22320
22320
22320
22602
22741
22741
22849
22862
23056
23056
23492
23631
23733
24042
24083
24103
24192
24423
24474
24478
24494
24706
25086
25100
25141
25602
25639
25639
25643
25643
25779
25779
25780
26031
26031
26031
26033
26072
26173
26173
26204
26246
26581
26715
26983
27016
27023
27084
27084
27134
27134
27134
27249
27393
27586
27609
27633
27795
27867
27879
27879
27879
27879
27879
27879
27879
27879
28133
28361
28546
28550
28550
28580
28592
28592
28605
28686
28686
28704
29059
29223
29226
29467
29473
29478
29513
29544
29545
29572
29704
29704
29727
29797
29808
29815
29910
29913
30126
30132
30182
30195
30195
30195
30195
30195
30195
30195
30201
30201
30209
30211
30293
30294
30376
30376
30376
30376
30376
30376
30376
30406
30463
30509
30533
30552
30737
30765
30765
30884
30936
30962
30995
31016
31017
31018
31071
31308
31327
31327
31531
31573
31573
31573
31958
32115
32128
32129
32302
32308
32414
32429
32429
32465
32489
32503
32570
32905
32916
32949
33028
33071
33117
33118
33937
34853
34853
34853
34853
34853
34926
34990
35128
35128
35297
35297
35360
35628
35863
35863
35863
35863
35863
35865
35865
35865
35865
35874
35874
35874
35874
35875
36070
36118
36295
36410
36484
36484
36489
36686
36757
36757
36759
36872
36872
36921
37244
37304
37304
37310
37332
37365
37365
37365
37400
37401
37425
37594
37669
37669
37670
37695
37706
37706
37828
38272
38298
38364
38373
38387
38394
38394
38574
38587
38633
38661
38750
38835
39343
39343
39352
39646
40023
40028
40101
40116
40384
40403
40432
40551
40774
40774
40781
41049
41149
41194
41381
41598
41598
41751
41896
41896
41896
41896
41896
41896
