765
1249
1249
1698
1698
1831
2180
2325
2476
3015
3229
4712
4712
4865
5321
5557
6548
6550
6703
7152
7365
7644
7706
7810
7856
7980
7980
8216
8345
9261
9261
9403
9404
9426
9469
9600
10411
10880
10903
11475
11793
11983
12201
12271
12307
12343
12358
12359
12486
12486
12805
14023
14954
15016
15138
15619
16033
16118
16413
16659
16659
17164
17164
17316
17906
18250
18252
18562
18861
18861
19882
20419
20419
20445
20972
20997
20997
22286
22286
22836
22850
22878
22878
22882
22882
22882
22882
22907
23168
23938
23938
24423
24501
24523
24523
25643
25759
25800
25800
25800
25890
26252
26797
27133
27210
27659
28058
28133
28424
28424
28424
28424
28434
28440
28774
29261
29353
29467
29584
29913
30302
30867
33075
33945
34187
34629
35085
35155
35175
35450
35451
35590
36478
36859
37244
37332
37332
37332
37400
37401
37485
37514
37536
37537
38437
38586
38634
38687
39600
40023
40023
40028
40813
40813
41642
41669
