1770
1829
2260
2269
2492
2534
2740
2968
3002
3167
3532
3565
3765
4149
4320
4351
4388
4674
4674
4675
4675
4675
4788
4798
4908
5111
5412
5596
5644
5996
6008
6095
6173
6619
6669
6793
6793
6793
6793
6852
6906
6907
6908
6912
6913
6913
6913
7048
7093
7093
7093
7093
7093
7093
7093
7093
7093
7104
7104
7107
7157
7157
7629
7736
7820
7820
7820
7913
8016
8016
8019
8019
8162
8306
8542
8630
8633
8926
9032
9093
9226
9358
9426
9445
9469
9473
9929
10242
10297
10376
10376
10376
10540
10540
11730
11816
12047
12454
12510
12511
12514
12992
13147
13165
13255
13349
13476
13477
13795
14205
14414
14414
14600
14602
15016
15026
15065
15721
15787
16014
16097
16219
16271
16400
16835
16835
17009
17373
17402
17435
18313
18350
18650
18816
19501
19504
19527
19753
19753
19888
20314
20316
20415
20799
20880
20906
22015
22286
22332
22627
22847
22847
22847
22847
22849
22862
22907
22976
23142
23165
23225
23250
23733
23763
23851
23851
23851
23952
23977
23978
23978
24309
24354
24354
24415
24442
24474
24550
24745
24751
24976
25126
25145
25145
25240
25629
25776
25800
25858
25923
26072
26368
26417
26610
26696
27026
27084
27084
27085
27087
27088
27089
27089
27089
27089
27090
27090
27091
27202
27215
27433
27433
27433
27434
27434
27450
27537
27644
27645
27647
27647
27648
27879
28087
28245
28361
28378
28550
28620
28677
28698
28704
28711
29239
29246
29449
29461
29462
29472
29783
29818
29868
29912
29912
29913
30042
30276
30302
30368
30374
30406
30498
30498
30540
30565
30593
30602
30866
30948
31256
31276
31595
32520
32528
33126
33417
33417
33417
33417
33740
34157
34235
34700
34703
34926
35018
35018
35128
35175
35390
35390
35390
35390
35390
35585
35589
35843
36213
36215
37043
37043
37043
37043
37043
37043
37129
37332
37505
37508
37508
37508
37699
38835
38877
38903
39373
39426
39429
39446
39639
39858
40023
40372
40511
40513
40513
40613
40613
40627
40813
40992
41049
41055
41154
41184
41275
41275
41358
41360
41360
41443
41488
41649
41698
