1121
1141
1539
1612
1829
1829
1829
2013
2013
2044
2137
2260
2260
2924
2929
2969
3029
3029
3264
3530
4195
4195
4472
4505
4530
4530
4562
4788
4788
6237
6512
6726
6850
7093
7097
7097
7097
7097
7104
7107
7808
7862
8016
8072
8108
8172
9168
9426
9795
9795
10296
10325
10377
10377
10377
10521
10729
11883
11887
12027
12635
12992
13059
13059
13452
13452
14271
14380
14414
14585
14585
14962
15026
15036
15138
15138
15254
15932
15961
16400
16772
16835
16954
16986
17095
17373
17373
17396
17435
17435
18193
18306
18419
20043
20043
20043
20408
21475
21487
21811
21816
21864
22330
22330
22356
22484
22847
22907
23189
23494
23779
23852
23938
24494
25571
25759
25759
25834
26058
26063
26077
26252
26284
26284
26590
27036
27055
27066
27086
27090
27097
27547
27560
27803
27867
27867
27879
28087
28133
28378
28378
28696
28704
28713
29226
29449
29549
30167
30248
30369
30369
30369
30376
30584
31164
31164
31164
31164
31164
31164
32548
33197
33202
33630
33972
34070
35085
35123
35175
35297
35303
35590
35874
36026
36026
36136
36213
36213
36213
36315
36355
36416
36416
36416
36834
36848
37332
37332
37332
38298
38615
38823
39126
39126
39126
39126
39128
39133
39279
39865
39880
40090
40143
40574
41274
41488
41675
41678
41736
