612
794
965
1145
1400
1449
1449
1893
2269
2269
2635
2724
4292
4292
4292
4292
4541
4541
4541
4541
4541
4623
4623
4623
4712
4712
5557
5561
5561
6488
6488
7120
7642
7642
7654
7708
7807
7862
9426
9949
10073
10199
10199
10376
10376
10623
10623
10666
10816
10876
11011
11011
11300
11565
11732
12933
13161
13406
13408
13415
13480
13513
13513
13909
13947
13947
13996
14032
14032
14032
14032
14032
14414
14677
15080
15138
15214
15214
15537
15538
15538
15850
16001
16001
16092
17023
17023
17095
17296
17629
18630
18916
18916
18916
18916
18916
18916
18916
19987
19987
20408
20434
20847
20948
21309
21481
21481
21481
21758
21793
21793
22006
22080
22271
24124
24197
24197
24318
24412
24494
25100
25218
25362
25737
25801
25856
25856
26031
26033
26033
26389
27019
27020
27084
27298
27298
27298
27298
27747
28172
28424
28424
28424
28432
28432
28580
28605
28617
28963
29233
29235
29261
29261
29295
29384
29384
29422
29612
29943
30182
30195
30696
30738
31028
31164
31387
31387
32077
32302
32356
32463
32789
32981
33417
34332
34485
35011
35085
36025
36039
36433
36433
36433
36433
36433
36433
36433
36434
36435
36484
37332
37481
37669
37669
37669
37669
38272
38272
38394
38673
39624
39786
39786
40619
41046
41215
41737
41831
