608
748
748
871
965
1121
1187
1831
2076
2241
2260
2376
2721
2724
2855
3599
3601
3607
3637
3843
3868
3933
4377
4505
5480
5484
5557
5557
5596
5596
5596
5644
6008
6152
6706
6769
6769
6771
6998
7104
7124
7439
7503
7706
7706
7982
8127
8401
8994
9010
9261
9261
9415
9415
9415
9415
9415
9415
9415
9475
9547
9547
9929
10378
10379
10405
10586
10666
11399
11480
11480
11480
11793
11793
11793
11897
11960
12056
12202
12331
12434
12477
12486
12486
12490
12518
12841
13057
13135
13530
13986
14354
14354
14414
14414
14511
15026
15064
15138
15171
15619
15620
15879
16042
16446
16446
16446
16446
16446
16553
16691
16691
16835
17164
17994
17995
17999
18625
19280
19808
19808
19808
19808
19808
19995
20434
20434
20434
20434
20868
20935
21273
21338
21338
21338
21338
21338
21457
21458
21481
21481
21481
21481
21481
22640
22945
23763
23835
23938
24349
24478
24592
25100
25326
25420
25639
26033
26072
26284
26590
26715
26715
27084
27249
27780
27863
27877
27879
28089
28432
28684
28738
28738
28738
28801
29261
29327
29382
29449
29506
29513
29513
29797
29814
29908
29908
29922
30029
30029
30029
30126
30127
30127
30201
30211
30211
30464
30765
31996
32091
32118
32505
32716
32716
32716
32716
32716
32951
33109
33184
33184
33184
33335
33381
33381
33381
33417
33937
33941
34651
34707
34707
34915
34917
34918
34919
34919
34926
34927
35033
35085
35095
35095
35095
35175
35353
35353
35353
36123
36213
36406
36427
36867
37310
37319
37773
37779
38941
38941
38942
38942
39061
39525
39525
39525
39525
39525
39629
40006
40009
40015
40016
40028
40115
40234
40574
40645
41215
41215
41274
41675
41934
41934
41934
41934
41934
41934
