762
1042
1289
1289
1389
1389
1516
1823
2015
2473
2739
3541
5596
5596
5604
5605
6782
6993
7104
7104
7104
7284
7643
7918
8040
8270
8344
8401
9156
9367
9445
9445
9445
11068
11195
11261
12635
12642
12876
12876
12992
13057
13255
13644
13644
14205
14372
14373
14373
14585
14647
14823
15026
15197
15576
15672
16400
16446
17005
17013
17316
17373
18204
18353
18986
19190
19527
19758
20414
20415
20419
20419
20868
21164
21481
21747
22213
22410
22590
22590
22590
22590
23047
23865
23979
23979
24078
24373
24423
24423
24494
24868
24976
25627
25759
25886
25898
26031
26266
26366
26740
26741
26772
27026
27864
28119
28628
28671
28713
28770
29077
29226
29226
29246
29384
29478
29707
29713
29818
29912
30044
30182
30195
30195
30195
30406
31197
31266
31269
31327
31327
31482
31482
31482
31482
32414
32414
33001
33044
34704
34707
35128
35128
35342
36772
37310
37400
37805
37805
37839
38272
38289
38694
39480
40028
40276
40343
40556
41154
41172
41490
41490
41499
41619
41751
41751
41795
41832
