1960
2876
3728
4510
6249
6392
6728
7104
7422
8210
8210
8210
8210
8225
8225
8491
8647
8647
9065
10028
10060
10060
10325
10540
12867
13000
13000
13075
13341
13341
13455
13476
13476
13661
13661
13661
13688
13871
13871
13871
13871
13871
13872
13872
14158
14205
15358
15358
16633
17001
17404
17404
17407
18119
20419
21338
21426
22602
22602
22602
23733
23862
24133
24373
24375
26031
26033
26033
26153
26370
27064
27064
27203
27674
28592
28849
29797
30406
30496
31008
33001
33017
33017
33017
33017
33017
33017
33417
33942
34231
34943
35124
36178
36434
36803
36923
36977
37074
37077
37077
37271
37418
39719
40221
40556
40627
41598
41896
