720
969
1189
1823
1823
1943
2137
2617
2756
2889
2889
3145
3145
3437
3437
3596
3843
4016
4149
4292
4568
6278
6726
6799
6799
7121
7511
8184
8358
9082
9205
9887
11845
12289
12359
12808
13044
13255
13255
14414
14650
15131
15290
15885
16397
16400
16400
17170
17316
17417
17607
17607
17912
17912
17912
18903
19288
19811
19811
20043
20377
20941
20942
21202
21202
21202
21202
21374
22286
23085
23386
23675
24281
24281
24520
24682
24684
25081
25157
25424
25712
25798
25800
26031
26330
27164
27803
27879
27879
27879
28260
28378
28638
29261
29261
29331
30087
30087
30105
30302
31659
31692
31900
32519
32894
32985
33535
33616
34704
35821
35821
35821
35822
35825
35874
36157
36218
37271
37310
37319
37319
37319
39646
39711
39923
39923
39978
40069
40248
40426
40426
40426
40633
40774
41154
41215
41420
41490
41678
41745
41764
