26
273
275
608
700
815
1309
1445
1734
1823
1829
2134
2134
2310
2313
2476
2599
2756
2885
3541
3559
3764
4016
5449
5789
5914
5923
6008
6152
6158
6290
6290
6321
6375
6466
6712
6771
6795
6947
6998
7023
7023
7023
7050
7107
7391
7808
8490
8602
8633
8657
8842
8862
9073
9075
9075
9402
9402
9402
9476
9662
9788
9852
9852
9852
9855
9855
9855
9855
9855
9942
9942
9942
10028
10032
10077
10294
10296
10366
10376
10874
11264
11309
12260
12271
12622
12931
12931
12931
12931
12932
13161
13161
13163
13165
13165
13165
13255
13513
13527
13980
14193
14201
14201
14205
14414
14414
14414
14414
14414
14459
14649
14687
15073
15073
15138
15214
15291
15291
15491
16051
16772
16772
16772
16789
16789
16789
16790
16929
17005
17114
17114
17114
17373
17419
17976
18039
18130
19006
19116
19160
19253
19273
19273
19274
19527
19825
19861
19891
19891
20358
20359
20359
20402
20434
20927
21334
21334
21354
21674
22158
22220
22319
22360
22360
22361
22361
22510
22676
23238
23238
23238
23238
23238
23238
23238
23495
23495
23779
23851
24197
24205
24205
24423
24501
24501
24684
24684
25497
25639
25639
25639
25640
25803
25916
26030
26033
26033
26186
26218
26219
26318
26318
26318
26577
26896
26983
27084
27121
27121
27134
27134
27482
27751
27759
27759
27867
28521
28521
28521
28525
28525
28525
28525
28677
28686
28686
28698
28713
28800
28811
29061
29175
29192
29195
29198
29226
29266
29387
29387
29460
29467
29532
29537
29549
29566
29597
29704
29704
30027
30029
30029
30064
30076
30087
30102
30201
30293
30293
30330
30480
30509
30533
31270
31292
31378
31531
31551
31657
31684
32710
32711
32830
32920
33033
33117
33117
33118
33430
33515
33723
33735
33941
34129
34248
34649
34649
34853
34853
34919
35085
35136
35298
35353
35353
35572
36213
36213
36443
36512
36667
36739
36757
37172
37172
37304
37319
37401
37401
37506
37507
37507
37534
37671
37673
37673
37682
37682
37839
37955
38091
38101
38289
38295
38298
38394
38427
38568
38568
38574
38574
38574
38681
38694
38696
38784
38951
39470
39638
39711
40580
40634
40738
40852
40868
41149
41160
41162
41164
41191
41274
41277
41277
41277
41277
41321
41330
41389
41389
41389
41389
41745
