1189
1221
1221
2838
5557
6158
6510
6904
6904
6998
7343
7521
7705
7706
8657
9314
9388
11776
11885
11911
12984
13057
13412
13412
13550
13550
13553
13619
13891
14342
14414
14452
14452
14535
15619
15879
16019
16711
17316
19758
19898
19898
20434
20445
20906
21080
21811
22342
22348
23530
24157
24205
24682
24682
24691
25465
25822
26424
26719
27023
27164
27966
28686
29261
29261
29537
30055
30293
30376
30465
30527
30533
30859
31239
31239
31239
31239
32142
33194
33194
34746
34960
34960
35291
35297
35297
35946
36215
36408
37332
37332
37401
37528
37779
38866
39055
40078
40551
40936
41055
41172
41172
41344
41535
41678
41764
42055
