59
764
1080
1080
1080
1080
1080
1360
1802
2727
3540
3541
4292
4541
4552
4581
4687
4712
4767
5292
5479
5523
5605
5756
5852
5852
6158
7014
7282
7418
7706
7733
8040
8171
8422
9426
9467
9665
9933
9933
11195
11267
11321
12070
12627
13333
13357
13539
13539
13539
13868
13868
13868
13868
14826
15036
15223
15872
15872
15872
15872
15872
15872
15872
15872
15872
15875
15875
15875
15875
15958
16215
16450
16450
17316
18130
18130
18422
18422
19116
19415
19420
20410
20413
20464
20464
20465
20477
20477
20477
20477
20477
20477
20477
20477
20477
20477
20477
20477
20477
20477
20477
20477
20477
20477
20477
20477
20477
20477
20477
20477
20477
20477
20477
20477
20477
20477
20477
20477
20477
20477
20477
20477
20477
20477
20477
20477
20477
20477
20531
20936
21338
21443
21445
21481
22095
22431
22431
22713
22805
22938
22938
23210
23270
23563
23611
23617
23617
24103
24203
24321
24369
24369
24369
25665
25800
25800
25800
25898
25898
25930
26031
27084
27632
27648
27648
27648
27923
28125
28125
28546
29631
29631
29778
30231
30639
30639
30639
30639
30682
30995
32028
33286
33417
33488
35085
35643
35843
35843
35843
36445
36752
37069
37537
37670
37693
38102
38272
38571
38581
38587
38587
38587
38587
38587
38804
38871
38871
38924
39326
39459
39858
39983
39983
39983
39983
39983
39983
40153
40457
41037
41037
41405
41598
41598
41745
