272
287
610
748
940
1400
1630
1633
1770
1829
1830
1831
1831
2010
2010
2011
2013
2177
2367
2692
2821
2850
2850
2850
2850
2962
3127
3245
3496
3500
3565
3628
3850
3868
4016
4016
4160
4160
4160
4160
4160
4160
4164
4165
4165
4165
4201
4201
4201
4201
4201
4693
4788
4966
5000
5002
5002
5002
5002
5002
5002
5002
5002
5002
5002
5002
5557
5885
5895
5940
6158
6190
6290
6347
6770
6775
6775
6782
6998
6998
7083
7104
7120
7187
7511
7642
7663
7696
7696
7696
7706
7706
7860
7917
7917
8304
8675
8683
8862
8968
9048
9073
9075
9454
9473
9535
9554
9714
9718
9718
9795
10059
10296
10323
10332
10397
10716
10734
10738
10738
10738
11011
11094
11110
11161
11170
11260
11260
11260
11314
11344
11720
11727
11776
11776
11883
11983
12307
12321
12402
12424
12636
12639
12649
12690
12772
12813
12815
12841
13057
13255
13255
13255
13281
13281
13367
13414
13513
13676
13676
13938
14176
14178
14190
14321
14532
14569
14569
14569
14569
14569
14569
14585
14669
14679
14932
14932
14954
15138
15214
15214
15214
15240
15293
15348
15365
15452
15497
15536
15544
15554
15607
15609
15619
15619
15674
15753
15850
15858
16009
16013
16271
16271
16438
16772
16772
16835
16879
16912
17005
17005
17091
17095
17095
17124
17124
17137
17286
17316
17363
17373
17404
17435
17959
17985
18346
18641
18641
18641
18642
19006
19010
19089
19181
19230
19552
19755
19818
19871
19909
20043
20123
20123
20353
20358
20410
20681
20858
21113
21225
21298
21338
21338
21423
21481
21481
21481
21489
21797
21878
21972
21973
22029
22038
22097
22173
22228
22230
22373
22406
22479
22508
22644
22695
22847
22872
22907
22907
23056
23056
23300
23520
23713
23713
23763
24103
24186
24199
24205
24501
24816
25094
25100
25100
25100
25158
25225
25353
25704
25759
25801
25990
25990
26010
26014
26033
26217
26284
26340
26380
26387
26695
26700
26701
26861
27003
27036
27064
27097
27097
27107
27171
27171
27483
27747
27803
28056
28135
28144
28144
28361
28378
28378
28378
28378
28546
28615
28684
28704
29231
29261
29261
29433
29449
29584
29597
29597
29602
29602
29727
29972
29976
30203
30211
30376
30527
30527
30533
30565
30617
30617
30928
31033
31033
31375
31387
31387
31388
31482
31482
31551
31620
31659
31669
31714
31940
32028
32028
32129
32129
32336
32393
32463
32463
32686
32689
32878
33012
33099
33099
33218
33288
33379
33472
33472
33490
33490
33490
33490
33600
33601
33601
33798
33924
33933
33933
33937
34340
34506
34506
34707
34860
34874
34927
35033
35038
35107
35107
35152
35175
35282
35298
35316
35645
35770
35948
36018
36018
36084
36084
36213
36438
36452
36487
36933
37260
37304
37304
37304
37332
37332
37332
37400
37401
37410
38294
38443
38613
38744
38784
38837
38896
39159
39185
39646
39661
39662
40023
40028
40127
40128
40326
40401
40722
40813
40943
41026
41037
41061
41106
41172
41183
41213
41223
41224
41224
41274
41274
41274
41318
41318
41318
41318
41321
41322
41344
41344
41360
41389
41389
41393
41449
41500
41500
41551
41551
41589
41589
41751
42145
