1141
1821
2153
2959
3037
3872
4129
4480
4510
4510
4624
5527
6485
6488
6557
7097
7104
7157
7165
8173
8180
8294
9457
9518
9567
9621
9735
9949
10926
11851
11851
12051
12082
12908
12992
13407
13693
13986
14117
14414
14585
14859
14965
15016
15026
15026
15452
15494
15576
16031
16163
17316
17316
18422
18422
20010
20098
20428
20428
20445
20445
21338
21338
21338
21338
21338
21448
21503
22013
22286
22286
22320
22644
22922
22974
23656
23657
23851
23963
24056
24056
24487
24523
24783
25467
25798
25801
25928
26252
26272
26711
26715
26715
26715
26715
26719
26930
27027
27051
27051
27085
27307
27569
27572
27860
27923
28039
28088
28424
28687
28704
28732
28732
29226
29226
29461
29461
29713
29713
30287
30287
30287
30302
30376
30391
30391
30391
30391
30391
30391
30406
30860
30913
31164
31462
31531
31650
32023
32222
32671
33001
33492
33880
34229
34308
34344
35070
35175
35354
35587
36135
36146
36307
36478
37074
37228
37365
37485
38442
38443
38511
38694
39183
39279
39411
39865
40320
40825
41274
41598
41598
41598
41598
41598
41598
41598
41636
41636
41642
41675
41691
41856
41994
41994
