26
520
520
1396
1400
1415
1614
1829
2137
2260
3485
3565
5914
6143
6143
7093
7093
7104
7156
7343
7381
7409
7752
7840
7849
8016
8016
8016
8019
8047
8127
8296
8657
9469
9593
9593
9949
10083
10320
10818
10847
12815
12841
13936
14383
14409
14425
14425
14426
14595
15416
15416
15416
15545
15545
15850
15963
17316
17373
18353
18354
18515
19414
19527
19894
19894
20098
20419
20906
21070
21338
21854
21996
21996
22144
23189
23835
23915
24006
24006
24006
24056
24078
24111
24203
24373
24722
25145
25752
25798
25798
25803
25856
25858
26072
26208
26217
26217
26252
26284
26590
26615
26640
26893
26893
27249
27249
27249
27705
27769
28615
28620
28620
28908
29266
29433
29433
29467
29707
29913
29917
30211
30293
30359
30399
30444
30669
31018
32388
32388
33110
33808
34339
34707
34791
34874
35298
35298
36154
36433
36500
36522
36712
37332
37332
37332
38298
38756
39408
39599
39599
40023
40096
40127
40230
40511
40511
40823
40823
41106
41274
41329
41667
41745
