392
965
1559
1821
2137
2137
2763
2894
2894
2894
2894
2967
3129
3176
3291
3291
3303
3933
3993
4149
4149
4975
4975
4975
5632
5632
6033
6033
6158
6158
6222
6222
6222
6466
6684
6701
6701
7120
7140
7140
7565
7565
7565
7654
7659
7684
8216
8547
8547
8554
8680
8682
8682
8875
9010
9219
9314
9426
9426
9467
9469
9469
9520
9520
9725
10586
10614
10760
10760
11128
11811
11881
11881
11897
12359
12640
13044
13044
13057
13057
13057
13165
13255
13263
13524
13740
14023
14201
14252
14345
14414
15058
15058
15058
15080
15173
15319
15319
15522
15522
15869
15869
15936
16033
16397
16552
16552
17003
17252
17252
17316
17574
17574
17885
17891
18231
18844
18848
19233
19233
19494
19812
19898
20216
20356
20408
20408
20408
20434
20434
20448
20448
20741
21031
21360
21361
21362
21362
21456
21456
21456
21481
21481
21489
21489
21638
21865
21866
21866
21866
21868
21956
22135
22220
23047
23259
23301
23301
23301
23335
23354
23643
23675
23713
24064
24064
24110
24151
24350
24373
24759
24759
25079
25079
25079
25079
25079
25114
25588
25602
25691
25691
25691
25697
26033
26148
26148
26148
26148
26148
26153
26181
26181
26181
26181
26208
26330
26419
26463
26463
26715
27528
27633
27803
27879
27879
27879
28380
28400
28452
28452
28605
28646
28646
28738
28811
28830
28830
28830
28830
29449
29460
29460
29488
29530
29530
29530
29530
29597
29597
29602
29602
30003
30127
30127
30127
30127
30127
30127
30406
30509
30533
30593
30744
30773
30773
31033
31033
31033
31033
31033
31033
31033
31144
31637
31656
31669
32028
32331
32383
32836
32905
33036
33417
33461
33630
33742
33805
33808
34075
34106
34538
34746
34853
35212
35212
35217
35217
35223
35298
35473
35473
35590
35590
36178
36178
36178
36178
36634
36634
36637
36637
37129
37174
37304
37310
37310
37332
37332
37332
37342
38467
39424
40091
40135
40135
40424
41491
41598
41609
41733
42151
42151
