452
495
1613
2137
2137
2137
2216
2838
2921
3512
5111
5112
5292
7849
7996
9032
9469
9776
10028
10522
10522
11690
11690
12628
12635
12783
13044
13057
13872
14207
14607
15518
15619
16443
16659
16671
17404
17929
18083
18375
18920
19755
21021
21161
22137
22307
22691
23203
23733
23872
23915
24237
24287
24359
24474
24616
25062
25701
26033
26056
26218
26218
26330
26502
28066
28296
28361
28378
28738
28829
29283
29827
29922
29949
29980
30022
30087
30243
30368
30731
31145
32108
32445
32626
32832
33082
33082
33333
33480
33807
33941
34967
34978
35172
35175
35175
35342
35739
36188
36478
36739
36982
36983
37214
37319
37319
37332
37332
37505
38443
38651
38701
39581
39618
39884
40126
40497
41183
41208
41274
41709
41734
41761
