245
1211
1389
1488
1516
1516
2137
2153
2158
2260
2278
2756
3437
3596
3648
3831
3843
3868
4387
4505
4593
4833
5002
5002
5201
5479
5627
5839
6028
6162
6168
6173
6173
6491
6505
6505
6506
6519
6538
6548
6562
6726
6728
7242
7606
7705
8304
8343
8440
8521
8623
8623
8633
8687
8762
8817
9167
9181
9248
9445
9469
9568
10242
10308
10335
10366
10377
10852
11372
11385
11385
11457
11475
11793
11793
12027
12184
12273
12343
12807
12908
13089
13255
13255
13255
13273
13293
13378
13625
13678
13927
13927
13944
14414
14605
14932
15026
15026
15026
15080
15080
15224
15307
15469
15875
15961
15961
15961
16014
16022
16033
16033
16117
16271
16271
16711
16835
16835
16835
16835
16835
16859
16984
17137
17301
17301
17316
17316
17324
17434
17557
17557
17606
17628
17941
17941
17941
17941
18262
19100
19222
19643
19758
20043
20434
20434
20601
20867
20937
20944
20978
21138
21271
21373
21384
21448
21450
21465
21475
21509
21599
21623
21623
21797
21797
22045
22100
22344
22481
22508
22565
22565
22590
22695
22797
22797
23321
23393
23520
23520
23563
23852
23852
23866
24231
24382
24388
24392
24478
24478
24634
24780
25094
25134
25489
25803
25803
25803
26261
26261
26264
26417
26417
26417
26543
26633
26644
26644
26644
26715
26880
26896
26896
26928
27016
27020
27084
27084
27084
27084
27100
27150
27150
27157
27157
27164
27164
27164
27164
27164
27164
27164
27210
27216
27331
27527
27531
27803
27879
28039
28378
28378
28378
28378
28378
28378
28378
28432
28561
28563
28768
28796
28984
29077
29077
29077
29223
29246
29449
29449
29449
29449
29544
29707
29723
29830
29830
29832
29832
29887
29887
29922
29947
29978
29978
29981
30055
30282
30293
30351
30368
30374
30399
30448
30465
30465
30509
30547
30603
30606
30618
30693
30860
31433
31482
31482
31482
31482
31482
31482
31482
31482
31482
31482
31483
31486
31669
31764
31983
32347
32946
32953
33426
33822
33822
33868
34519
34853
34954
34954
34975
35033
35034
35175
35244
35342
35584
35681
35691
35773
35843
35948
36146
36150
36159
36263
36266
36307
36754
37200
37260
37319
37319
37332
37365
37429
37505
38687
38687
38694
38903
38929
39227
39411
39711
39711
39733
39854
40096
40127
40322
40426
40568
40568
40574
40618
40698
40783
41120
41274
41278
41290
41332
41333
41360
41445
41588
41589
41751
41832
41858
42124
42124
