63
121
219
247
431
481
584
842
1012
1012
1516
1542
1635
1635
1636
1695
1806
1813
1895
1911
1931
2058
2203
2203
2415
2467
3094
3147
3154
3174
3184
3239
3491
3578
3622
3626
3964
3964
3972
4012
4097
4097
4294
4394
4438
4472
4607
4678
4678
4678
4678
4759
4761
5113
5194
5251
5251
5251
5251
5251
5251
5251
5251
5251
5411
5430
5655
5858
6073
6073
6073
6073
6101
6317
7052
7329
7335
7467
7523
7562
7757
7757
7757
7767
7771
7787
7864
7911
8232
8326
8488
8542
8894
8950
8987
9019
9308
9308
9308
9309
9323
9393
9788
10127
10182
10468
10573
10677
10796
10977
11384
11389
11389
11389
11414
11544
11575
11815
11842
11872
12002
12087
12159
12349
12395
12424
12602
12664
12744
12795
12807
12834
12890
12891
12987
13265
13519
13538
13544
13646
13662
14083
14156
14404
14425
14427
14427
14500
14562
14647
14647
14706
14706
14706
14706
14808
15234
15773
15773
15888
16014
16212
16424
16424
16424
16426
16426
16427
16432
16516
16595
16747
16853
16853
16864
16920
16920
17000
17000
17008
17250
17662
17850
17850
17875
17875
17875
17875
17875
17961
18078
18092
18095
18459
18494
18501
18649
18767
18803
19244
19314
19323
19323
19393
19398
19536
19612
19622
19630
19640
19640
19818
20050
20215
20215
20220
20314
20402
20406
20410
20477
20477
20490
20490
20490
20492
20870
20921
20921
20954
20959
20976
21170
21170
21516
21524
21636
21847
21880
21880
22031
22153
22160
22243
22583
22858
23280
23282
23389
23410
23680
23724
23755
23896
23906
23992
24049
24178
24314
24389
24672
24855
24907
24918
24937
25212
25431
25706
25845
25870
26094
26140
26607
26612
26685
26688
26694
26781
26781
26790
26790
26790
26790
26790
26892
27096
27149
27150
27150
27150
27170
27171
27175
27175
27209
27290
27398
27419
28119
28121
28121
28121
28121
28121
28121
28121
28121
28121
28121
28121
28121
28132
28156
28223
28363
28376
28431
28645
28753
28812
29048
29066
29066
29072
30003
30092
30210
30360
30396
30418
30418
30447
30483
30660
30663
30682
30696
30706
30998
30998
31020
31037
31088
31249
31249
31499
31962
32208
32208
32372
32459
32593
32690
32690
32690
32690
32776
33165
33392
33905
34029
34054
34104
34468
34468
34468
34590
34590
34590
34590
34590
34634
34977
35347
35387
35387
35552
35671
35751
36144
36144
36144
36148
36349
36361
36469
36470
36506
36567
36621
36631
36642
36642
36642
36649
36649
36649
36649
36649
36649
36669
36760
36848
37036
37113
37137
37137
37137
37140
37223
37283
37298
37298
37318
37349
37368
37368
37533
37533
37538
37701
37701
37701
37703
37703
37703
37703
37703
37703
37703
37703
37703
37798
37925
38211
38211
38211
38242
38242
38277
38277
38277
38323
38329
38456
38501
38543
38601
38762
38829
38920
