1085
1203
1527
1656
1772
2655
3024
3262
3262
3555
3589
3699
3718
3830
4011
4236
4338
4432
4623
4626
4679
4679
4679
5821
5821
5821
6045
6097
7797
8085
8085
8085
8243
9066
9841
9842
9910
10112
10112
10112
11273
11384
11389
11389
11434
11434
11800
12061
12241
12345
12679
12829
12940
12947
12977
13166
13166
13166
13166
13436
13520
13552
14083
14089
14165
14185
14427
14536
15196
15997
16516
16754
16754
16755
16755
16755
16755
16755
16755
16755
16755
16755
16755
16837
16837
16837
17858
17858
18001
18103
18107
18107
18130
18910
19096
19096
19621
19630
19630
19666
19666
19666
19666
19666
19780
20110
20116
20255
20846
20846
21131
21143
21147
21488
22031
22837
23142
23914
24061
24354
24354
24354
24354
24620
24664
24855
25062
25062
25307
25377
25581
25614
25614
25764
26196
26499
26499
26499
26501
26501
26501
26637
27364
27364
27407
28172
29685
29880
30019
30307
30360
30455
30455
30495
31212
31235
31292
31292
31304
31863
32365
32535
33114
33464
33650
34510
34657
35409
35442
35806
35806
35806
35806
35806
36141
36235
36235
36372
36429
36561
36660
36666
36760
36771
36812
36824
37298
37429
37526
37526
37575
38153
38329
38329
38415
38496
38545
38587
38649
38649
38829
