49
49
56
1511
1655
2276
2533
2533
2655
3196
3939
3939
3964
4407
4432
4605
4626
4807
7230
7232
7232
7297
7562
8987
9393
9393
9439
9573
9842
9965
9965
9970
11211
11384
11384
11384
11384
11384
11384
11389
11395
12101
12196
12230
12241
12241
12241
12241
12241
12241
12440
12940
13171
13171
13520
13557
13789
14083
14205
14418
14559
14715
14845
14921
14921
15056
15233
15434
15434
15435
15437
15437
15437
15440
15447
15449
15862
16248
16309
16837
17038
17038
17889
17889
17889
17889
17889
17889
17889
17979
18007
18055
18103
18103
18103
18558
18558
18567
18780
19557
19607
19611
19611
19780
19840
20596
20921
20921
20921
20921
21033
21143
21143
21147
21756
21756
21762
21880
22031
22031
22039
22040
22040
22040
22040
22040
22119
22357
22684
22952
25045
25045
25122
25124
25389
25389
25614
25614
25614
25629
25629
26070
26922
27063
27412
29574
29708
29708
29880
29888
29937
30045
30351
30418
30585
30644
30789
31545
31574
31578
31582
31583
32459
33988
34029
34048
34104
34115
34355
34355
34670
35608
35979
35979
36220
36815
37283
37283
37298
37368
37412
37412
37484
38242
38329
38329
38329
38563
