640
1100
1511
1528
1695
1695
1695
1695
1695
1696
2072
2072
2099
2099
2099
2101
2404
2905
3157
3706
3706
3706
3718
3768
3778
3782
3809
3933
4284
4472
4472
4484
4620
4807
4807
4807
4807
4807
4807
4807
4807
4807
5424
5425
5430
5727
5727
6960
7169
7169
7169
7170
7170
7295
7302
7306
7335
7388
7388
7562
8073
8073
8093
8260
8542
8950
8991
9394
9814
10112
10790
10790
10940
10978
10978
10978
11385
11389
11576
11691
11691
11940
11966
12092
12092
12349
12805
12829
12829
12879
12940
13166
13409
13446
13446
13544
13544
13742
13773
13834
13914
14004
14004
14083
14158
14715
14845
15054
15054
15332
15579
15579
15975
15976
15976
15976
16172
16516
16516
16573
16594
17167
17173
17383
17383
17395
17712
17712
17712
17848
17848
17889
17889
17889
17927
17979
18007
18293
18429
18761
18762
19096
19114
19114
19114
19347
19780
19780
19780
19946
19947
20399
20490
20490
20490
20490
20921
20921
20921
21137
21143
21353
21756
21764
21764
21764
21764
21847
22031
22901
22991
23170
23396
23776
23906
24690
25356
25371
25371
25371
27149
27149
27154
27296
27296
27296
27296
27296
27297
27369
27382
27507
27630
27631
27866
28160
28311
28314
28315
28315
28336
28336
28363
28453
28453
28532
28789
28789
28789
28840
28890
28903
28903
28903
28903
28903
28903
29066
29192
29937
29937
29937
30413
30413
30660
30696
31560
31560
31614
31746
31746
31754
31874
31994
31994
32208
32208
32364
32365
32365
32369
32530
33059
33165
33196
33196
33915
33915
33922
33980
33980
34014
34014
34014
34029
34446
34675
34912
35106
35404
35744
35803
35806
35806
35924
36121
36134
36144
36144
36220
36812
37137
37291
37317
37370
37370
37370
37370
37437
37464
37464
37464
37464
37464
37464
37492
37536
37536
37557
37557
37649
37649
38242
38242
38329
38329
38329
38329
38543
38560
38583
