97
343
343
516
516
516
516
516
516
516
516
521
522
522
767
981
998
1289
1527
1772
3056
3146
3152
3156
3255
3255
3706
3706
4292
4322
4432
4555
4620
5191
5749
6037
6672
7418
7562
7562
7634
7771
7787
7864
7984
8456
8461
8488
8566
8866
9174
9176
9178
9255
9256
9351
9393
9393
9575
10067
10112
10112
10112
10853
10853
10853
10853
11389
11389
11389
11798
12061
12061
12172
12187
12196
12768
12768
12829
12893
13552
13556
13556
13646
13742
13778
13893
14158
14158
14787
14931
14991
14991
14991
15011
15013
15015
15025
15196
15211
15234
15768
15814
15888
15888
16057
16057
16516
16516
16516
16525
16525
16746
16973
16973
17173
17338
17338
17338
17338
17345
17345
17345
17345
17346
17418
17418
17433
17463
17850
17979
18033
18092
18092
18107
18287
18293
18429
18494
18547
18566
18567
18673
18928
18928
18928
18928
18928
18928
18928
19073
19114
19255
19255
19271
19271
19721
19721
19780
19780
19780
19780
20015
20174
20174
20248
20477
20490
20551
20846
20846
20846
20869
20923
21143
21143
21170
21535
21683
21683
21683
21756
21911
21913
21915
22216
22221
22221
22555
22671
22779
22779
22779
22780
22780
22977
22979
22999
23161
23161
23245
23528
23530
23709
23709
23929
24271
24271
24352
24352
24354
24354
24354
24620
24620
24620
24620
24648
24696
24807
24807
25067
25067
25307
25307
25870
26084
26211
26340
26462
27364
28166
28385
28532
28568
28693
28693
28693
28693
29049
29103
29103
29103
29103
29117
29351
29408
29408
29574
29603
29603
29603
29603
29603
29603
29603
29603
29603
29603
29603
29603
29603
29800
30048
30151
30405
30413
30663
30663
30663
30719
30821
30821
31111
31292
31292
31301
31352
31600
31600
31600
31600
31994
32018
32155
32216
32365
32473
32838
33196
33199
33199
33240
33240
33362
33464
33628
34022
34022
34022
34155
34155
34252
34359
34438
34491
34516
34593
34966
34997
35256
35288
35442
35491
35744
35806
36059
36073
36242
36305
36355
36418
36505
36507
36642
36642
36683
36690
36694
36694
36694
36694
36694
36694
36694
36812
36812
36862
37329
37342
37630
37649
38323
38323
38358
38358
38384
38425
38552
38676
38828
38850
38873
38874
38875
38876
38876
38876
38876
