49
135
343
635
635
638
831
985
1235
1235
1235
1235
1235
1235
1235
1235
1235
1235
1448
1527
1542
1571
1656
1656
2612
2613
2812
2905
2920
2945
2945
2945
2945
2945
2945
2945
2945
2945
3252
3254
3255
3256
3256
3606
3827
3895
3939
3939
4199
4276
4280
4472
4620
4620
4729
4736
4807
4807
4807
4807
4807
4807
4807
4807
4807
4807
4807
4814
4814
5198
5411
5495
5495
5495
5495
5511
5511
5511
5511
6018
6018
6573
6778
6778
6779
6779
6843
6848
6850
6850
7288
7328
7688
7900
7984
8387
8549
8618
8618
8866
8872
8950
9028
9101
9101
9308
9999
10112
10112
10112
10112
10112
10112
10112
10112
10780
10939
10940
11086
11122
11143
11144
11321
11384
11389
11389
11389
11389
11577
11758
11790
11790
11800
11872
11872
11882
12000
12033
12107
12230
12230
12240
12345
12770
12805
12829
12829
12855
13166
13166
13171
13230
13244
13265
13393
13419
13498
13555
13842
13843
13843
13843
13843
13848
13914
13920
14095
14572
14734
14734
14855
14956
14956
15257
15347
15662
15796
15888
15932
16319
16507
16516
16594
16595
16599
16837
16920
16947
17085
17212
17235
17591
17599
17848
18001
18092
18095
18103
18107
18201
18286
18342
18348
18531
18549
18549
18549
18785
18786
18786
19080
19186
19403
19666
19721
19789
19789
19818
20255
20490
20780
20785
20785
20803
20806
20806
20807
20811
20811
20811
20846
20941
21137
21143
21147
21152
21494
21699
21782
21847
21880
21896
21896
21896
21896
21896
22031
22163
22340
22516
22612
22684
22771
22902
22914
23094
23144
23192
23202
23234
23234
23505
23906
23920
23946
24589
24614
24614
24620
24620
24620
24774
24907
25089
25175
25307
25307
25388
25653
25653
25653
25653
25653
25653
25812
26201
26230
26287
26340
27005
27155
27271
27271
27271
27271
27364
27382
27382
27382
27420
27545
27797
27999
28223
28243
28376
28376
28378
28439
28541
28551
28551
28795
28795
28795
28795
29690
30048
30079
30146
30413
30418
30577
30626
30663
30663
30663
30663
30689
30840
30998
31078
31087
31088
31089
31894
32026
32028
32061
32155
32215
32256
32256
32365
32365
32408
32459
32959
33039
33039
33260
33603
33920
34418
34467
34491
34491
34496
34770
34770
34825
35051
35174
35442
35474
35483
35806
36072
36077
36079
36134
36144
36144
36144
36144
36220
36242
36242
36242
36669
36690
36815
36852
36872
36873
36873
36973
36973
37197
37233
37291
37291
37586
37661
37701
38237
38237
38237
38237
38275
38275
38323
38329
38329
38329
38383
38383
38385
38396
38434
38434
38455
38496
38496
38496
38496
38501
38545
38545
38552
38721
38744
38762
38766
38793
