71
71
509
1025
1167
1516
2161
2161
2404
2945
3146
3174
3174
3271
3320
3343
3687
4566
5430
5430
5430
5430
6219
6219
7335
8093
8256
8326
8395
8395
8395
8395
8488
9256
9323
9323
9323
9323
9432
9575
9812
9986
10010
10112
10198
10870
11389
11389
11389
11576
11631
12006
12061
12196
12265
12829
13166
13429
13437
14065
14777
15232
15813
15888
16238
16238
16238
16348
16516
16516
16516
16516
16641
16695
16920
16920
16973
16991
16997
17384
17537
17537
17537
17537
17848
17858
17858
18001
18103
18103
18780
19319
19611
19640
19658
19658
19658
19658
19954
20255
20320
20320
20837
21170
21411
21411
21512
21565
21565
21764
21764
21764
21764
21781
21971
22055
22153
22503
22567
22724
22830
22891
22960
23680
24126
24126
24592
24614
24620
25062
25240
25307
26084
26140
26282
26872
27293
28052
28225
28243
28439
28439
28439
28439
28738
29313
29684
29684
29714
30707
30789
30948
31614
32459
33182
33199
33594
34104
34802
34802
34813
35130
35442
35486
35685
36142
36142
36142
36353
36355
36357
36407
36842
37151
37285
37345
37536
37538
37557
37570
37570
37803
37803
38329
38331
38426
38450
38560
38600
38601
38721
