136
150
451
451
464
635
932
932
1086
1448
1448
1516
1527
1537
1763
1763
1763
1763
1763
1763
1763
1772
1772
1930
1930
2945
2945
2945
2945
2945
2945
2945
2945
2945
2945
2945
3024
3199
3254
3348
3348
3348
3386
3388
3388
3388
3552
3588
3781
3805
3828
3837
3939
4085
4188
4188
4472
4472
4472
4521
4626
5002
5012
5064
5120
5216
5216
5216
5216
5429
5429
6499
6579
6583
6585
6721
6721
7288
7298
7371
7490
7582
7787
8019
8019
8260
8260
8260
8456
8471
8488
8796
8991
8991
9004
9207
9323
9323
9393
9393
9393
9405
9432
9508
9723
9725
9736
9736
9805
9812
9941
9941
9953
9970
10141
10227
10382
10420
10638
10827
10831
10980
10980
11384
11384
11384
11389
11389
11389
11443
11443
11443
11443
11443
11443
11443
11443
11443
11443
11443
11443
11443
11443
11443
11443
11443
11443
11443
11461
11461
11465
11496
11621
11621
11628
11691
11800
12067
12075
12351
12590
12672
12673
12679
12700
12829
13171
13497
13512
13517
13517
13517
13518
13537
13548
13548
13656
13736
13736
13736
13739
13739
13739
13781
13889
13889
13934
13942
14083
14721
14721
14721
14721
14777
14777
15579
15640
15640
15888
15899
16006
16014
16221
16222
16251
16278
16278
16280
16352
16516
16516
16516
16516
16516
16525
16585
16585
16594
16837
16871
16973
17095
17095
17388
17411
17492
17620
17660
17662
17799
17800
17848
17850
17860
17874
18095
18103
18107
18175
18175
18344
18344
18498
18731
18780
18902
19080
19093
19108
19396
19630
19630
19659
19780
19780
19840
20601
20601
20755
20837
20846
20921
20921
20921
20921
20921
20921
20921
20923
20923
20923
21125
21143
21143
21143
21143
21147
21147
21147
21148
21150
21152
21589
21683
21756
21764
21816
21847
21847
22119
22147
22147
22162
22293
22354
22645
22646
22646
22646
22705
22977
23085
23085
23086
23140
23140
23623
23682
23686
23794
23907
24067
24223
24515
24620
24691
24728
24728
24755
24757
24774
24781
24781
24855
25307
25629
26393
26405
26406
26810
27063
27063
27063
27374
27628
27915
28354
28560
28560
28679
28742
29062
29880
29880
29887
29960
30070
30459
30561
30572
30572
30663
30663
30696
30876
31085
31129
31264
31364
31364
31709
31764
31781
31895
32013
32013
32013
32459
32459
33199
33246
33785
33785
34054
34301
34301
34461
34496
34496
34565
34566
34566
34566
34593
34675
34684
34791
35174
35230
35230
35231
35301
35740
35744
35744
35892
36098
36144
36144
36144
36179
36247
36441
36441
36561
36561
36561
36746
36812
36812
36812
36869
37197
37298
37298
37298
37298
37429
37538
37538
37538
37625
37625
37625
37625
37625
37625
37625
37625
37649
37649
37725
37725
37780
38242
38304
38329
38329
38329
38329
38552
38593
38600
38600
38766
38881
