343
1326
1326
1439
1516
2248
2249
2249
2249
2249
2905
2945
2945
2981
4171
4394
4432
4727
4784
4784
4814
4814
4863
5012
6083
7298
7316
7318
7361
7361
7361
7361
7362
7418
7635
7977
8260
8809
9323
9394
9394
9396
9717
9717
9717
9727
9743
10031
10031
10031
10031
10031
10031
10031
10463
11389
11431
11611
11746
11865
12844
12844
12990
13166
13166
13166
13265
13395
13419
13419
13419
14251
14536
14572
14845
14956
14956
16005
16142
16276
16516
16516
16594
16864
16920
17850
17850
18007
18007
18102
18767
18781
19114
19114
19114
19162
19630
19780
19964
20255
20390
20601
20601
20601
20601
20846
20846
20846
20874
20909
21152
21152
21756
21756
21896
22147
22645
22659
23240
23240
23395
23783
23972
24106
24300
24951
25060
25122
25307
25371
25581
25585
26353
26364
26364
28160
28373
28376
28603
29002
29574
29574
30699
30774
31156
31156
31156
31156
31207
31769
31885
31978
32090
32767
32774
33059
33251
33335
33920
34433
34434
34484
34846
35404
35483
35483
35547
35744
35755
35755
35755
35755
35775
36121
36144
36144
36144
36144
36235
36369
36481
36842
36880
37298
37725
38291
38329
38496
38600
38600
38600
38628
38628
38628
38628
38755
