33
279
343
343
1012
1273
1381
2651
3239
3254
3363
4007
4394
4432
5191
5881
7335
7471
7471
8260
8260
8852
8950
8957
9575
10112
10118
10118
10118
10118
10118
10118
10118
10127
10141
10141
12345
12424
12859
12937
13171
13405
13465
13552
13742
14055
14165
14392
14575
14854
16516
16516
17012
17643
17725
18107
18786
18786
18786
19324
19487
19487
19496
19611
19651
19780
20018
20018
20018
20490
20837
20846
20846
20846
20944
21125
21143
21494
22628
22980
24314
24614
25115
25307
25307
25329
25597
26353
26353
26364
26705
27005
27005
27005
27399
28376
28567
28706
28706
28808
29880
30719
30983
31045
31954
31962
32155
33144
33196
33905
33988
34332
34555
34634
35188
35369
35369
35370
35483
35924
35950
35950
35952
35994
35994
35994
36143
36144
36452
36488
36590
36594
36848
36852
37725
38419
38676
38829
38829
