385
728
1012
1268
1511
1723
1729
3004
3036
3174
3254
3472
3475
3480
3589
3615
3615
3615
3615
3615
3615
3615
3615
3827
4236
4394
4472
4598
4910
4910
4910
4910
4971
5002
5659
5659
5821
5821
5821
6040
7520
7683
7787
7787
8114
8314
8404
8987
9118
9174
9308
9308
9393
9393
9393
9488
9604
9842
9941
10180
11691
12006
12092
12178
12927
12963
12963
12963
12963
13166
13265
13265
13418
13429
13429
13429
13429
13429
13552
13707
14083
14083
14161
14165
14284
14380
14380
14413
14413
14633
14798
14808
14845
15318
15808
15808
15808
16516
16516
16516
16678
16986
17053
17850
18007
18056
18095
18209
18459
18501
18508
18567
18567
19314
19721
19721
20255
20255
20255
20255
20255
20255
20268
20268
20318
20475
20475
20490
21137
21237
21583
21773
21896
21928
22160
22221
22546
23588
23709
23709
24252
24326
24352
24352
24977
25062
25062
25062
25062
25062
25062
25067
25067
25067
25067
25067
25067
25067
25067
25067
25136
25870
25870
25870
25870
25870
25870
25870
25870
25955
26226
26226
26260
26763
27131
27386
27928
28255
28265
28339
28339
28339
28497
28532
28532
28532
28532
28568
29288
29757
29880
30329
30418
30610
30719
31109
31926
32215
32215
32215
32372
32372
32672
32778
32987
33547
33616
33616
33899
33920
33920
34014
34063
34332
34333
34333
35172
35172
35744
35775
35806
36070
36073
36128
36144
36220
36465
36594
36760
36760
36812
36815
37151
37298
37298
37298
37298
37298
37298
37299
37316
37318
37354
37368
37538
37649
37701
37701
37701
37725
37725
37737
38233
38329
38329
38331
38434
38451
38451
38451
38496
38496
38587
