198
352
1516
2404
2404
3157
3174
3196
3331
3754
4472
4759
5425
5749
6037
6100
6960
7288
7346
8514
8542
8581
8866
9020
9308
9309
9432
9986
10374
10444
11092
11129
11520
11803
11940
12421
12424
12663
12810
12812
12812
12829
12936
12987
13086
13164
13660
14350
14574
14646
14808
15565
15566
16002
16173
16340
16424
16424
16516
16516
16516
16893
16973
17961
17961
17976
18095
18095
18266
18429
18784
18789
19080
19612
19630
20347
20396
20490
20490
20490
20923
21080
21320
21320
21320
22004
22692
23992
24670
24855
25870
26370
26530
27150
27160
27575
27575
29048
30339
30736
30736
30998
31008
32061
32163
32163
32593
32593
32672
32672
33196
33196
33196
33199
33351
33590
33592
34054
34383
34406
34496
34802
35053
35053
35055
35156
35460
35732
35742
35775
36134
36289
36468
36631
36631
36649
36812
36815
36815
37190
37296
37368
37405
37701
37884
38211
38331
38344
