115
989
1012
1033
1171
1192
1511
1516
1516
1608
3196
3254
3656
3781
3781
3781
3964
3966
4178
4432
4736
4916
5149
5208
5251
5254
5346
5430
6398
6398
7298
7299
7299
7302
7303
7318
7318
7335
7635
7635
8514
8852
8866
8995
9105
9203
9207
9323
9441
9572
9658
9941
10060
10139
10139
10139
10139
10141
10141
10163
10939
10940
11206
11206
11207
11384
11389
11913
11984
12061
12061
12279
12590
12802
12853
12940
12947
13406
13446
13446
13447
13520
13520
13557
14083
14083
14165
14165
14556
14777
14921
15196
16026
16309
16516
16516
16516
16594
16813
17038
17166
17166
17504
17555
17558
17858
17858
17858
18007
18007
18102
18103
18103
18220
18498
18767
19114
19127
19255
19780
19840
20818
20819
20820
20820
20874
20921
21125
21137
21509
21587
21683
21701
21756
21756
21756
21764
21764
21764
21764
21764
21764
21773
21773
21773
21847
21890
22005
22023
22043
22886
22891
22891
22891
23085
23170
23236
23662
23709
24442
24442
24576
24698
24728
25021
25021
25021
25302
26339
26714
26714
26714
26714
26714
26714
26714
26714
26714
26714
26714
26714
26715
26715
26716
26846
28247
28277
28829
28829
29036
29218
30126
30186
30418
30731
31045
31764
31845
31845
31962
32365
32772
33196
33199
33343
33512
33905
33920
33920
34014
34022
34029
34029
34037
34037
34045
34045
34045
34063
34405
34433
34433
34433
34433
34433
34433
34433
34433
34433
34433
34433
34433
34433
34507
34868
34914
35369
35732
35782
35841
35841
35841
35841
35841
35857
35857
35858
35858
35864
35864
35864
35864
35864
35864
35864
35864
35864
35892
36069
36284
36403
36505
36505
36538
36659
36815
36846
36848
36861
36865
36865
37056
37137
37151
37194
37298
37298
37298
37542
37542
37546
37725
38234
38302
38323
38323
38323
38344
38524
38543
38600
38755
38829
38829
38829
