433
1448
2049
2050
2050
2890
3781
3834
4002
4322
5430
5551
7195
7196
7418
8488
8691
8691
8796
9299
9343
9790
10010
10168
12585
13008
13160
14734
15736
15779
16043
16043
16043
16424
17214
17214
17214
18107
18266
18733
18786
18802
19612
20004
20010
20010
20490
20846
20874
20923
21151
21756
21764
22031
22084
23049
23085
23778
26900
27149
28551
29574
30413
30961
31198
31292
31637
31637
32028
32348
33813
33813
33813
33813
33813
34289
35740
36265
36305
36812
36852
36862
37370
37370
37429
37512
38242
38477
38649
