134
355
1307
1448
2647
3047
3510
4199
4199
4199
4199
4199
4678
4678
4678
4678
6319
7298
7318
7771
7771
7771
8456
9256
9573
9814
9822
9822
11384
11582
11582
11582
11582
12196
12244
13646
13961
13961
13961
14161
14417
14715
15640
16309
16354
17848
17848
17976
18103
18293
18293
18293
18293
18652
18652
18652
18750
18928
19127
19134
19611
19621
19780
19780
19780
19780
20318
20490
21238
21762
22031
22852
23015
23563
23680
25382
25581
26058
26340
26861
26861
27583
28433
28896
29062
30360
30418
30485
30700
32013
32368
32459
32500
32551
32551
32551
32551
32551
33920
33920
34750
35269
36062
36245
36506
36561
36561
36663
37137
37252
37298
37649
37659
37659
37659
37659
37659
37659
37663
37663
37728
37728
37728
37925
37925
37929
37929
38011
38011
38014
38344
38456
38456
38675
38675
38676
38676
38676
