63
214
1102
1203
1448
1448
1527
1527
3146
3254
3965
4199
4199
4438
4616
4905
5490
5724
6432
6499
6766
7288
7297
7303
7303
7320
7387
7409
8799
8978
9174
9174
9178
9441
9573
9941
10002
10420
10772
11122
11169
11414
11574
11891
12197
12338
12351
12602
12615
12977
12987
13245
13447
13961
14083
14083
14161
14191
14205
14644
16516
16572
16594
16754
16754
16755
16840
16853
16853
17166
17493
17858
17979
18092
18092
18286
18429
18740
18763
19155
19526
19747
19840
19842
19842
19934
19934
20174
20174
20215
20490
20639
20639
20639
20639
20639
20639
20639
21005
21025
21143
21237
21516
22024
22043
22057
22340
22340
22714
22955
23341
23392
23526
23894
23951
24081
24248
24430
24443
24443
24451
24451
24915
25062
25500
25500
25500
25500
25500
25500
25500
25720
26340
27942
28390
28532
28532
29070
29322
30663
30692
31099
31120
31121
31263
32155
32155
32365
32368
32376
32428
32522
33123
33196
33899
33899
34029
34029
34054
34393
34685
34743
34744
34744
34744
35061
35713
35801
35803
35892
36079
36135
36144
36220
36561
36736
36812
36812
36885
37298
37298
37593
37649
37925
37925
38004
38396
38552
