103
343
546
547
642
833
877
1424
1424
1442
1511
1511
1511
1516
1673
1743
1807
2131
2190
2457
2476
2492
2742
2883
2983
3004
3047
3085
3085
3146
3165
3248
3256
3271
3371
3395
3461
3479
3510
3542
3546
3737
3775
3778
3834
3837
3933
4014
4162
4620
4797
4910
5059
5181
5351
5401
5483
5563
5773
6352
6398
6398
6398
6401
6401
6573
7226
7288
7303
7320
7335
7502
7741
7771
7771
7903
8026
8073
8419
8420
8420
8420
8420
8456
8461
8488
8488
8514
8652
8787
8796
8950
8987
9007
9040
9323
9352
9393
9393
9405
9405
9441
9464
9487
9795
9941
9955
10001
10180
10180
10342
10420
10420
10420
10420
10594
10893
11204
11384
11384
11384
11384
11389
11510
11592
11621
11631
11693
11773
11865
11872
11969
12061
12061
12061
12067
12159
12188
12196
12316
12351
12473
12620
12700
12774
12844
12860
12864
12937
12940
12940
12940
12940
13086
13166
13166
13166
13171
13195
13313
13313
13313
13401
13447
13520
13552
13552
13582
13646
13646
13646
13646
13646
13854
13917
13963
14083
14083
14127
14159
14242
14380
14477
14808
15196
15232
15561
15782
15782
15797
15888
16166
16319
16319
16319
16319
16319
16332
16353
16516
16572
16573
16585
16594
16594
16636
16636
16695
16725
16764
16909
16958
16973
17038
17038
17054
17106
17214
17214
17433
17433
17522
17522
17551
17551
17679
17688
17732
17848
17858
17858
17859
17976
18209
18266
18266
18266
18278
18567
18567
18710
18711
18716
18716
18716
18716
18716
18723
18784
18814
18853
18853
18853
18853
18860
18863
18863
18863
18877
18910
18997
19116
19396
19532
19540
19549
19549
19658
19681
19689
20031
20031
20296
20483
20825
20847
20874
20921
21079
21110
21143
21143
21143
21143
21237
21237
21429
21556
21587
21683
21695
21701
21756
21809
21971
22098
22098
22098
22098
22155
22221
22285
22320
22391
22843
22991
22992
23019
23019
23019
23019
23019
23019
23019
23019
23019
23019
23019
23019
23019
23019
23019
23019
23019
23036
23053
23068
23070
23085
23085
23140
23485
23485
23528
23642
23642
23709
23906
24343
24455
24515
24556
24568
24620
24855
25102
25123
25171
25181
25581
25709
25709
25866
25866
25866
26016
26191
26258
26338
26353
26353
26353
26405
27005
27005
27016
27528
27528
27945
28157
28186
28290
28365
28539
28574
28901
28930
28955
28955
28979
29048
29070
29160
29174
29351
29574
29607
29650
29707
29757
30048
30102
30144
30144
30351
30360
30518
30663
30663
30700
30958
31153
31325
31588
31795
31885
31962
31962
32180
32324
32365
32459
32611
33240
33350
33394
33640
33775
33920
33920
33924
33952
33996
34022
34026
34027
34126
34282
34496
34510
34523
34670
34717
34720
34767
34975
35008
35026
35026
35027
35106
35151
35362
35485
36002
36069
36073
36121
36129
36282
36294
36372
36561
36610
36661
36787
36812
36851
36948
37151
37270
37298
37298
37298
37368
37412
37484
37538
37543
37682
37687
37698
37838
37903
37903
37903
37903
37903
37903
37903
38016
38065
38251
38262
38275
38302
38329
38425
38496
38511
38524
38545
38552
38600
38646
38646
38676
38696
38766
38862
