134
2762
2861
3519
3768
4871
6228
6891
7683
8322
8809
8809
8809
10354
11152
11384
11389
11649
11798
11815
12087
12196
12679
12752
13166
13166
13172
13552
13626
14083
14161
14161
14667
14667
14667
14670
14670
14855
15196
15220
16023
16424
16438
16583
16747
16747
16747
16779
16840
17242
17243
17433
17542
17588
17846
18215
18928
19658
19780
20406
20406
20406
20490
20939
21756
21756
21756
22357
22710
22857
22951
22951
23074
23754
23755
24455
25021
25024
25585
25870
26247
26353
26790
27063
27574
29200
29391
29529
30098
30339
31600
32500
32684
33165
34022
34379
34406
34433
34433
34496
35806
35806
36073
36660
37298
37536
37536
37536
37692
37703
37703
37703
37703
38323
38329
38329
38600
