147
278
278
316
343
879
1012
1100
1307
1410
1448
1511
1527
2037
2161
2661
2945
2945
2945
2945
2945
3481
3781
3782
3782
4013
4013
4188
4394
4394
4605
4605
5216
5397
5495
5511
5511
5873
6272
6272
6272
6272
6548
7164
7244
7502
7578
7688
7901
8256
8387
8542
8542
8673
8987
8991
9207
9308
9316
9318
9323
9353
9393
9393
9432
9805
9903
9953
10346
10346
11389
11389
11395
11576
12104
12196
12203
12241
12727
12829
12859
13429
13436
13446
13707
14112
14112
14112
14112
14112
14112
14113
14165
14185
14556
14715
14845
15234
15347
15508
15539
15579
15586
15752
15888
15940
16023
16166
16166
16194
16251
16278
16280
16348
16516
16516
16864
16864
16864
16920
16920
16920
16920
16920
16920
16920
16980
16985
17212
17493
17591
17596
17599
17640
17848
17850
17858
18102
18130
18344
18459
18549
18558
18569
18647
18664
18693
18733
18819
19621
19621
19622
19640
20071
20807
20921
21125
21131
21143
21143
21488
21516
21519
21587
21636
21636
21756
21756
21763
21782
21847
21866
22224
23368
23719
23719
24017
24126
24131
24691
25202
25202
25616
25616
26406
26763
26881
27015
27063
27507
28052
28773
29574
29684
30413
30418
30663
30700
30964
31045
31614
31998
32365
32372
32459
32459
32459
32635
32684
33165
33246
33608
33905
34070
34070
34104
34293
34484
34966
35085
35270
35372
35372
35404
35485
35579
35744
35775
36144
36404
36478
36478
36505
36506
36538
36561
36736
36760
36812
36885
37017
37137
37151
37318
37538
37538
37625
37625
37663
38242
38331
38348
38348
38552
38576
38576
38587
38600
