63
343
419
426
640
640
733
1044
2224
2224
3037
3037
3254
3261
3406
3965
4562
4606
4905
5198
6260
6260
6260
6260
7299
7303
7318
8093
8326
8326
8326
9005
9005
9176
9323
9323
9340
9393
11122
11384
12196
12230
12558
13053
13054
13171
13265
13316
13465
13789
14157
14492
15196
15808
16014
16516
16573
16573
16573
16594
17050
17050
17054
17211
17211
17837
17858
18267
18567
18567
18790
19048
19171
19314
19321
19321
19321
19396
19480
19611
19747
19863
19863
19960
20255
20490
20490
20490
20501
20649
20694
20706
20874
21024
21276
21592
21756
22043
22057
22147
22147
22216
23282
23731
23929
24081
24889
25102
25382
25513
25513
25513
25550
25556
27634
28323
29557
29662
30473
30473
30998
31004
31004
31065
31065
31263
32350
32365
32420
32420
32428
32459
33059
33899
33899
33900
33902
34613
34685
34685
34685
34885
34942
34999
34999
35486
35630
35713
35803
35806
36144
36180
36180
36180
36433
36669
36960
36960
36960
36960
36960
37113
37113
37428
37449
37449
37449
37449
37560
37593
37649
37659
37659
37701
37885
38277
38344
38434
38543
38578
38578
38600
