1296
1511
1516
2983
3519
3519
3535
3578
3578
3619
4472
5199
5430
5430
6766
7586
8445
10010
10089
11360
11360
12700
12805
12936
13552
13988
13988
14427
15292
15294
15294
15294
15773
15939
16203
16203
16203
16203
16223
16223
16438
16845
16845
16845
16973
16973
16973
16973
17093
17235
18209
18231
18639
18747
18747
18786
19060
20825
20825
20825
20825
20921
20921
21147
21147
21148
21773
21773
21773
21773
21847
22031
22031
22234
22234
22234
23724
23753
23853
24067
24093
24093
24572
24572
25706
25706
25870
26724
26748
26748
27086
27918
28099
28481
28481
28596
29414
30418
30572
30614
31108
31532
31532
31532
31532
31535
31535
31535
31535
31535
31962
32284
32284
32969
33149
33149
33150
33150
33151
33151
33151
33151
33151
33155
33155
33199
33199
33199
33525
34289
34496
34616
34616
34616
35979
36251
36538
36538
36538
36538
36538
36538
36561
36561
36561
36561
36861
36861
36861
37841
37841
38242
38242
38425
38501
38600
38614
38614
38676
