208
1511
2127
3490
3490
3779
3866
4472
4472
5154
7843
9174
9393
9822
9822
11674
12031
12032
12032
12797
12977
12977
12977
13465
13660
13982
14431
14690
15888
16893
16893
17395
18067
18067
18067
18067
18067
18067
18266
18458
18547
18733
19016
19622
20426
20426
20923
21516
21847
21880
21880
21883
22043
22570
22671
22932
23195
23475
23505
23597
23812
23916
24089
24850
24850
24941
24941
24941
24941
24941
24941
24941
24941
24941
24941
24941
24941
25845
29574
29613
29613
30413
32061
32372
33199
34046
34445
34520
34884
34884
35134
35348
36263
36506
37137
37151
37412
38276
38384
38543
38758
