528
718
722
722
754
754
754
754
770
770
770
770
770
789
798
1332
1506
1579
1579
1596
1628
1628
1628
1628
1628
1628
1628
1628
1628
1628
1723
1749
1761
1761
1761
1761
1761
1761
1761
1761
1761
1761
1761
1761
1761
1761
1761
1761
1761
1761
1761
1761
1761
1846
1846
1846
1937
1993
1993
1993
2019
2041
2041
2041
2127
2127
2127
2127
2127
2127
2127
2127
2127
2128
2130
2403
2403
2403
2403
2475
2650
2728
2845
2991
4019
4026
4026
4575
4828
5163
5163
5163
5165
5165
5165
5165
5165
5165
5165
5167
5315
5524
5524
5524
5609
5652
5702
5869
5869
5869
5874
5928
5928
6109
6173
6295
6537
6607
6625
6627
6690
7208
7444
7444
7444
7444
7444
7444
7444
7444
7447
7447
7596
7935
7938
8374
8485
8935
9135
9648
9648
10050
10350
10409
10580
10855
10855
10855
10855
10855
10855
10855
10855
10855
10855
10855
10855
10855
10855
10855
10855
10855
10855
10855
10855
10855
10855
10855
10855
10855
10855
10855
10858
10858
10858
10858
10858
10858
10858
10858
10862
10863
10936
10936
11037
11037
11037
11037
11277
11277
11277
11277
11277
11277
11277
11277
11277
11279
13132
13157
13157
13157
13560
13988
13988
13988
13988
14003
14003
14241
14435
14435
14436
14446
14446
14447
15314
15315
15316
15470
15470
15488
15655
15655
15655
15655
15917
15917
16057
16060
16103
16103
16110
16223
16497
16797
16854
17409
18358
18429
18537
19176
19267
19272
19273
19712
19773
19785
19821
19821
19825
19895
19895
20037
20161
20898
21094
21102
21102
21102
21102
21102
21102
21102
21102
21102
21102
21209
21268
21268
21268
21291
21291
21291
21291
21291
21412
21611
21611
21611
21611
21611
21612
21612
21612
21612
21612
21612
21612
21656
21747
22307
22315
22315
22316
22396
22473
22475
22507
22579
23141
23141
24325
24339
24487
24887
24887
25097
25136
25362
25411
25672
25733
25733
25733
25796
25796
25953
26038
26219
26374
26402
26479
26941
27131
27247
27247
27252
27422
27424
27427
27602
27684
27693
27727
27761
27767
27767
27827
28097
28114
28114
28190
28190
28493
28493
28531
28637
28638
28638
28638
29143
29143
29146
29193
29193
29193
29237
29358
29395
29489
29493
29494
29494
29571
29571
29571
29571
30040
30092
30092
30112
30112
30396
30554
30585
30606
30606
30621
30621
30621
30633
30810
31039
31549
31549
31549
31746
32019
32199
32199
32199
32203
32203
32203
32203
32203
32203
32203
32203
32203
32203
32208
32208
32208
32208
32208
32208
32208
32208
32208
32208
32208
32208
32208
32208
32208
32208
32208
32208
32208
32208
32208
32208
32208
32208
32208
32208
32208
32208
32208
32208
32208
32208
32208
32208
32208
32208
32208
32208
32208
32208
32208
32208
32208
32208
32208
32208
32208
32208
32208
32208
32208
32208
32208
32213
32213
32243
32246
32246
32268
32268
32268
32294
32418
32709
32724
32797
32798
32818
32818
33054
33277
33813
33816
33816
33891
33892
33892
35724
35845
36625
37511
37600
37601
37606
37841
37841
37841
37841
37841
37841
38043
38156
38156
38156
38156
38162
38162
38162
