62
422
625
728
938
1511
1542
2621
2621
2644
2742
3348
3543
3704
3715
4432
4438
4515
4515
4515
4620
4625
4736
4736
4839
5142
5320
6352
6474
6575
7293
7321
8057
8114
8956
9117
9176
9207
9207
9207
9308
9321
9352
9405
9405
9405
9822
9902
9958
9958
9958
9958
10670
10670
11384
11384
11389
11389
11612
11621
11631
11691
11692
11899
12196
12196
12879
12966
13166
13166
13166
13166
13345
13405
13405
13405
13917
13917
14083
14083
14083
14083
14161
14734
15234
16076
16573
17187
17187
17187
17210
17345
17345
18004
18102
18107
18429
18494
18569
19396
19423
19423
19721
19780
19780
21143
21147
21147
21451
21468
21663
21663
21663
21663
21663
21663
21663
21668
21683
21684
21756
22340
22419
22419
22929
23642
25642
25642
25812
25920
25920
26070
26338
26340
26454
26454
26454
27066
27066
27066
27103
27155
27155
27155
27652
27828
28162
28186
28186
28397
28699
28699
28700
29613
30067
30068
30199
30274
30663
30850
30850
30850
30850
30850
30850
30850
30929
30929
30929
31128
31545
31862
31962
33002
33165
33590
33813
34221
34575
34720
35174
35639
35803
36037
36115
36115
36129
36266
36510
36625
36741
36812
36815
37151
37197
37197
37298
37298
37298
37298
37298
37298
37484
37538
37649
37649
37719
37725
38329
38329
38329
38329
38501
38524
38543
38552
38583
38600
