63
63
275
566
1012
1511
1772
2078
3094
3174
3174
3254
3425
3661
3661
3757
3844
3939
3965
3997
4432
4472
5064
5191
5198
7276
7303
7771
8073
8217
8449
8894
9040
9174
9176
9176
9308
9323
9323
9573
9790
9853
10002
10112
10678
11290
11800
12131
12134
12230
12241
12244
12714
13265
13265
13446
13446
13867
13914
13920
13965
14030
14154
14418
14418
14427
14644
14990
15191
15234
16595
16707
16707
16707
16758
16758
16837
16868
16909
16980
16986
16986
17038
17484
17850
18084
18103
18103
18107
18786
18928
19060
19060
19125
19621
19780
20130
20132
20132
20132
20132
20139
20139
20255
20313
20490
20490
20874
20921
20921
21488
21701
21880
21880
22098
22147
22147
22221
22853
23019
23190
23280
23367
23367
23563
23563
23680
23811
23909
24620
24855
24907
24914
25181
25307
25390
25390
25837
25837
26070
26070
26070
26084
26084
26094
26270
26480
26637
26763
26763
27999
28385
28532
28532
29351
29351
29529
30495
30501
30502
30507
30507
30507
30507
30585
30588
30603
30663
30663
30700
30700
30731
30789
31198
31198
31834
31998
32155
32155
32348
32348
32365
32371
32372
32372
32473
32987
33199
33199
33199
33293
33655
33713
33813
33855
33920
33920
33920
34004
34496
34510
34657
35171
35172
35174
35341
36141
36241
36404
36490
36561
36561
36671
36815
36815
36833
36833
36833
36833
36833
36851
36861
36861
37412
37412
37429
37431
37435
37440
37441
37441
37649
37649
37649
37890
38029
38029
38383
38543
38611
38758
38829
