5
1520
1723
2763
3004
3037
3343
3932
3932
3932
3937
3964
4489
4562
5012
5064
5401
5563
5563
7410
8852
8930
9019
9323
9323
9451
9572
9652
9652
9652
10112
10112
10112
10112
10774
11389
11389
11499
11576
11628
11997
11997
12261
12697
12772
12940
13265
13446
13556
13979
14083
14168
14273
14415
15046
15046
15056
15056
15065
15096
15096
15096
15097
15332
15829
15829
15831
15838
15839
16516
16516
16755
16837
16837
16837
17050
17922
18092
18300
18344
18558
18853
19080
19114
19611
19621
19780
19780
20111
20490
20490
20749
20921
20921
20921
21127
21143
21170
21170
21238
21880
22188
22285
22629
22684
22684
22693
22784
22808
22809
23296
23679
23680
25614
25629
25848
26058
26230
26252
26364
27103
27398
27504
28311
28532
28903
29070
29218
29582
29731
29937
29937
29937
30170
30418
30473
30473
30473
30664
31045
31614
32298
32757
33059
33060
33165
33343
33920
34104
34496
34516
34685
35100
35803
35803
36505
36625
36933
37151
37151
37298
37324
37354
37412
37412
37412
37925
37925
37925
37929
37929
37929
37929
37954
37991
38004
38344
38455
38496
38552
38557
38799
38835
