503
503
1720
1720
2661
2661
2661
2662
2662
2662
2662
3196
3348
3939
3939
4489
4999
5875
6745
7298
7562
8019
8620
9166
9203
9308
9308
9323
9432
9573
10112
10112
10141
10433
11389
11429
11576
11800
12061
12061
12067
12087
12087
12879
12937
12987
13549
13552
13892
14165
14575
15672
15672
16516
16516
17512
18095
18107
18126
18209
18494
18501
18501
20081
21143
21143
21756
21756
21811
21811
21811
21811
22153
22349
23667
24225
24855
25934
26364
26364
26364
26884
26884
27507
27639
27639
27639
27639
27639
27639
27639
27639
27775
29880
30105
30106
30108
30110
30110
30340
30527
30904
31862
32061
32542
33028
33622
34510
34872
34875
35106
35732
36141
36415
36672
37737
38016
38302
38425
38456
38543
