343
893
1012
1621
1936
1936
2185
2193
2434
2497
3024
3254
3519
3519
3622
3646
3964
4015
4138
4294
4394
4394
4578
4617
4637
5965
5965
5966
7109
7293
7343
7344
7346
7346
7346
7562
7843
8096
8236
8236
8236
8542
8542
8542
8551
8551
8620
8866
8950
8950
8951
8955
8957
8988
9004
9174
9174
9175
9308
9316
9321
9323
9323
9393
9572
9572
9944
9944
9944
9986
10180
10180
10428
10782
10785
10785
10785
10785
10785
10785
10785
11384
12011
12174
12345
12494
12500
13074
13085
13318
13520
13742
13881
14083
14168
14191
14647
14812
14874
14930
15234
15234
15234
15776
16516
16516
16695
16798
16805
16813
17388
17388
17396
17686
17848
17858
18001
18103
18209
18348
18513
18547
18569
18569
18733
18737
18737
18928
18989
19048
19127
19611
19621
19621
19630
20347
20347
20670
20874
21026
21143
21172
21452
21653
21683
21756
21802
22043
22043
22098
22161
22282
22349
22349
22349
22349
22349
22504
22749
22772
23086
23203
23506
23682
24235
24546
24855
24879
25102
25102
25307
25327
25429
26149
26981
27293
27385
27385
27385
27583
27918
27962
27966
27969
28028
28323
28323
28785
29070
29607
29888
29888
29889
29889
29894
30249
30249
30413
30413
30413
30413
30576
30663
30778
30877
32298
32298
32365
32393
32401
32522
32933
33199
33899
33905
33905
33905
33905
33905
33905
33905
33905
33905
33905
33905
33920
33974
34027
34027
34054
34571
34614
35369
35371
35387
35603
35924
36189
36235
36263
36263
36477
36625
36669
36669
36812
36812
36848
36848
36861
36875
36931
37137
37140
37151
37151
37151
37151
37151
37194
37197
37197
37201
37207
37316
37353
37412
37412
37412
37412
37484
37649
37649
37810
37825
38302
38323
38329
38456
38557
38563
38600
38676
38721
