1025
1448
1775
3283
3283
3283
3348
3927
3928
3933
3939
3939
3939
3964
3964
3965
4352
4353
4394
4394
4625
4807
5012
5198
5199
5374
6988
7071
7293
7303
7562
7683
7683
7958
8674
8685
8782
8786
8809
8809
8874
8874
8874
9174
9256
9318
9318
9323
9393
9393
9393
10112
10939
10939
10940
11384
11384
11389
11389
11627
12988
13171
13556
13895
14155
14450
14450
14572
14751
14751
14751
14751
14921
14956
14956
15234
15234
15257
15829
15829
15829
15831
15831
15831
15831
15831
16837
16920
16936
17899
17899
17899
18103
18103
18190
18300
18300
18393
18393
18549
19629
19629
19629
19629
19642
19684
19780
19780
20490
20490
20490
20490
20694
20703
20703
21082
21125
21147
21633
21633
21683
21759
21759
22023
22391
22391
22693
24659
25216
25581
25581
26147
26472
27211
27211
27503
27507
27507
28052
28052
28052
28439
28737
29035
30253
30561
30719
30781
30814
30815
32473
34052
34052
34052
34109
34395
34395
34516
34516
35776
36402
36404
36404
36452
36812
36848
37283
38344
38425
38457
38457
38600
38649
38649
38649
38649
38649
38649
38676
38678
38678
38694
38694
38694
38694
38694
38711
38711
38711
38711
38711
38715
38719
38725
38731
38755
38856
