150
247
282
363
363
944
944
1133
1203
1206
1437
1437
1437
1448
1516
1621
1698
1960
2492
2560
2853
2853
2860
2883
2889
2983
3028
3036
3236
3239
3545
3545
3904
3923
3934
3934
3939
4198
4199
4199
4247
4320
4394
4472
4623
4626
4888
5002
5046
5056
5166
5199
5199
5374
5430
5489
5490
5563
5571
6166
6166
6168
6704
6744
6766
7299
7302
7320
7343
7346
7523
7634
7721
7725
7772
7984
8188
8260
8502
8696
8730
8872
9042
9047
9066
9174
9176
9183
9256
9256
9273
9273
9273
9323
9364
9573
9573
9575
9814
9814
9826
9943
10001
10112
10136
10543
10543
10673
10920
10920
11384
11384
11384
11384
11389
11607
11621
11628
11649
11903
12335
12345
12393
12649
12672
12733
12774
12797
12805
12940
13008
13166
13166
13187
13227
13412
13520
13527
13552
13660
13736
13789
13789
13896
13920
13976
14083
14083
14107
14130
14161
14205
14293
14574
14640
14644
14647
14715
14820
14855
14855
14855
14930
14930
14991
14991
14991
14991
15046
15046
15066
15083
15089
15224
15234
15234
15526
15660
16015
16022
16516
16516
16516
16516
16516
16516
16594
16754
16755
16755
16855
16855
16925
16973
17029
17038
17086
17166
17433
17555
17848
17858
17858
17858
17859
17937
17976
18001
18004
18069
18069
18092
18103
18103
18161
18429
18496
18498
18518
18672
18780
19158
19621
19877
19879
19995
20045
20249
20262
20345
20346
20347
20347
20348
20413
20490
20490
20596
20904
20904
21143
21143
21152
21152
21152
21400
21516
21866
21880
21971
21971
21978
21978
22147
22147
22160
22221
22359
22583
22671
22680
22688
22688
22749
23240
23280
23811
23841
24042
24256
24371
24422
24422
24422
24422
24436
24442
24442
24442
24442
24442
24443
24443
24443
24443
24443
24443
24443
24443
24443
24519
24682
24693
25059
25155
25155
25155
25307
25307
25371
25394
25399
25428
25428
25709
25709
25712
25764
25764
25816
25970
26070
26084
26260
26364
26364
26364
26364
26663
27141
27149
27420
27420
27674
27676
27973
27973
28138
28153
28223
28376
28532
28566
28566
28774
29516
29574
29613
29710
29740
29937
30046
30048
30048
30124
30263
30413
30413
30537
30660
30663
30663
30663
30700
30948
31368
31638
31794
31885
31962
31998
31998
32139
32298
32298
32298
32298
32298
32325
32348
32365
32365
32368
32930
32930
33165
33165
33196
33196
33196
33196
33196
33196
33199
33523
33725
33899
33905
33920
33920
33935
33988
34014
34014
34022
34027
34332
34340
34439
34758
34899
35090
35090
35090
35090
35096
35096
35096
35096
35096
35100
35100
35100
35100
35100
35100
35404
35409
35644
35644
35649
35650
35684
35742
35775
35803
36327
36415
36415
36505
36538
36538
36547
36561
36661
36694
36812
36812
36812
36865
36891
36973
37283
37283
37298
37358
37368
37419
37423
37423
37429
37429
37429
37484
37649
37669
37671
37725
37726
37925
37925
37929
37936
37948
37948
38004
38041
38242
38323
38329
38354
38415
38434
38455
38457
38463
38545
38552
38649
38649
38649
38649
38649
38649
38649
38649
38649
38676
38676
38681
38705
38705
38705
38708
38721
38727
38755
38828
38850
38862
