265
278
343
343
447
447
852
932
1164
1164
1511
1513
1747
1766
2742
2781
3174
3538
3542
3830
3904
3904
3996
4179
4198
4199
4199
4199
4394
4432
4496
4625
4625
4625
5873
6443
6884
6884
7299
7315
7362
7362
7362
7643
7958
7958
7984
8438
8438
8438
8438
8987
8991
8991
9020
9207
9321
9352
9352
9573
9953
9953
10420
10594
10594
11351
11389
11389
11496
11496
11554
11562
11576
11576
11616
11691
11691
11691
11691
11691
11691
11865
11865
11940
12030
12033
12033
12059
12131
12131
12131
12196
12241
12345
12805
12859
12914
12987
13166
13446
13446
13446
13446
13512
13512
13512
13516
13516
13518
13739
13739
13739
13834
14205
14210
14418
14427
14559
14559
14647
14663
14855
14855
14921
14921
14930
14982
14982
14982
14982
14982
15673
15781
15797
16516
16837
16961
17390
17390
17848
17858
18103
18103
18103
18103
18344
18494
18501
18733
19396
19780
20345
20345
20346
20426
20490
20490
20755
20874
20921
20921
20926
21087
21143
21143
21143
21143
21170
21171
21427
21427
21427
21583
21633
21633
21735
21735
21847
21971
22059
22144
22147
22147
22147
22217
22221
22226
22226
22281
22281
22282
22282
22282
22772
23082
23083
23085
23326
23558
23686
24690
24947
26273
26291
26302
26633
26688
26862
27086
27132
27132
27149
27290
27507
27507
27517
27686
27796
27832
27973
28032
28052
28071
28071
28071
28350
28350
28941
28941
28941
28941
29684
30163
30198
30198
30413
30418
30418
30459
30504
30504
30504
30638
30670
30670
30670
30670
30670
30670
30670
30670
30670
30670
30670
30670
30670
30670
30670
31552
31962
32482
32720
33165
33165
33165
33349
33512
33513
33513
34052
34052
34266
34266
34266
34337
34379
34416
34630
34637
34874
35279
35279
35279
35279
35280
35281
35282
35283
35283
35284
35284
35284
35288
35288
35288
35288
35288
35364
35514
35732
35806
35968
35968
35968
36069
36069
36128
36128
36144
36144
36144
36144
36242
36377
36458
36458
36490
36538
36653
36812
36815
36865
36865
36885
37283
37298
37298
37298
37298
37316
37560
37625
37625
37625
37725
37725
37929
37948
37948
37948
37948
37948
37948
38022
38022
38242
38242
38329
38329
38329
38329
38329
38496
38543
38543
38545
38552
38560
38755
