726
775
1116
1117
1437
1511
1516
1766
1796
1979
2189
2306
3175
3196
3721
4394
4620
5583
7343
7510
7510
7520
7575
8950
9212
9309
9321
9323
9323
9333
9573
9804
11389
12550
12550
12937
13085
13138
14141
14425
14640
16212
16516
16573
16746
16804
16884
17050
17214
17394
18130
18146
18567
18792
19215
19622
19642
19900
20483
20483
20483
20846
20846
21143
21143
21398
21758
21759
21847
22149
22357
23624
23697
25428
25466
26161
26161
26406
26838
27431
28117
28145
28148
28376
28436
28436
29205
29272
29272
29272
29357
29574
29748
29748
29748
29748
30197
30199
30418
30998
31061
31325
32435
33474
33693
33905
34034
34956
35814
35814
36506
36614
36848
36882
37151
37526
37773
38496
38587
