206
697
1528
1723
2152
2890
3047
3280
3542
3903
4626
4626
5749
7298
7303
7374
7374
7374
7374
7374
7374
7374
7542
7542
7542
8203
8488
8896
9393
9902
9948
10002
11085
11144
11752
11752
11752
11815
11815
12033
12061
12061
12131
12283
12351
13085
13914
14158
14165
14536
14579
14595
16585
16585
16985
16985
16998
16998
17211
17352
17384
17385
17499
17848
17856
17858
17974
18038
18092
18741
18741
18767
18767
19638
19721
19780
20045
20415
20415
21143
21269
22357
23274
23276
23326
23386
23709
24145
24425
24481
25067
25084
25084
25390
25756
25756
25837
25837
25837
25844
25870
25870
26480
26517
26518
26694
26695
26922
27165
27290
28223
28753
28758
28758
29121
29563
29880
30351
30418
30663
30719
30719
30929
31312
31474
31834
31937
31962
32093
32459
33246
33354
34022
34054
34063
34771
35803
35806
36062
36161
36348
36484
36504
36663
36781
36861
36888
36889
37151
37194
37244
37412
37700
37837
38329
38552
38552
38847
