265
728
728
2883
2883
2945
3125
3197
3280
3280
3743
4268
4432
4488
7293
7299
7520
7520
7787
8232
8232
8660
9174
10427
10772
10774
10826
11211
11389
11693
11753
11792
11792
11793
11793
12061
12061
12061
12061
13446
13446
14083
14185
14185
16837
17290
17433
17433
17433
17447
17848
18103
18103
18267
18501
18567
18733
18733
19840
19840
20415
20426
21147
21516
22031
24455
24455
24455
24455
24455
24455
24591
24912
24912
25062
26353
26353
27373
28160
28532
28537
30585
30602
30700
30789
32365
32587
36812
37298
38022
38022
38329
38755
38758
38758
38829
