526
526
526
602
769
862
910
1219
1219
1299
1300
1301
1318
1506
1506
1566
1573
1596
1596
1761
1761
1761
1761
1761
1761
1761
1761
1761
1761
1761
1761
1761
1761
1761
1761
1761
1761
1853
1853
1860
1993
2019
2127
2155
2227
2279
2308
2479
2489
2728
4330
4330
4746
5261
5261
5556
5556
5556
5556
5556
5556
5556
5603
5615
5652
5766
5926
6025
6031
6271
6295
6295
6368
6429
6561
6572
6682
6738
7023
7051
7136
7357
7357
7357
7405
7478
7478
7499
7500
7534
7537
7593
7720
7821
7974
8055
8181
8331
8335
8335
8427
8487
8498
9055
9122
9235
9824
9836
10180
10180
10180
10180
10180
10180
10245
10653
10666
10689
10723
10767
10840
10879
10927
11037
11037
11037
11037
11037
11037
11037
11037
11037
11134
11134
11178
11178
11178
11178
11178
11178
11178
11178
11178
11178
11178
11178
11179
11179
11179
11179
11179
11179
11179
11277
11277
11277
11277
13200
13323
13323
13402
13563
13751
13751
13751
13751
13903
13988
13988
14003
14003
14003
14003
14044
14046
14182
14435
14435
14467
14487
14487
14487
14487
14487
14822
14822
14823
14888
15378
15471
15490
15511
15511
15520
16324
16497
16497
16497
16568
16568
18537
19097
19097
19097
19146
19242
19242
19293
19333
19333
19333
19350
19351
19427
19429
19429
19452
19761
19773
19776
19795
20093
20122
20122
20122
20160
20727
20727
20727
20771
21078
21094
21232
21232
21268
21268
21268
21268
21268
21272
21289
21386
21412
21746
21774
21774
21926
21929
22307
22307
22307
22316
22316
22397
22410
22510
22579
22579
22607
22607
22607
23286
23286
23859
23863
24218
24409
24409
24409
24410
24483
25154
25154
25154
25154
25166
25166
25166
25166
25166
25166
25166
25166
25166
25166
25166
25311
25311
25311
25311
25311
25311
25311
25311
25311
25311
25403
25473
25573
25941
25942
25972
25974
26017
26209
26219
26333
26356
26356
26358
26358
26358
26358
26560
26700
26825
26829
26829
26945
27027
27029
27029
27123
27136
27254
27258
27587
27604
27604
27607
27718
27725
27728
27728
27839
27856
27856
27884
28080
28080
28080
28085
28085
28252
28296
28319
28326
28493
28493
28493
28493
28586
28654
29175
29319
29335
29362
29368
29441
29493
29494
29922
31093
31093
31099
31230
31230
31239
31328
31328
31419
31430
31430
31430
31430
31430
31430
31430
31430
31430
31430
31430
31644
31746
31746
31964
32199
32199
32199
32199
32199
32199
32199
32203
32203
32203
32203
32203
32203
32203
32203
32203
32203
32203
32208
32208
32208
32208
32208
32208
32208
32208
32208
32208
32208
32208
32208
32208
32208
32208
32208
32208
32208
32208
32208
32208
32208
32208
32208
32213
32213
32213
32213
32213
32214
32214
32220
32238
32248
32248
32248
32248
32248
32260
32268
32268
32268
32278
32278
32278
32278
32413
32708
32709
33759
33816
33862
33891
33895
33895
33895
35583
35583
35583
35856
37088
37149
37275
37275
37321
37369
37369
37590
37592
37592
37595
37595
37600
37608
37608
37608
37608
37608
37608
37608
37613
37713
37713
37841
37841
37841
37841
37847
37848
37848
38033
38038
38068
38149
38190
