425
732
1448
1448
1506
1506
1506
1511
1930
2185
3997
4251
6168
6168
7316
7476
7476
7476
8809
9039
9039
9039
9039
9039
9039
9039
9308
9308
9308
9591
9948
10512
10669
10669
10677
11143
11389
11737
11865
12700
13026
13026
13171
13171
14415
14427
14915
14921
15662
15888
15976
15976
15976
15976
15976
15976
15976
16516
16648
16648
16728
16747
16747
16747
16747
16747
16973
17038
17166
17166
17166
17166
17294
17858
17858
18092
18092
18251
18251
18251
18251
18348
18701
18767
19659
20423
20921
20921
21137
21143
21847
22031
22031
22031
23642
23719
23719
24331
24584
24584
25614
26768
27504
29066
29800
30340
30418
30719
32329
32539
32609
33045
33199
33260
34252
34340
34393
34680
34820
35014
35106
35683
36131
36132
36144
36144
36144
36165
36470
36561
36822
36848
37536
37536
37570
38329
38649
38649
38649
38649
38649
38649
38650
38651
38651
38681
38681
38681
38681
38681
38688
38732
38742
38760
