499
526
599
599
721
721
721
721
722
806
965
1306
1352
1352
1579
1587
1587
1596
1628
1712
1712
1761
1761
1761
1761
1761
1761
1761
1761
1761
1761
1761
1761
1761
1761
1761
1761
1761
1814
1842
2127
2127
2127
2127
2127
2128
2128
2195
2364
2364
2411
2411
2414
2414
2414
2414
2479
2728
2991
2991
2991
4217
4456
4546
5125
5170
5350
5483
5521
5522
5522
5522
5537
5556
5556
5652
5707
5707
5926
5926
5926
5926
5926
6034
6173
6173
6173
6173
6173
6236
6357
6429
6537
6578
6607
6607
6834
6914
7036
7058
7059
7084
7402
7403
7478
7478
7489
7557
7915
7924
7972
7972
8055
8241
8293
8487
8878
9055
9055
9055
9136
9138
9149
9197
9361
9648
9648
9648
9648
10050
10050
10136
10194
10231
10419
10419
10650
10855
10855
10855
10855
10855
10855
10855
10858
10858
10858
10858
10858
10858
10858
10858
10858
11037
11037
11277
11277
11307
11360
11360
12735
13047
13240
13256
13368
13560
13568
13862
13988
13988
13988
14003
14003
14003
14003
14003
14003
14003
14003
14074
14074
14074
14433
14436
14496
14619
14831
14914
15038
15349
15491
16209
16223
16223
16223
16446
16497
16497
16497
16497
16586
16854
17402
17411
17766
18547
18631
18926
19146
19333
19388
19817
20122
20622
20777
20863
20863
20863
20863
20863
20863
20863
20863
20863
20863
20863
21212
21268
21268
21268
21268
21268
21268
21268
21268
21268
21268
21324
21635
21635
21649
21649
21650
21746
21929
21929
22102
22332
22371
22396
22566
23141
23141
24409
24411
24483
24487
24487
25299
25646
25646
25796
25942
26333
26346
26373
26391
26454
26454
26611
26679
26718
26753
26922
26940
26985
27027
27131
27131
27427
27559
27673
27682
27857
28050
28079
28289
28419
28493
29141
29193
29193
29193
29195
29351
29376
29376
29571
29615
29853
29985
30035
30090
30090
30156
30396
30396
30606
30606
30610
30976
31377
31499
31955
31955
31981
32199
32199
32199
32199
32199
32199
32199
32199
32203
32203
32203
32203
32203
32203
32205
32205
32205
32208
32208
32208
32208
32208
32208
32208
32208
32208
32208
32208
32208
32208
32208
32208
32208
32208
32208
32208
32208
32208
32208
32208
32208
32208
32208
32208
32208
32208
32208
32208
32213
32214
32246
32248
32248
32268
32268
32268
32283
32283
32283
32294
32413
32417
32417
32705
32705
32705
32740
32773
32773
32963
32963
33157
33267
33276
33799
33816
33827
33861
35583
35583
35583
35725
35729
36935
36935
37087
37149
37321
37321
37321
37595
37597
37597
37600
37600
37704
37704
37704
37841
38044
38156
38156
38162
38174
