56
63
343
343
343
343
343
419
1012
1012
1129
2434
2434
2624
3196
3400
3862
3862
4394
4620
4625
4625
5411
5425
5430
5483
6078
7299
8860
8866
9011
9011
9075
9174
9321
9393
10010
10127
10956
11203
11203
11263
11384
11384
11384
11384
11384
11765
11865
12262
12844
12856
12940
13085
13086
13518
14083
16489
16516
16516
16516
16516
17166
17383
18219
18429
18459
19668
19926
20490
20846
20846
20846
20846
20846
20846
20846
20846
20846
20874
21583
21583
21583
21758
21759
21759
21759
21762
23085
23088
24251
25712
25866
25866
25933
25934
26364
26364
26364
26364
26364
27475
27493
27493
30124
30124
31834
32061
32155
32372
32459
32459
32487
32572
32574
32767
32767
32767
33920
33962
33962
33962
33974
33974
33974
33988
33988
34298
35933
35936
35941
35941
36141
36144
36235
36505
36505
37298
38265
38329
38496
38552
38600
