124
124
139
204
245
246
278
299
321
343
343
452
452
452
877
895
1012
1012
1036
1256
1516
1516
1606
1606
1606
1766
1772
2288
2553
2842
2867
2880
2905
3196
3254
3256
3588
3837
3965
3965
3965
3965
4079
4199
4236
4432
4432
4620
4625
4626
4626
5077
5124
5295
5411
5873
5873
5873
5873
5873
5873
5873
5873
6100
7244
7244
7244
7244
7244
7244
7244
7244
7244
7244
7245
7245
7245
7245
7245
7298
7303
7306
7782
7787
7797
8260
8620
8866
8866
9291
9323
9432
9524
9971
10198
10656
11384
11389
11389
11389
11443
11443
11443
11612
11616
11631
11631
11631
11631
11631
11664
11969
11987
11987
11987
11988
11988
12053
12061
12087
12087
12230
12230
12230
12230
12230
12241
12241
12480
12697
12802
12805
12937
12940
12940
13085
13166
13166
13166
13166
13166
13166
13188
13274
13274
13405
13881
14065
14165
14185
14205
14541
14558
14558
14775
14798
14855
14930
14930
14955
14982
15111
15111
15111
15559
16003
16005
16331
16450
16516
16516
16516
16516
16516
16594
16594
16813
17082
17303
17303
17383
17383
17390
17390
17596
17846
17850
17850
18001
18103
18103
18107
18107
18190
18209
18224
18224
18286
18344
18393
18398
18399
18567
18628
18672
18733
18841
19114
19114
19557
19611
19780
19780
20031
20274
20347
20490
20490
20490
20490
20490
20490
20490
20490
20596
20780
20780
20780
20780
20780
20780
20780
20780
20846
20874
20874
21005
21043
21143
21147
21150
21880
22024
22031
22031
22031
22031
22031
22042
22098
22160
22718
22718
22718
22967
23240
23495
23680
24002
24314
24314
24430
24757
24821
25307
25614
25614
25629
25899
26364
26364
26907
27286
27656
28376
28738
28769
28773
29613
29880
30663
30664
30719
30843
30943
30943
30943
31045
31253
31253
31794
31794
31937
31956
31962
31962
32141
32155
32180
32365
32459
32709
32709
32709
33180
33260
33354
33920
34022
34027
34029
34049
34069
34585
34770
34825
34832
34833
34833
34981
35176
35404
35409
35409
35496
35497
35775
35782
35969
36142
36144
36144
36144
36144
36144
36180
36180
36180
36346
36505
36538
36538
36815
36865
36881
37011
37017
37017
37017
37017
37018
37020
37020
37020
37020
37020
37020
37020
37020
37020
37020
37020
37021
37021
37021
37051
37151
37197
37298
37298
37298
37484
37538
37538
37649
37659
37659
37925
37929
37929
37947
37948
38004
38329
38344
38496
38545
38600
38600
38608
38766
38829
38829
