47
133
135
247
272
877
1133
1217
1511
1516
1656
1879
2233
2233
2533
2739
2945
2945
2945
2945
2945
2983
3024
3024
3026
3133
3254
3254
3395
3395
3479
3479
3505
3557
3622
3809
3827
3827
3827
4000
4011
4011
4013
4083
4432
4472
4472
4605
4607
4614
4625
4625
4626
5562
5565
5966
6435
6435
6435
6435
6443
6698
7109
7162
7297
7302
7309
7410
7962
7979
7979
8073
8107
8107
8191
8230
8488
8735
8866
9019
9075
9081
9081
9174
9174
9174
9174
9175
9175
9178
9256
9309
9321
9351
9352
9352
9405
9566
9566
9566
9566
9572
9714
9714
9714
9714
9759
9805
9814
9941
9943
9943
9968
10001
10180
10669
10671
10672
10822
10995
11234
11384
11384
11384
11384
11389
11414
11562
11562
11581
11691
11691
11691
11691
11691
11691
11691
11691
11707
11798
11800
11865
11865
11872
11895
11933
11969
12006
12023
12178
12178
12178
12185
12230
12230
12241
12349
12351
12673
12673
12679
12679
12829
12853
12853
12859
12987
13166
13166
13166
13171
13265
13303
13419
13520
13544
13707
13707
13979
14083
14083
14083
14089
14165
14165
14165
14185
14205
14556
14562
14581
14647
14755
14775
14831
14845
15234
15508
15508
15653
16186
16209
16340
16340
16493
16516
16798
16807
16840
16947
17390
17396
17433
17502
17502
17516
17686
17848
17848
17858
18078
18102
18103
18190
18266
18266
18483
18508
18508
18508
18510
18547
18547
18547
18547
18547
18547
18549
18549
18558
18569
18664
18664
18814
18814
18910
18989
19659
19780
19789
19840
19840
19964
20207
20255
20255
20255
20255
20347
20393
20476
20476
20490
20490
20490
20490
20490
20490
20490
20490
20490
20490
20490
20490
20490
20490
20490
20490
20490
20490
20680
20694
20780
20874
21143
21151
21481
21488
21620
21683
21683
21683
21807
21809
21811
21847
21866
21866
22031
22147
22221
22340
22340
22605
22747
22790
22999
23082
23085
23085
23085
23085
23085
23085
23085
23085
23085
23282
23597
23655
23709
23794
23804
23922
23951
24273
24326
24352
25051
25051
25585
25976
25978
25980
26054
26094
26094
26201
26201
26260
26353
26370
26370
26472
26499
26691
26738
26738
27065
27065
27086
27259
27266
27272
27273
27286
27374
28223
28388
28732
28835
28948
29688
29688
29688
29688
29688
29688
29688
30046
30066
30126
30305
30413
30663
30752
30948
30948
30998
31156
31186
31770
31808
31835
31933
32184
32298
32365
32372
32481
32684
33059
33141
33190
33331
33331
33512
33920
33979
34027
34054
34190
34218
34248
34248
34252
34496
34496
34496
34685
34738
34738
34743
34771
34771
34945
35083
35171
35195
35347
35442
35442
35483
35483
35713
35787
35801
35801
35801
35801
36067
36068
36087
36095
36130
36144
36220
36220
36235
36235
36235
36235
36235
36266
36324
36339
36504
36812
36863
37043
37194
37194
37283
37298
37298
37298
37298
37298
37298
37298
37298
37298
37317
37370
37412
37429
37451
37474
37536
37538
37725
37755
37755
37755
37755
37755
37755
37755
37925
38014
38242
38323
38383
38383
38456
38501
38543
38545
38545
38552
38557
38562
38600
38600
38600
38755
38766
38829
