69
230
365
393
431
692
693
728
728
728
728
728
730
733
1261
1267
1511
1511
1516
1516
1597
1723
1723
1723
1772
1985
2712
2762
2763
3024
3054
3175
3175
3255
3646
3779
3782
3782
3827
3827
3964
3964
3964
3997
4011
4236
4320
4352
4360
4394
4485
4620
4650
4839
4888
5483
6078
6317
6800
7286
7303
7303
7303
7320
7335
7335
7335
7335
7335
7335
7561
7711
7771
8025
8094
8256
8449
8488
8542
8542
8841
8866
8977
9174
9174
9178
9178
9256
9256
9318
9457
9575
9714
9821
9902
9910
9941
10180
10757
11291
11293
11384
11384
11384
11389
11389
11501
11501
11577
11691
11748
12092
12134
12134
12186
12347
12463
12725
12940
13166
13446
13520
13520
13552
13556
13646
13760
13914
13920
13935
13972
14083
14098
14185
14185
14259
14380
14419
14706
14777
14778
15677
16278
16280
16516
16516
16573
16573
16599
16752
16837
16837
16837
16837
16909
17038
17041
17041
17433
17433
17433
17433
17433
17433
17433
17433
17516
17525
17527
17527
17527
17675
17848
17848
17857
18103
18103
18103
18266
18344
18348
18547
18559
18567
18569
18710
18710
18710
18710
18711
18714
18716
18716
18716
18716
18716
18845
18845
18851
18851
18851
18851
18851
18851
18851
18853
18853
18853
18853
18860
18860
18860
18860
18860
18877
18928
18984
19106
19108
19114
19313
19405
19427
19552
19557
19621
19665
19780
19780
19863
20255
20255
20349
20349
20349
20349
20349
20349
20349
20349
20349
20349
20349
20349
20349
20398
20556
20601
20944
20994
21005
21009
21110
21143
21143
21143
21170
21345
21455
21512
21605
21633
21701
21759
21759
21782
21847
21880
21926
22059
22147
22147
22504
22504
22583
22583
22854
23019
23019
23190
23282
23342
23343
23450
23914
24042
24066
24066
24067
24455
24455
24570
24697
24855
24914
25793
26340
26340
26340
26353
26364
26874
26977
27796
28157
28165
28186
28290
28290
28290
28290
28290
28290
28514
28532
28744
28919
28955
28955
28955
28955
28955
28999
29087
29758
29880
29880
30048
30199
30418
30418
30473
30473
30473
30473
30518
30518
30570
30663
30695
30719
30896
30964
31045
31176
31250
31574
31594
31885
31909
32061
32061
32256
32256
32256
32256
32256
32256
32256
32256
32256
32298
32348
32355
32365
32365
32459
32459
32505
32522
32870
33165
33167
33196
33350
33433
33920
33920
34014
34029
34109
34109
34160
34302
34302
34502
34510
34875
34926
34928
35372
35372
35382
35483
35704
35745
35755
35787
35800
35801
35801
35803
35806
35846
36064
36068
36093
36348
36387
36505
36561
36561
36621
36621
36682
36748
36812
36812
36825
36931
37194
37194
37194
37197
37283
37283
37298
37298
37298
37318
37412
37423
37449
37649
37702
37837
37925
37925
38254
38275
38275
38344
38383
38434
38434
38455
38456
38456
38458
38460
38543
38543
38543
38552
38553
38557
38587
38758
38758
