275
275
343
1012
1511
1765
1772
2722
2883
3036
3090
3146
3778
3779
3819
3933
4038
4038
5064
6317
6813
7297
7303
7303
7520
8173
8456
8866
9008
9174
9405
9405
9439
9439
9492
9790
9905
10112
10332
10332
10332
10332
10332
10332
10332
10506
10802
11389
12802
12937
12940
13512
13512
13518
14089
14647
15233
15779
16357
16525
16864
17250
17555
17848
17859
17860
18092
18107
18126
18126
18126
18126
18693
19108
19127
19621
19842
20255
20268
20340
20874
20913
21143
21143
21150
21764
21782
21782
21847
22031
22031
22084
22221
22827
22984
23049
23085
23089
23522
23992
24914
25264
25307
25976
26273
26426
26426
26540
26540
26540
26540
26540
26540
26900
27154
27275
27290
28009
28009
28311
28832
29048
29059
30778
30964
30983
31196
31846
32355
32459
32459
32987
33350
33813
33813
33813
33813
33813
33814
33814
33920
33933
34054
34439
34593
34670
35171
35546
35608
36346
36414
36506
37137
37137
37137
37137
37283
37298
37298
37484
37541
37541
37725
37725
38323
38323
38329
38434
38496
38552
38755
