261
343
431
689
706
877
877
877
877
877
877
877
889
889
895
1012
1012
1275
1448
1516
1516
1516
1595
1772
1784
1806
2762
2762
2764
2905
3026
3174
3254
3254
3260
3457
3461
3519
3622
4015
4236
4297
4345
4373
4391
4415
4432
4472
4472
4625
5064
5325
5327
5327
5590
5591
5966
6114
6317
6319
6800
7343
7787
7787
7797
7843
8096
8419
8420
8420
8420
8420
8420
8874
8950
8950
8950
8950
8950
8950
8978
8988
9040
9174
9174
9256
9316
9393
9472
9472
9472
9816
9941
9941
9986
10180
10939
11384
11389
11395
11577
11691
11872
12011
12039
12131
12174
12421
12422
12550
12550
12672
12672
12673
12829
12829
13086
13166
13318
13446
13446
13446
13446
13446
13446
13446
13446
13661
13739
13789
14012
14012
14083
14083
14168
14168
14205
14559
14572
14572
14574
14574
14574
14574
14574
14574
14575
14644
14647
14715
14715
14715
14715
14715
14734
14741
14741
14874
14930
14991
15234
15264
16379
16516
16525
16573
16573
16594
16594
16798
16805
16813
16831
16831
16837
16837
16947
17127
17235
17418
17418
17418
17418
17433
17433
17433
17433
17433
17527
17555
17686
17848
17848
17848
17858
18103
18103
18103
18103
18107
18130
18130
18209
18314
18344
18344
18710
18711
18711
18711
18711
18711
18714
18716
18716
18716
18716
18716
18716
18716
18716
18733
18737
18737
18740
18851
18853
18853
18853
18853
18853
18877
18928
18928
19071
19396
19396
19557
19611
19613
19780
19780
19998
20255
20347
20349
20349
20349
20556
20556
20674
20674
20874
20874
20874
21116
21126
21143
21143
21501
21542
21587
21762
21823
21969
21969
22043
22043
22058
22119
22119
22119
22119
22155
22516
22665
22772
22842
23053
23085
23086
23388
23561
23680
23680
23682
23744
24207
24251
24275
24455
24455
24455
24455
24455
24455
24455
24455
24455
24455
24455
24455
24455
24455
24664
24672
24879
25307
25327
25585
26190
26339
26364
26364
26451
26572
27275
27378
27686
27796
28311
28376
28376
28385
28532
28551
28769
28774
28930
28955
28955
28955
28956
28956
28956
28956
28956
28957
28957
28957
29070
29149
29158
29159
29725
30045
30048
30048
30048
30048
30229
30700
30719
30719
30843
31144
31746
31746
31970
31998
32155
32155
32185
32298
32365
32365
32372
32455
32455
32487
32487
32487
32522
33196
33240
33920
33956
34027
34184
34377
34770
35387
35442
35442
35485
35485
35603
35744
35776
35782
35803
36002
36002
36069
36144
36263
36265
36563
36669
36735
36787
36787
36812
36812
36842
36848
36848
36880
37137
37194
37194
37298
37298
37298
37298
37354
37649
37649
37649
37649
37649
37649
37725
38233
38243
38275
38276
38323
38329
38329
38344
38344
38344
38344
38344
38383
38383
38415
38434
38496
38496
38496
38496
38501
38543
38557
38600
38649
38676
38766
38828
