63
63
63
63
343
1012
1307
1471
2483
2502
3958
4432
4472
4614
5447
6530
6583
6655
7255
7255
7288
7299
7303
7315
7320
7444
7782
8191
8194
8194
8194
8866
8866
9174
9308
10346
10346
10826
11389
11581
11628
11874
11895
12030
12352
12354
12446
12947
13166
13429
13446
13552
13707
14089
15173
15257
15811
15813
15876
16098
16098
16496
16496
16516
16516
16516
16573
16573
16909
16973
17133
17133
17173
17761
17858
18204
18204
18209
18267
19684
19780
20180
20255
20345
20490
20556
20680
20696
20696
20696
21756
22147
22853
23016
23280
23282
24614
24620
24938
25337
25756
25844
25866
25976
26230
26685
27047
27063
27787
27893
28149
28551
29048
29574
30663
30663
30739
30774
31784
31784
32487
32517
32991
33190
33196
33199
33435
34260
34500
34582
34718
34718
34718
34718
34718
35067
35787
35846
36135
36407
36669
36760
36848
37318
37536
37536
37557
37776
37863
38329
38434
38434
38496
