154
175
265
265
401
402
1448
1540
1716
2461
2945
2945
4407
4407
4407
4438
4439
4620
6814
6951
6951
7293
7293
7309
8200
8200
8200
8200
8597
8796
8852
8852
8866
9256
9321
9321
9323
9323
10112
10112
10197
10930
10931
10931
10931
11577
11933
12006
12087
12272
12500
12864
12893
12987
12987
13074
13074
13446
13446
13446
14205
14205
14429
14559
14663
14663
15829
16572
16920
16920
16920
17664
17848
17848
17848
18103
18293
18293
18425
18494
18567
18984
18984
19366
20490
20837
20837
20921
21143
21143
21971
22202
22933
22933
22951
23143
23480
23642
23828
23879
23960
24074
24147
24541
24620
25062
25087
25087
25371
25519
25733
26364
26763
26763
26763
26764
26768
27382
28376
29529
30106
30413
30413
30719
30719
30789
30789
30803
30998
30998
31088
31088
31352
31795
32365
32368
32369
32369
32803
33855
34014
34029
34184
34770
34846
34905
34984
36068
36128
36128
36144
36144
36470
36852
37412
37572
37683
38121
38329
38384
38384
38386
38456
38674
38828
