278
787
2533
3254
3932
3939
3939
4011
4891
5433
5735
6045
6045
6045
6951
6951
6951
6951
7122
7122
7122
7293
7299
7303
7364
7371
8211
9073
9206
9207
9814
10826
10826
10826
12061
12345
12859
12859
12977
12977
13097
13429
13429
13429
13520
14415
14431
14432
14715
14930
14930
14956
14972
14972
14972
15056
15056
15064
15065
15234
15831
16920
16973
16973
17848
17858
18786
18786
19611
19629
19659
20490
20490
20490
20490
20490
20490
20490
20490
20874
21125
21128
21131
21143
21152
21152
22221
22221
24067
24690
25067
25181
25960
26353
26353
26353
26950
27144
27149
27398
29843
30045
30413
30744
30998
31045
31177
31177
32368
32459
33199
33199
33920
33927
34029
34054
34054
34755
34929
35061
35803
35803
36228
36255
36324
36324
36404
36404
37725
37945
37991
38000
38000
38552
38557
38583
38829
