49
261
697
717
717
1448
1469
1542
1765
2553
3580
3580
3646
3646
4598
4598
4614
4614
4650
6378
6951
6951
7122
7318
7405
7405
7409
8488
9174
10565
11285
11581
11691
12131
12252
12252
12413
12414
13166
13265
13520
13552
13552
13961
13984
14161
14185
14205
14205
14647
14647
14991
15808
15808
15888
16348
16515
16516
17493
17858
18429
18494
19818
19863
20106
20106
20106
20415
20426
21005
21005
21633
21636
21636
22147
22147
22147
22185
22357
22973
22973
24145
24428
24428
24428
24467
25845
25845
25845
25845
25845
25845
25845
25845
25876
25882
26872
30366
30413
30561
30561
31163
32372
33905
34029
35806
35858
35858
35872
36235
36452
36694
36812
36812
36812
37197
37197
37485
37538
37725
38233
38344
38434
38434
38496
38560
38649
38755
38758
