136
235
302
335
784
1012
1194
1516
2233
2420
2420
2661
2945
2945
2945
2945
3024
3024
3239
3481
3547
3578
3830
3830
3830
3855
3855
4115
4255
4278
4360
4360
4394
4394
4450
4450
4622
4626
4966
4999
5056
5122
5125
5126
5251
5271
5335
5786
6245
6352
6811
6951
6951
6988
7019
7122
7122
7122
7122
7303
7309
7346
7373
7502
7502
7502
7502
7508
7782
7787
7797
8072
8236
8236
8260
8266
8326
8413
8413
8683
8866
8987
8987
9075
9081
9081
9081
9178
9199
9199
9203
9203
9206
9206
9207
9207
9207
9207
9207
9212
9308
9309
9393
9488
9488
9530
9714
9714
9768
9788
9805
9814
9822
9826
9953
9995
10127
10127
10141
10141
10143
10143
10143
10199
10205
10686
10826
11116
11197
11377
11382
11384
11384
11389
11389
11389
11389
11414
11616
11650
11651
12092
12092
12527
12527
12528
12528
12710
12859
12913
12940
13418
13418
13418
13418
13418
13419
13419
13419
13520
13538
13552
13555
13678
13707
13742
14083
14083
14168
14185
14255
14301
14331
14331
14331
14331
14331
14331
14371
14798
14845
14921
14921
15574
15667
15768
15778
15778
15780
16278
16280
16280
16280
16291
16309
16353
16516
16796
16803
16837
16840
16920
16997
17046
17054
17345
17591
17595
17596
17596
17599
17604
17643
17848
17850
17858
18130
18267
18348
18496
18498
18656
18733
18733
18780
18784
18786
18803
19114
19275
19301
19480
19480
19498
19640
19659
19659
19659
19780
19780
19798
19855
20081
20081
20345
20345
20396
20490
20513
20769
20780
20837
20840
20841
20921
20923
20939
21005
21005
21143
21143
21170
21237
21475
21534
21535
21663
21663
21701
21756
21756
21756
21763
21805
21841
21955
21969
22031
22086
22217
22424
22614
22631
22736
22752
23015
23085
23236
23282
23296
23495
23563
24042
24049
24331
24468
24515
24614
24614
24845
24907
24912
24914
25013
25102
25138
25371
25597
25614
25629
25707
25866
25870
25870
26094
26340
26364
26810
26839
26872
27005
27005
27005
27278
27618
27634
27973
28052
28679
28773
28851
28948
28948
29002
29059
29059
29059
29070
29574
29880
29880
30340
30537
30642
30663
30700
30700
30706
30774
30783
30783
30783
30789
30789
30789
30789
30795
30796
30796
30798
30798
30798
30821
30835
30835
30835
30904
31545
31770
31773
31795
31795
32011
32365
32371
32371
32372
32372
32408
32459
32524
32725
32767
32767
32995
33196
33196
33196
33199
33240
33272
33272
33448
33449
33569
33608
33650
33655
33785
33816
33991
34054
34104
34126
34666
34666
34802
34925
34959
35127
35156
35156
35279
35364
35467
35483
35483
35604
35713
35775
35803
35835
36129
36189
36265
36407
36470
36538
36621
36621
36621
36621
36621
36621
36621
36760
36812
36813
36879
36880
37137
37137
37151
37291
37298
37298
37370
37405
37405
37405
37406
37437
37584
37625
37625
38016
38016
38110
38242
38331
38331
38331
38331
38331
38331
38351
38383
38434
38434
38456
38496
38496
38501
38545
38552
38552
38552
38552
38552
38563
38587
38600
38628
38755
38828
38829
38881
