63
110
247
247
278
278
959
1206
1511
1511
1511
1516
1529
1695
1695
1695
1695
1960
1961
2037
2464
2465
2467
2649
3026
3026
3239
3240
3240
3834
3886
3939
3939
4000
4011
4351
4601
4605
5056
5192
5511
6008
6008
6008
6008
6008
6008
6008
6008
6008
6008
6008
6008
6008
6008
6013
6013
6630
6843
6972
6972
7062
7062
7062
7062
7122
7122
7288
7297
7561
7737
7737
7850
7850
8249
8841
8894
9074
9195
9203
9203
9207
9207
9207
9308
9323
9432
9432
9432
9439
9487
9490
9573
9814
9944
10173
11347
11389
11746
11913
11940
12143
12193
12401
12585
12795
12795
12795
12829
12884
12947
12977
12987
13086
13135
13533
13552
13552
13555
13739
13881
14539
14663
14702
14854
14855
15234
16164
16516
16700
16700
17079
17850
18035
18459
18494
18786
18789
18803
18953
19114
19118
19127
19127
19289
19396
19640
19640
19658
19684
19689
19702
19721
20174
20236
20490
20840
21075
21126
21143
21535
21633
21847
22221
22224
22385
22944
23085
23137
23505
23563
23577
23724
23724
23832
24023
24023
24067
24371
24430
24664
24945
24945
24945
24945
24945
24945
24945
24951
25087
25340
25581
25581
25870
25870
25975
26174
26174
26174
26886
26969
27215
27290
27290
27290
27759
28186
28374
28421
28421
28439
28706
28706
29103
29212
29563
29574
29613
29893
29937
29937
29937
30360
30408
30408
30418
30700
30700
31105
31545
31545
31636
32061
32155
32155
32348
32459
32969
33084
33084
33084
33084
33311
33312
33484
34054
34269
34355
34355
34496
34732
35187
35289
35773
35775
35836
36236
36241
36324
36346
36362
36404
36812
36862
36863
36997
37151
37273
37370
37370
37377
37380
37397
37400
37405
37405
37405
37405
37405
37405
37406
37412
37431
37484
37608
37608
37649
37687
38318
38344
38344
38524
38537
38552
38563
38829
38829
