316
316
1012
1511
1516
1606
1692
2055
2303
2533
2662
2945
3239
3254
3268
3271
3271
3271
3271
3283
3283
3290
3293
3298
3300
3301
3310
3519
3622
3630
3745
3937
3939
3939
3939
4015
4322
4353
4432
4625
4690
4736
4736
5346
5542
5610
5966
6599
6972
7019
7122
7122
7122
7122
7122
7335
7343
7562
8096
8456
8488
8988
9011
9174
9174
9203
9207
9212
9316
9316
9316
9317
9340
9432
9573
9573
9986
9995
10010
10112
10127
10127
10137
10137
10141
10141
10141
10141
10141
10141
10141
10141
10141
10141
10180
10866
10866
10866
11145
11145
11145
11163
11203
11203
11205
11285
11384
11384
11384
11384
11384
11384
11384
11766
11788
12011
12061
12061
12174
12451
12492
12697
12829
12859
12859
12859
12859
12937
12937
12962
12962
12963
13086
13135
13318
13362
13411
13418
13429
13446
13552
13552
13881
13935
13940
14083
14336
14336
14339
14391
14559
14559
14647
14956
15234
16166
16489
16489
16525
16641
16805
16837
16973
17038
17038
17101
17166
17344
17344
17493
17537
17686
17935
18088
18095
18103
18209
18344
18459
18459
18459
18459
18459
18459
18459
18459
18459
18459
18547
18549
18567
18701
18737
18737
18737
18790
18790
18863
18928
19275
19423
19621
19668
19780
19780
20320
20490
20837
20851
20851
20874
20874
21053
21122
21143
21143
21143
21143
21143
21143
21147
21170
21238
21411
21411
21411
21411
21411
21636
21697
21701
21756
21756
21756
21756
21756
21847
21847
21866
21880
22031
22043
22043
22147
22147
22147
22147
22282
22340
22340
22772
22827
22999
23085
23086
23089
23192
23192
23381
23518
23680
23680
23680
23682
23929
24066
24066
24430
24603
24614
24614
24629
24656
24659
24694
24879
24945
25023
25026
25307
25327
25536
25837
25870
25870
26340
26340
26340
26364
26364
26494
26886
26886
27272
27278
27977
28157
28157
28510
28551
28551
28568
28773
29035
29070
29102
29708
29880
29880
30003
30045
30045
30124
30413
30413
30781
30964
30964
31545
31795
32061
32150
32155
32155
32273
32365
32365
32371
32522
32778
32883
32987
33165
33196
33199
33813
33813
33894
33920
34027
34029
34340
34340
34359
34643
34874
34885
34918
34986
34988
34988
35387
35603
35696
36068
36073
36168
36263
36404
36434
36434
36454
36506
36506
36812
36812
36815
36842
36842
36848
36848
36863
36885
37137
37151
37194
37220
37298
37429
37429
37542
37649
37649
37649
37787
37791
37791
37925
38016
38496
38552
38557
38583
38676
38676
38676
38755
38829
38856
