109
642
1335
1516
1516
3552
3768
3781
4149
4432
4727
4727
4729
4729
4729
4863
4969
5492
6612
6959
7136
7561
8871
8894
9059
9393
9820
10274
10420
10705
11384
11384
11384
11628
12006
12030
12230
12241
12241
12241
12829
12955
13302
13302
13544
13544
13544
13552
13789
13843
13845
13847
14159
14418
16516
16893
16897
17725
18103
18185
18185
18498
19313
19314
19721
19780
19780
19840
20921
21143
21143
21151
21764
21764
22160
23719
25306
25307
25845
25870
26273
27368
28073
28445
30163
30561
30663
31564
31629
32365
32554
32602
32619
33713
33713
33988
34218
34439
34571
35438
35483
35483
35744
36148
36471
36481
36490
36505
36988
36988
36990
36990
37298
38237
38323
38351
38496
38829
