150
639
647
728
1511
2037
2742
2742
2945
2945
2945
2945
2945
2945
2945
2945
2945
2945
2945
2978
3035
3435
3779
4236
4394
4432
4625
4625
5216
5430
6045
6045
6045
6591
6951
7101
7277
7312
7850
8070
8261
8456
9092
9116
9207
9432
9441
9444
9444
9995
10168
11203
11384
11389
11832
11895
12131
12131
12193
12700
12802
12829
12829
12829
12864
13166
13429
13520
13552
13552
13789
13796
14083
14126
14161
14855
14876
14921
15196
15205
15294
15772
15811
15811
15811
16166
16166
16166
16166
16516
16594
16721
16845
16900
16920
16973
16973
16986
16986
17038
17305
17305
17422
17558
17944
18103
18190
18429
18733
18792
19302
19659
19659
19659
19665
19665
19665
19922
20499
20499
20811
20817
20921
21025
21055
21096
21096
21143
21143
21171
21411
21460
21460
21460
21517
21580
21580
21581
21581
21589
21629
21683
21756
21756
21764
21764
21764
21764
21764
21764
21764
21809
21816
22147
22147
22147
22308
22359
22537
22539
22876
22929
22929
22929
22999
23563
23575
23719
23920
23951
24331
24352
24352
24354
25067
25067
25067
25067
25354
25581
25976
26022
26364
26409
26688
26763
27006
27085
27143
27324
27364
27382
27924
27924
28568
28757
28813
28814
29048
29545
29704
29704
29707
30190
30190
30340
30418
30561
30700
30700
30904
30948
31090
31908
31943
32348
32365
32365
32546
33199
33199
33210
33300
33584
33603
34054
34332
34353
34353
34353
34355
34584
34591
34966
35106
35106
35106
35106
35106
35107
35108
35110
35483
35483
35483
35744
35744
35744
35801
35803
35806
35806
36141
36141
36143
36235
36271
36271
36271
36324
36505
36621
36660
36660
36661
36661
36812
36862
36862
36862
37283
37557
37575
37576
37576
37725
37890
38242
38302
38329
38329
38496
38552
38552
38593
38600
38927
