47
47
47
154
429
663
877
877
877
877
877
877
877
877
877
877
893
897
897
897
897
897
897
897
944
944
944
944
944
944
944
1203
1206
1448
1516
1516
1542
1653
1654
1656
1656
1656
1656
1656
1656
1656
1765
1772
2276
3140
3256
3280
3557
3718
3965
4011
4092
4094
4190
4353
4472
4625
5197
5411
5495
5499
6078
6583
6704
6704
6769
6843
6951
6984
7112
7302
7502
7502
7502
7523
7578
7737
7737
7742
7903
8256
8488
8488
8488
8488
8799
9178
9323
9573
10010
11389
11628
11872
12113
12193
12196
12204
12265
12463
12673
12829
12829
13166
13171
13171
13262
13402
13552
14107
14158
14562
15234
15640
15640
15646
15654
15654
15797
15880
16023
16385
16837
16920
16920
16920
16920
16920
16973
16973
16985
16985
16985
16985
16985
16991
17264
17345
17447
17725
18055
18348
18567
18639
18803
18984
19423
19607
19659
19666
19721
20071
20672
20921
20921
20925
20925
20925
20925
20925
20925
20925
20925
20925
20925
20926
20929
21143
21143
21151
21797
21978
21978
22147
22147
22218
22418
22772
23015
23242
23242
23242
23499
23505
23564
23709
23709
23709
23812
24068
24272
24331
24620
24620
24620
24620
24620
24620
24746
25021
25021
25021
25021
25023
25866
25867
25870
26338
26694
26724
26846
26846
26950
27134
27368
27398
27564
27774
28160
28223
28377
28532
28532
28551
28557
28557
28557
28557
28557
28557
29770
30209
30209
30251
30606
30606
30663
30663
30716
30914
31108
31548
31629
31629
32026
32061
32102
32272
32459
32556
32556
32907
33165
33165
33165
33165
33199
33199
33464
33464
33495
33526
33528
33528
33655
33920
33988
34003
34252
34344
34345
34355
34359
34359
34359
34359
34359
34359
34359
34359
34359
34359
34359
34366
34390
34391
34393
34496
34734
34914
35174
35279
35387
35487
35721
35775
36073
36073
36129
36129
36241
36247
36247
36323
36334
36343
36419
36538
36561
36561
36818
36842
36861
37190
37190
37190
37318
37318
37429
37451
37451
37451
37546
37570
37571
37575
37683
37776
38447
38543
38557
38676
38742
38808
38881
