113
207
208
640
902
1827
2165
2203
2983
3055
3240
3771
3771
4011
5534
5858
7298
7562
7635
7771
7771
8093
8506
8506
8620
9103
9977
10459
10459
11581
11593
12087
12634
12644
12860
13541
13834
14565
14565
14565
14572
14572
14572
16516
16602
17517
17655
18092
18092
18266
18348
18784
19630
20255
20406
20887
21170
21170
21488
21493
22147
23514
23906
24568
25522
26563
26614
26846
26846
26846
26846
27913
28363
29351
29677
29975
31008
31008
31037
31656
31733
32061
32155
32372
32372
33165
33196
33718
34467
34467
34468
34570
34573
34860
35053
35054
35557
35806
36842
36863
37265
37355
37687
38211
38211
38211
38211
38275
38569
