402
458
851
1516
1527
1763
1772
2078
2185
2533
3415
4279
4394
4472
4626
5056
5064
5935
6045
7298
7309
7528
8212
8473
8714
9174
9321
9393
9628
9822
9977
11321
11384
11395
11687
11687
11693
11800
13097
13552
13789
13834
14146
14808
14954
14991
15234
15286
15760
15762
16022
16755
16920
16975
16986
17388
17504
18103
18301
18366
18501
18501
18501
19114
20490
20490
20490
20490
20490
20490
20490
20596
21143
21143
21143
21367
21847
21971
22153
22160
22357
23482
23659
24443
26140
26140
26140
26260
26339
26480
26922
27063
27149
28154
28154
28154
28154
28154
28439
28439
28439
28439
28439
28444
28551
28551
28742
29710
29872
29880
30045
30174
30254
30254
30339
30360
30418
32298
32298
32351
33015
33199
33426
33496
33525
33590
33711
33915
33915
34332
34359
34690
35106
35803
36144
36144
36144
36241
36271
36271
36481
36763
36774
36812
37137
37151
37412
37429
37455
37683
37683
37925
38016
38122
38329
38329
38331
38331
38496
38545
38649
38649
38649
38755
