663
663
689
1560
1561
1561
1561
1561
1707
1887
2095
2276
2437
2438
2438
2438
2438
2533
3157
3348
3772
3997
4209
4394
4394
4432
4468
4625
5295
5295
5511
5511
6352
6629
6630
7116
7193
7193
7247
7293
7302
7335
7646
8260
8314
8852
8866
9308
9573
10075
10076
10076
10374
10669
11395
11607
11621
11765
12134
12134
12316
12316
12349
12527
12634
12672
12987
12987
13520
13552
14165
14168
14205
14572
14572
14715
14715
14921
16050
16079
16079
16079
16084
16755
17166
17208
17396
17415
17415
17857
18245
18266
18348
18518
18567
18886
19114
19114
19289
19611
20006
20490
20490
20490
20704
20729
20729
20729
20729
20729
20729
20731
21110
21125
21131
21170
21402
21570
21756
21756
21756
21758
21759
21764
21764
21764
21764
21847
21880
22015
22022
22022
22031
22039
22061
22147
22160
22160
22217
22293
22653
23008
23008
23085
23085
23388
23505
23506
23561
23874
23892
24045
24093
24235
24620
24966
25616
25806
25806
25866
25866
26340
26340
26353
26353
26353
26364
26364
26757
26757
26757
26757
26757
26757
26757
26757
27005
27044
27131
27132
27132
27132
27674
28311
28551
28551
28551
28635
28841
28919
29148
29166
29166
29166
29167
29167
29707
29923
29923
29929
30013
30013
30048
30162
30197
30340
30360
30413
30663
30736
30778
30815
30845
31574
31846
31846
31847
32138
33148
33165
33165
33199
33199
33208
33424
33868
33988
34028
34484
34486
34496
34734
34885
34926
35061
35171
35172
35334
35387
35399
35552
35979
35990
36068
36068
36125
36144
36144
36144
36235
36235
36454
36504
36812
36812
36815
36830
36879
37283
37298
37368
37455
37456
37456
37456
38254
38323
38329
38329
38329
38331
38344
38425
38452
38496
38496
38747
38881
