69
69
69
69
69
343
343
654
1012
1012
1511
1956
1956
2938
2939
3024
3036
3493
3901
3901
4115
4394
5002
5056
5816
6435
7196
7280
7299
7373
7377
7377
8026
8091
8456
8714
8829
9019
9019
9019
9019
9308
9340
9708
10939
10940
11384
11384
11384
11389
11389
11690
11690
12262
12262
12262
12262
12262
12262
12262
12262
13086
13446
13556
13707
14417
14574
14748
16309
16516
16516
16516
16516
16516
16516
16516
16516
16516
16516
16516
16516
16516
16516
16516
16516
16516
16585
16594
16594
16600
16600
16753
17050
17850
18266
18266
18328
18391
18391
18430
18501
18569
18673
18673
18673
18955
19630
19630
19630
19630
20345
20426
20780
21170
21529
21816
23019
23812
23812
23913
24061
24175
24436
24436
24628
24662
25264
25264
25264
25264
25264
25264
25264
25276
25276
25276
25276
25276
25276
25276
25276
25296
25327
26364
26364
26364
26364
26364
26364
27374
28186
28223
28376
28842
29575
30186
30663
30663
30781
30840
30843
30845
30949
31795
31873
32090
32487
33165
33165
33165
34027
34027
34496
34722
35418
35425
35859
36235
36677
36863
36863
37464
37464
37464
37464
37464
37464
37464
37464
37464
37464
37464
37464
37573
38433
38451
38649
