99
327
546
1086
1327
1328
1448
1516
1516
1516
2905
2905
2927
2927
2927
3197
3480
3557
3720
3859
3904
4011
4051
4779
4779
4782
4782
5374
7277
7302
7771
8464
8464
9291
9439
11592
11631
11962
12061
12067
13646
14415
14921
16280
16280
16292
16292
16332
16747
16747
16747
16747
16747
16840
17492
17858
18103
19640
19780
20906
21011
21011
21098
21125
21150
21568
21568
21568
21847
22827
22933
22933
23828
23845
24093
25307
25709
25837
26632
26637
26637
27375
27375
27375
28363
28574
28600
30789
31087
31292
31304
31998
32333
32333
32333
32473
33121
33122
33122
33464
34014
35892
36128
36144
36144
36179
36547
37694
38302
38501
38766
