247
355
355
440
440
440
442
1017
1327
1407
1407
2880
3448
3886
4530
4531
4531
4531
4531
4531
4531
4531
4531
4782
4782
6848
7482
8328
8609
8743
8743
9207
9352
9805
10010
11092
11389
11415
11416
11416
11416
11577
11681
12196
12196
12802
12805
12855
12855
12885
12885
13409
13465
13465
13834
14179
14191
14558
14562
14574
14761
15667
15768
15768
16348
16348
16348
16348
16352
16516
16870
16870
17264
17383
17936
17936
18131
18393
18430
18430
19280
19280
19280
19280
20072
20352
20581
20672
20672
20672
20780
20874
20975
21408
21521
21764
22147
22434
22434
22671
22951
22951
23015
23506
23783
26402
27290
27543
27835
28186
28532
29218
29635
30456
30719
30949
31698
31786
31894
32155
32181
32500
32640
33165
33165
33196
33196
33526
33979
34434
34685
34685
34685
35756
36038
36144
36538
36538
36538
36538
36547
36561
36561
36561
36580
36580
36760
36812
36812
36812
36852
36861
36973
36998
37151
37298
37298
37683
37683
37688
38242
38242
38477
38545
