526
618
623
750
776
1219
1506
1506
1506
1563
1566
1587
1596
1710
1760
1760
1761
1761
1761
1761
1761
1761
1761
1761
1761
1761
1761
1761
1761
1761
1761
1761
1853
1937
1937
2033
2043
2043
2044
2044
2044
2044
2044
2044
2044
2044
2044
2044
2044
2044
2044
2044
2044
2044
2044
2044
2044
2045
2045
2045
2045
2045
2047
2127
2127
2127
2127
2127
2127
2127
2127
2127
2127
2127
2127
2195
2206
2210
2226
2227
2411
2584
2991
2991
3423
4975
5248
5248
5248
5405
5556
5556
5556
5633
5653
5693
5693
5874
5884
5884
5956
6008
6054
6054
6054
6054
6054
6055
6055
6055
6056
6056
6056
6056
6056
6056
6056
6056
6056
6056
6056
6056
6056
6056
6056
6071
6071
6072
6072
6112
6112
6112
6112
6118
6424
6451
6613
6627
6686
6686
6726
6873
6873
7036
7037
7037
7037
7037
7109
7109
7221
7468
7499
7499
7881
7944
7944
8309
8379
8379
8485
8485
8485
8485
9149
9379
9493
9835
9835
9837
10050
10207
10296
11037
11037
11037
11037
11037
11051
11074
11230
11242
11242
11242
11277
11277
11277
11277
11277
11277
11360
12311
13255
13327
13988
13988
14003
14048
14279
14619
14862
14890
15021
15038
15160
15468
15471
15515
15516
15564
15788
15788
15954
16165
16173
16223
16397
16424
16424
16490
16494
16494
16786
16786
16861
16861
17240
17468
17469
17469
17766
17967
18523
18569
18569
18629
18633
18747
19245
19267
19756
19794
20047
20047
20123
20152
20215
20352
20863
20863
20863
20931
21095
21095
21268
21324
21324
21393
21440
21440
21441
21470
21775
21929
21929
22073
22298
22307
22307
22307
22307
22396
22396
22485
22564
23141
23286
23840
24397
24409
24409
24409
24410
24410
24901
25097
25181
25312
25343
25428
25602
25605
25756
25819
25819
26061
26061
26117
26117
26285
26314
26496
26496
26497
26534
26591
26591
26603
26721
26721
26740
26741
27120
27351
27422
27422
27576
27576
27576
27576
27578
27578
27578
27578
27578
27585
27677
27677
27682
27743
27954
28041
28112
28112
28206
28206
28273
28319
28644
28644
28644
28644
28644
28644
28644
28644
28644
28644
28644
28644
28644
28644
28644
28644
28644
28644
28644
28644
28644
29189
29207
29237
29237
29381
29392
29397
29459
29821
29953
30035
30035
30035
30035
30035
30090
30092
30214
30342
30398
30606
30621
31095
31239
31286
31328
31328
31488
31509
31532
32196
32199
32199
32199
32203
32203
32203
32203
32203
32203
32203
32208
32208
32208
32208
32208
32208
32208
32208
32208
32208
32208
32208
32208
32208
32208
32208
32208
32208
32208
32208
32208
32208
32208
32208
32208
32208
32208
32208
32208
32208
32208
32208
32208
32208
32208
32208
32208
32208
32208
32208
32208
32208
32208
32208
32213
32213
32214
32220
32238
32238
32238
32238
32238
32238
32238
32246
32268
32278
32278
32279
32413
32708
32708
32797
32827
32827
32943
33749
33803
33803
33836
35713
35718
35724
37321
37363
37369
37369
37369
37369
37590
37590
37595
37600
37601
37608
37608
37608
37608
37608
37841
37841
37847
38033
38036
38038
38070
38162
38284
38412
