63
63
63
63
63
63
63
63
63
97
97
131
156
319
343
635
732
744
889
1064
1307
1469
1511
1511
1511
1653
1930
2078
2078
2078
2145
2331
2434
2662
2723
2750
3239
3239
3254
3254
3259
3262
3340
3340
3348
3512
3558
3782
3833
4006
4006
4011
4320
4360
4394
4438
4620
4620
4620
4625
5562
5563
5821
5942
6045
6119
7255
7293
7316
7316
7316
7444
7471
7475
7475
7562
7782
7984
8009
8114
8191
8191
8191
8191
8191
8194
8194
8194
8194
8194
8194
8194
8194
8194
8194
8194
8194
8194
8194
8194
8194
8194
8194
8260
8326
8604
8613
8846
9081
9178
9203
9203
9207
9256
9256
9308
9321
9352
9572
9714
9805
9814
9816
9822
9869
9910
9941
9970
10337
10342
10354
10996
11384
11384
11389
11750
11800
11865
11873
11913
11913
12100
12121
12156
12193
12266
12345
12532
12673
12679
12859
12940
13166
13166
13171
13171
13171
13171
13405
13429
13552
13556
13707
14083
14083
14089
14161
14417
14417
14574
14715
14796
14808
14855
15173
15173
15173
15173
15347
15347
15347
15347
15639
15639
15699
15704
15789
15808
15888
15899
15899
15908
15921
16074
16095
16280
16348
16516
16516
16516
16516
16516
16594
16837
16837
16837
16920
16934
16973
16973
17038
17050
17172
17173
17214
17214
17558
17848
17848
17848
17858
17944
18103
18248
18267
18344
18344
18459
18459
18494
18502
18567
18567
18786
18786
18790
18791
18928
19114
19127
19235
19396
19557
19611
19666
19666
19668
19759
19780
19842
19842
19842
20178
20345
20345
20426
20657
20694
20780
20924
20926
21005
21009
21026
21053
21057
21143
21143
21143
21143
21143
21143
21143
21195
21542
21756
21756
21756
21756
21756
21756
21756
21764
21764
21781
21971
22031
22031
22185
22185
22185
22349
22655
22984
23015
23016
23019
23019
23280
23367
23368
23563
23564
23564
23642
23680
23744
23811
24043
24068
24307
24346
24354
24515
24855
25062
25067
25067
25067
25067
25067
25067
25307
25614
25704
25866
25866
25866
25866
25866
25870
25870
25870
25870
25870
25870
25870
25870
25955
26084
26309
26338
26339
26625
26723
26724
26763
26781
27096
27398
27564
27622
27894
28052
28124
28124
28124
28124
28124
28125
28376
28532
28542
28551
28551
28551
28551
28551
28566
29103
29211
29218
29218
29218
29218
29408
29827
29880
29887
29887
30152
30199
30305
30340
30347
30413
30413
30413
30572
30585
30719
30720
30821
30904
30948
31045
31746
31773
31773
31773
31773
31885
31885
31926
32013
32013
32061
32061
32061
32155
32216
32450
32459
32565
32707
32767
32894
33601
33652
33920
33961
34347
34496
34496
34512
34633
34664
34718
34814
34814
34814
34981
35106
35237
35334
35347
35382
35487
35744
35744
35775
35775
35787
35806
35806
35892
36010
36016
36016
36016
36073
36073
36143
36175
36345
36419
36507
36561
36600
36614
36659
36812
36851
37197
37283
37283
37298
37298
37298
37342
37342
37389
37389
37538
37649
37649
37685
37725
38022
38302
38302
38329
38344
38344
38382
38425
38456
38456
38496
38501
38501
38545
38552
38552
38600
38600
38649
38649
38755
38758
