63
63
179
179
179
179
183
183
183
183
355
438
1012
1012
1197
1197
1857
2434
2893
2895
2899
2899
2899
2899
2899
2900
2900
3415
4432
4472
4620
4625
5220
5430
5511
6078
6078
7293
7613
7613
7613
7613
8477
8809
8848
8866
8866
9174
9814
10010
10468
10495
11389
11577
11691
11691
11691
11691
11691
12087
12805
12829
13085
14418
15464
15464
15523
16218
16309
16437
16516
16594
16594
16687
17166
17166
17166
17166
17166
17166
17848
18267
18563
19396
19630
19907
20347
20347
20415
20418
20418
20419
20419
20419
20419
20419
20419
20596
20824
20824
20826
20826
20826
20826
20826
20826
20923
21014
21125
21143
21147
21152
21303
21303
21589
22369
23240
23282
23812
24314
24906
25087
25087
25389
25845
28376
29574
29574
29802
30048
30340
30774
30843
30843
31510
31604
31962
32767
33196
33196
33251
33343
33474
33788
34054
34379
34379
34670
34727
34825
35176
35630
35713
35713
35744
35775
36141
36144
36179
36629
37487
38022
38344
38422
38439
38439
38450
