833
1017
1203
1203
1203
1448
1511
1511
1618
1645
2561
2854
2880
2890
3462
3542
3828
3939
3939
3939
4002
4432
4620
4620
4626
4626
4626
5208
5208
5208
5209
5216
5216
5216
5223
5251
5251
5251
5251
5254
5254
5254
5254
5254
5495
5511
5511
5511
7288
8326
8757
8852
8987
8987
9114
9983
10084
10084
10112
10132
10132
10137
10137
10139
10139
10141
10141
10141
10141
10141
10141
10141
10182
11167
11170
11170
11170
11347
11384
11389
11389
11389
11594
11607
12061
12077
12196
12196
12458
12517
12615
12977
12987
13446
13494
13527
13527
13527
13527
13552
13552
13594
13631
13631
13917
13961
14565
14565
14921
15437
15725
16026
16028
16172
16800
16893
17009
17493
17685
17848
17875
17875
18035
18055
18103
18103
18348
18429
18767
18786
18790
18928
18997
19023
19127
19217
19323
19393
19581
19640
19968
20215
20255
20469
20837
20847
21143
21143
21151
21784
21847
22031
22031
22147
22155
22221
22304
22304
22891
22984
23137
23505
23655
23680
23686
23811
25021
25021
25021
25067
25211
25629
25837
25837
26358
26493
26499
26723
26922
27154
27154
27154
27154
27154
27160
27290
27382
27507
28220
28532
28732
29070
29070
29070
30066
30360
30418
30418
30550
30642
30673
30700
30736
30736
30736
31614
32151
32208
32471
32522
33165
33165
33207
33708
33785
33785
33785
33919
34029
34428
34536
34590
34590
34719
34719
34873
34884
34885
35174
35803
36129
36144
36144
36346
36350
36407
36454
36510
36830
36861
36862
36872
36872
37298
37318
37358
37429
37505
37649
37725
37725
37725
37925
38014
38331
38496
38532
38766
38829
38829
