420
643
1012
1012
1448
1448
1516
1597
2344
2344
2344
2344
2344
2434
2653
3024
3147
3430
3586
3718
3729
4432
4620
4626
4888
5012
5659
6219
7255
7286
7561
7735
7771
7771
7771
7771
7771
7771
8237
8326
8390
8724
8987
9075
9790
9790
9790
9814
10742
10939
11092
11169
11384
11628
11886
12061
12061
12092
12121
12196
12244
12863
13171
13272
13416
13544
13544
13646
13646
13646
13646
13646
13646
13649
13649
13649
14268
14304
14777
14920
14921
15233
15779
16278
16340
16340
16516
16516
16516
16594
16594
16985
17848
17850
18107
18267
18348
18348
18567
18651
18733
18786
18792
18808
19139
19139
19443
19611
19640
19780
19780
19840
20490
20874
20878
20921
21137
21139
21143
21143
21147
21150
21170
21172
21183
21250
21349
22031
22031
22031
22031
22217
22401
22583
23608
23812
23962
24143
24145
24231
24331
24856
24977
25062
25067
25067
25067
25067
25329
25709
25845
25943
25943
25945
26084
26781
26781
26846
26846
27149
27395
27395
27543
28112
28119
28339
28376
28532
28560
28896
28930
28930
29800
30045
30127
30473
30473
30473
30473
30473
30585
30697
30700
31045
31627
31846
31994
32372
32487
32572
33251
33813
34289
34338
34515
34566
34807
34815
34859
35206
35208
35425
35430
35442
35622
35744
35979
36129
36143
36144
36144
36144
36144
36277
36567
36812
36815
36815
37151
37151
37298
37298
37368
37437
37649
37725
37948
37948
38217
38331
38383
38501
38676
38676
38766
38829
38862
38862
