1448
1516
2905
3939
3939
4650
4650
5323
5989
5989
5989
5989
5989
5989
7524
9044
9044
9632
9999
10112
10462
11395
11649
12061
12223
12230
12230
12235
12351
12411
13008
13313
13474
13843
14556
14787
14787
14855
16340
17858
18103
18266
18570
19659
20490
21143
21847
22098
22147
23680
24690
24709
24781
25919
26253
26329
27155
29677
29736
29736
29736
29736
29736
30418
30576
33464
34022
34252
34359
34655
34675
34886
35469
35556
35713
35803
35858
35858
36076
36144
36818
37464
37538
37560
37560
37649
38329
38329
38543
