2
528
599
722
750
790
793
802
965
965
1219
1219
1219
1352
1371
1506
1506
1506
1506
1587
1587
1712
1749
1761
1761
1761
1761
1761
1761
1761
1761
1761
1761
1761
1761
1761
1761
1761
1761
1761
1761
1761
1761
1761
1761
1761
1761
1761
2127
2127
2127
2127
2130
2195
2326
2425
2475
3150
4026
4026
4217
4334
4975
5173
5237
5248
5248
5405
5556
5690
5693
5693
5695
5766
5808
5874
5913
5926
5926
5926
5926
5926
5926
5926
5926
5928
5928
6107
6109
6109
6109
6109
6109
6109
6109
6109
6109
6109
6109
6109
6109
6109
6109
6109
6118
6173
6173
6173
6173
6173
6173
6173
6173
6173
6173
6173
6241
6364
6424
6607
6617
6617
6913
6913
7023
7023
7023
7023
7023
7023
7023
7023
7221
7478
7478
7500
7890
8754
8935
8936
8936
8966
8982
8982
9055
9055
9647
9861
10134
10134
10134
10134
10136
10136
10136
10136
10136
10136
10136
10180
10194
10194
10207
10210
10210
10244
10328
10433
10467
10633
10689
10863
10863
10863
10948
10948
10948
10950
10950
10950
10951
10960
10960
11037
11037
11037
11037
11037
11037
11037
11037
11037
11134
11134
11134
11140
11277
11277
11361
13114
13114
13114
13132
13324
13324
13324
13567
13742
13789
13988
14003
14003
14025
14058
14059
14059
14059
14059
14193
14433
14433
14433
14441
14441
14441
14497
14590
15038
15347
15347
15347
15366
15378
15471
15471
15488
15488
15488
15488
15488
15488
15488
15489
15490
15490
15490
15491
15655
15664
16151
16397
16397
16473
16497
16497
16497
16497
16497
16801
17349
17418
17418
18610
18629
18904
18925
18925
19242
19325
19352
19425
19452
19716
19739
19773
19826
20116
20254
20621
20727
21093
21093
21230
21268
21268
21268
21268
21268
21268
21268
21268
21386
21443
21649
21774
21929
21930
21939
22284
22396
22396
22462
23141
24234
24483
24483
24483
24490
24491
24516
24950
25006
25214
25214
25307
25307
25312
25671
25796
25823
25941
25941
26106
26106
26155
26220
26391
26444
26507
26507
26700
26987
27054
27072
27427
27725
27725
27725
27725
27727
27839
27913
28085
28097
28097
28097
28097
28190
28296
28407
28493
28493
28493
28653
28653
28653
28653
28674
28674
28674
28674
28674
28674
28674
28675
29141
29144
29237
29237
29237
29237
29237
29242
29265
29397
29399
29400
29609
30035
30035
30092
30208
30920
31216
31239
31310
31328
31607
31746
31746
31746
31953
31953
31955
32199
32199
32199
32199
32199
32199
32199
32203
32208
32208
32208
32208
32208
32208
32208
32208
32208
32208
32208
32208
32208
32208
32208
32208
32208
32208
32208
32208
32208
32208
32208
32208
32208
32208
32208
32208
32208
32208
32208
32208
32208
32208
32208
32208
32208
32208
32208
32208
32208
32208
32208
32246
32248
32248
32268
32268
32268
32280
32280
32290
32290
32290
32457
32659
32707
32797
32798
32798
32942
33765
33803
33816
33854
33868
33868
33887
33892
34016
35743
37051
37051
37051
37102
37369
37600
37600
37601
37601
37601
37601
37841
37841
37841
37841
37841
37841
38049
38049
38050
38050
38050
38050
38050
38068
38068
38156
