343
898
1931
2612
3165
3165
3255
3588
3997
4432
4600
4614
4625
6078
7276
7303
7303
7320
7643
7771
7771
7771
7771
7782
7866
7887
9174
9321
9321
9575
9842
9943
9970
9977
10180
10772
11321
11384
11384
11384
11691
12092
12261
12351
12500
12672
12672
12673
12693
12895
12895
12895
12895
12895
12895
12895
13085
13166
13166
13166
13171
13171
13299
13789
14083
14163
14254
14458
14531
14808
14845
14931
14948
14948
14948
14948
14948
14948
14948
14990
14990
14990
14990
15196
15196
15196
15238
15464
15640
15808
16043
16516
16525
16525
16594
16986
17086
17086
17086
17087
17087
17087
17087
17087
17087
17166
17390
17433
17484
17511
17577
17848
17848
17858
17858
18092
18138
18138
18138
18138
18138
18138
18209
18209
18209
18344
18898
18902
19612
19780
20174
20255
20255
20255
20305
20415
20418
20490
20490
20557
20846
20874
20944
21005
21137
21143
21143
21143
21147
21152
21756
21756
21756
21844
22736
22817
22817
25382
25614
25712
25845
25845
25845
26050
26084
26353
26364
26768
27441
28349
28398
28432
28568
28774
29287
29321
29533
29533
29533
29677
29707
29937
29937
30048
30066
30360
30403
30700
30922
31664
31664
31672
31672
31746
32102
32298
32298
32298
32774
33165
33350
33353
33962
34248
34496
34496
35386
35557
35572
35806
35806
35806
36121
36121
36235
36406
36547
36561
36669
36690
36690
36812
37151
37194
37194
37298
37298
37324
37429
37538
37538
37538
37538
37688
37725
37837
38211
38233
38329
38329
38331
38331
38344
38348
38383
38496
38496
38545
38581
38586
