159
340
343
343
345
572
572
640
1117
1266
1516
1694
2037
2655
2955
3015
3055
3174
3196
3204
3235
3737
3890
4330
4394
4472
4523
4523
4604
4604
4759
4759
4761
4761
5112
5181
5216
5216
5251
5419
5505
5623
5623
6319
6319
6324
6409
6529
7286
7297
7303
7318
7782
8094
8232
8387
8422
8422
8866
9321
9323
9341
9393
9405
9554
9805
9814
10214
10289
10376
10447
10543
10552
10794
11230
11395
11501
11501
11562
11576
11600
11603
11674
11895
11895
11895
11974
12033
12067
12187
12321
12775
12829
12829
12829
12987
12988
13008
13008
13086
13166
13166
13265
13520
13544
13631
13739
14017
14017
14017
14017
14017
14017
14017
14017
14017
14017
14017
14017
14017
14017
14017
14017
14083
14085
14085
14085
14085
14085
14085
14165
14165
14325
14334
14496
14496
14532
14734
14734
14734
14751
14778
15098
15098
16209
16309
16353
16415
16516
16516
16516
16516
16570
16585
16594
16912
17038
17166
17250
17848
18092
18095
18190
18300
18344
18494
18521
18567
18569
18569
18729
18729
18913
18928
18928
18975
19002
19003
19044
19048
19093
19338
19524
19558
19611
19724
19818
20347
20457
20490
20847
20949
20949
21005
21481
21517
21575
21679
21679
21679
21679
21680
21680
21680
21756
21939
22221
22285
22583
22827
22955
23085
23085
23085
23214
23372
23376
23505
23505
23559
23559
23636
23920
24048
24066
24173
24422
24682
24845
24845
24855
25122
25236
25585
25980
26693
26724
26873
26881
28186
28186
28201
28201
28468
28469
28532
28802
28802
28955
29048
29048
29048
29048
29066
29575
29685
29707
29708
29880
30046
30048
30179
30199
30224
30418
30579
30612
30696
30720
30756
30756
30756
31047
31099
31198
31212
31258
31325
31517
31638
32208
32208
32208
32208
32226
32229
32231
32231
32365
32365
32365
32372
32413
32473
32716
32842
32986
33066
33196
33196
33256
33431
33448
33637
33813
33899
33989
34030
34054
34069
34289
34332
34439
34591
34825
34832
34876
34925
35028
35101
35156
35713
35740
35775
35975
36179
36218
36218
36220
36235
36248
36510
36812
36812
36812
36812
36848
36861
37113
37298
37368
37368
37405
37412
37412
37412
37538
37545
37545
37546
37577
37634
37654
37701
37701
37725
37728
37820
37822
38016
38233
38302
38302
38331
38383
38455
38463
38477
38477
38477
38477
38477
38477
38496
38496
38524
38524
38545
38552
38552
38615
38829
38885
38885
