283
640
640
640
877
988
1307
1511
1516
1516
1772
1876
1886
1975
2238
2238
2238
2238
2240
2240
2240
2240
2240
2240
2240
2240
2431
2556
2611
3037
3047
3154
3262
3545
3844
3844
3965
4179
4179
4179
4179
4179
4403
4403
4403
4403
4433
4653
4715
5012
5012
5140
5193
6008
6067
6168
6168
6451
6646
6646
6646
6744
7303
7435
7436
7782
7782
7833
7998
7998
8502
8517
8796
8961
9117
9256
9256
9335
9335
9335
9573
9805
9821
9917
9956
9994
9996
10060
11384
11520
11577
11577
11631
11692
11787
11787
11824
12092
12504
12701
12844
12947
13006
13006
13008
13008
13008
13139
13265
13265
13265
13416
13443
13465
13549
13552
13707
13789
13961
13961
13979
14083
14168
14559
14572
14715
14755
14762
14775
14845
14855
14931
14931
14931
14931
14932
14932
15234
16142
16516
16516
16516
16695
17229
17388
17388
17858
18107
18429
18547
18567
18567
18567
18667
18667
18667
18667
18667
18667
18668
18672
18672
18997
19003
19046
19096
19396
19405
19721
20045
20234
20234
20234
20236
20236
20237
20237
20308
20345
20490
20490
20490
20490
20490
20490
20554
20680
20846
20846
20846
20847
21125
21143
21143
21143
21143
21143
21143
21346
21487
21759
21782
21880
21880
22147
22456
22827
23086
23662
23680
23680
23680
23680
23709
24042
24042
24042
24042
24043
24067
24430
25102
25158
25158
25175
25542
25578
25629
26364
26364
27049
27368
27542
27542
28186
28186
28186
28363
28560
29574
29741
29743
30147
30186
30339
30349
30349
30349
30413
30567
30719
30778
31045
31394
31396
31655
31655
31655
31959
32061
32155
32155
32348
32351
32553
33122
33165
33165
33196
33270
33905
33931
34022
34022
34332
34340
34343
34345
34359
34379
34593
34593
34643
34770
35185
35740
35744
35744
35782
35809
36031
36031
36031
36031
36031
36031
36031
36121
36129
36263
36324
36490
36538
37277
37277
37277
37291
37291
37298
37429
37429
37429
37538
37542
37542
37649
37682
37688
37725
37725
38056
38318
38318
38318
38318
38344
38346
38415
38434
38456
38457
38543
38557
38600
38649
38676
38714
38731
38731
38850
