419
1171
1456
1511
1516
1763
1765
2404
3157
3754
4360
4432
4472
4605
4667
5425
5492
5492
5492
5492
5564
6012
6960
7320
7346
8236
8406
8542
9020
9174
9174
9316
9321
9455
10180
10180
10374
10547
11389
11395
12129
12196
12230
12230
12264
12344
12936
12947
13127
13166
13295
13520
13980
14083
14105
14155
14161
14495
15234
16340
16340
17166
17485
18266
18266
18347
18348
18348
18508
18585
18762
19060
19078
19279
19607
19612
19818
20490
20490
21009
21847
22226
22604
22604
22604
22692
24515
24670
24685
24704
24855
25217
25511
25511
25581
25700
26050
27378
28225
28323
28323
28350
28786
28786
28840
28977
29602
29845
29845
29845
29845
29845
29845
30287
30418
30958
32456
32594
33905
34029
34046
35378
35742
36134
36141
36506
36604
36815
37137
37298
37785
37785
37837
37929
38329
38329
38344
38451
