89
89
259
343
640
640
1439
1542
1595
1979
1979
2034
2905
2905
3939
3939
3965
4605
4620
4727
4814
4814
4863
5966
6018
7578
8256
8866
10112
11634
11634
11984
12193
12500
12664
12940
13707
14083
14378
14559
14845
15196
15760
16011
16248
16516
16864
16864
18547
18567
18567
18767
19080
19087
19558
19668
20255
20396
20480
20846
21068
21068
21069
21139
21152
21170
21170
22031
23395
23812
24352
26353
26353
26353
26426
26426
26426
26426
27495
27495
27495
28186
29574
29829
29982
30351
30774
30968
30982
31207
31248
31764
31765
31770
31906
31906
31909
31909
32090
32185
32767
33165
33293
33335
33920
33920
33988
34104
34434
35425
36144
36144
36144
36505
37298
37298
37538
38022
38022
38329
38567
38755
