307
441
523
676
677
677
677
722
935
935
946
1005
1203
1555
1566
1816
1816
1919
1964
2171
2219
2317
2354
2623
2624
2624
2627
2671
2676
2703
2821
3474
3607
3730
3804
3819
3862
3887
4029
4029
4371
4524
4876
5029
5259
5259
5369
5373
5373
5390
5551
5684
5697
5796
5796
5960
6068
6097
6170
6218
6326
6432
6432
6432
6433
6514
6515
6571
6876
6882
6920
6995
7261
7402
7429
7835
7874
8090
8141
8388
8600
8600
8600
8600
8600
8600
8600
8600
8600
8600
8600
8696
8701
8771
8771
8820
8917
9173
9262
9345
9624
9624
9625
9625
9625
9625
9625
9625
9625
9625
9626
9627
9627
9701
9905
10020
10052
10120
10132
10132
10132
10132
10132
10212
10250
10250
10279
10280
10386
10404
10404
10406
10406
10412
10412
10412
10426
10459
10459
10524
10551
10551
10551
10629
10809
10811
10811
10877
10877
10972
11074
11074
11110
11112
11112
11341
11630
11869
12262
12289
12634
12696
12748
12858
12876
12909
12909
13112
13271
13540
13540
13540
13541
13541
13541
13562
13564
