33
77
278
278
278
278
278
310
313
322
322
322
322
322
322
322
322
335
342
445
445
445
458
465
471
472
480
523
523
524
524
794
794
794
794
908
908
932
1011
1041
1065
1091
1128
1203
1277
1440
1441
1447
1448
1490
1498
1531
1555
1682
1699
1715
1717
1896
1920
1935
1948
1951
1951
2090
2093
2125
2311
2390
2390
2390
2390
2393
2393
2669
2758
2758
2758
2798
2814
2826
2826
2832
2928
2961
2967
2981
2981
3015
3015
3051
3051
3051
3113
3247
3256
3265
3276
3277
3354
3425
3466
3746
3746
3747
3747
3750
3818
3827
3862
3864
3943
3973
4057
4119
4120
4142
4321
4322
4372
4372
4372
4418
4441
4441
4472
4539
4656
4772
4860
4875
4876
4894
4908
4908
4919
4923
4926
4929
4929
4976
4976
4979
4996
5183
5223
5255
5258
5258
5267
5267
5301
5301
5301
5373
5373
5373
5483
5554
5583
5617
5646
5675
5684
5692
5773
5774
5796
5861
5861
5861
5868
5879
5979
6029
6164
6246
6317
6333
6388
6389
6454
6457
6458
6495
6496
6496
6559
6560
6560
6560
6576
6818
6875
6885
6930
6930
6977
7036
7036
7036
7036
7037
7076
7137
7181
7182
7238
7306
7339
7339
7339
7339
7339
7364
7421
7421
7505
7549
7549
7589
7590
7619
7619
7645
7645
7688
7708
7760
7762
7763
7810
7835
7838
7874
7886
7886
7990
8014
8087
8098
8125
8217
8273
8278
8278
8278
8278
8296
8448
8453
8482
8525
8525
8525
8525
8527
8530
8544
8629
8718
8731
8804
8834
8845
8846
8854
8933
8960
8960
8960
8991
9039
9049
9111
9184
9254
9462
9462
9462
9462
9507
9515
9522
9522
9522
9522
9522
9567
9584
9714
9714
9714
9738
9739
9905
9905
9986
9989
9999
10012
10075
10232
10314
10364
10365
10365
10365
10386
10386
10412
10412
10414
10415
10441
10472
10472
10472
10472
10472
10472
10472
10472
10522
10587
10647
10647
10674
10674
10695
10697
10862
10900
10900
10957
10966
10966
11272
11273
11273
11273
11273
11273
11274
11275
11275
11275
11275
11275
11321
11354
11504
11568
11568
11610
11621
11622
11653
11665
11665
11665
11665
11665
11665
11672
11672
11672
11672
11672
11673
11673
11673
11673
11673
11673
11673
11673
11690
11811
11811
11811
11811
11811
11811
11811
11811
11811
11811
11811
11811
11811
11811
11811
11811
11811
11811
11811
11811
11811
11811
11811
11811
11811
11811
11811
11811
11811
11811
11811
11811
11811
11811
11811
11811
11830
11839
11848
11936
11959
11977
12004
12054
12089
12149
12149
12158
12205
12207
12287
12457
12464
12464
12464
12464
12465
12465
12465
12466
12478
12480
12520
12634
12635
12674
12685
12686
12688
12691
12691
12738
12816
12817
13013
13050
13112
13147
13147
13152
13152
13153
13162
13197
13197
13290
13364
13459
13459
13459
13459
13502
13502
13502
13503
13503
13503
13503
13503
13503
13503
13503
13540
13543
13572
13596
13602
13634
13638
13639
13642
13642
13642
13658
13778
13819
13823
13823
13844
13844
13844
13844
13844
