321
367
452
731
1011
1203
1314
1448
1555
1702
1725
2175
2189
2376
2623
2640
2758
2798
3166
3315
3362
3867
3913
4033
4069
4074
4103
4105
4190
4190
4240
4259
4277
4418
4546
4598
4797
4885
4919
5013
5123
5190
5376
5582
5628
5652
5705
5825
5825
5909
5994
6097
6097
6217
6333
6489
6676
6676
6676
7087
7210
7693
7837
7885
7886
8043
8363
8416
8691
8718
8783
9188
9188
9504
9600
9600
9647
9990
10250
10629
10681
11445
11705
11929
11975
12222
12371
12394
12417
12636
12714
12892
13195
13200
13310
13485
13844
