118
118
203
260
342
365
368
426
427
428
428
462
532
542
616
755
766
839
849
854
856
1029
1029
1064
1150
1150
1169
1342
1370
1374
1439
1478
1491
1495
1529
1566
1575
1576
1709
1709
1709
1711
1715
1731
1937
1954
1954
1954
2092
2111
2317
2340
2431
2615
2626
2653
2669
2821
2821
2832
2832
2996
3004
3015
3038
3177
3179
3361
3470
3573
3662
3678
3693
3693
3710
3721
3843
3843
3862
3913
3916
3943
3970
3994
4035
4050
4055
4103
4103
4103
4140
4153
4153
4153
4153
4153
4153
4153
4180
4180
4204
4297
4297
4298
4376
4376
4376
4376
4376
4416
4472
4481
4518
4539
4539
4561
4739
4837
4876
4876
4892
4942
4979
5028
5028
5192
5206
5255
5317
5319
5493
5493
5554
5640
5979
6025
6025
6025
6138
6240
6240
6246
6274
6274
6274
6330
6330
6406
6420
6429
6429
6432
6515
6515
6515
6515
6527
6527
6529
6529
6529
6875
7023
7053
7076
7084
7084
7084
7087
7108
7108
7215
7305
7388
7388
7654
7693
7701
7838
7886
7943
7994
8033
8048
8130
8204
8205
8205
8205
8397
8441
8684
8684
8684
8684
8684
8684
8691
8746
8746
8746
9057
9218
9277
9382
9921
9921
10119
10162
10182
10250
10250
10314
10316
10317
10355
10355
10386
10402
10404
10490
10587
10656
10869
10870
10896
11171
11205
11347
11375
11392
11446
11594
11634
11634
11668
11670
11670
11733
11733
11789
11905
11994
12004
12010
12064
12069
12123
12259
12305
12347
12409
12538
12539
12737
12738
12842
13009
13077
13084
13195
13277
13310
13456
13459
13502
13502
13503
13559
13562
13655
13666
13777
13777
13825
