43
43
720
720
846
1198
1325
1346
1545
1771
1779
2119
2255
2495
2701
2854
2894
2934
3015
3168
3426
3432
3476
3609
3807
3978
4001
4017
4122
4153
4295
4332
4467
4471
4546
4595
4987
5053
5332
5416
5543
5678
5833
6228
6230
6446
6513
6544
6683
6772
6899
6901
6930
6954
6973
7040
7151
7176
7217
7238
7266
7625
7733
7738
7810
7886
7890
7911
7934
7946
8004
8244
8430
8441
8507
8600
8644
8917
8926
9068
9271
9551
9596
9772
10346
10521
10552
10712
10846
10846
10846
10846
10846
10846
10846
10846
10847
10847
10847
10847
10847
10847
10847
10847
10847
10847
10847
10847
10907
10979
11038
11078
11514
11814
11979
12317
12752
12800
12813
13369
13396
13437
13503
13640
