43
43
43
43
59
67
76
83
83
83
86
86
86
125
311
342
367
390
474
476
547
555
565
608
617
623
633
637
647
685
910
1037
1061
1087
1169
1179
1192
1203
1203
1346
1502
1575
1592
1638
1702
1753
1816
1816
1816
1823
1905
1954
2090
2090
2097
2207
2211
2211
2277
2491
2525
2615
2615
2615
2615
2615
2629
2653
2708
2708
2708
2708
2708
2708
2708
2708
2727
2733
2777
2783
2798
2800
2803
2803
2821
2825
2854
2855
3024
3030
3058
3110
3113
3175
3175
3216
3476
3476
3476
3476
3482
3483
3489
3489
3490
3592
3603
3639
3639
3639
3639
3640
3640
3688
3747
3748
3774
3783
3799
3800
3860
3860
3862
3862
3943
3943
3943
3956
3956
3956
3956
3956
3962
3962
3962
3962
3968
3968
3970
3970
3970
3970
3973
3974
3974
3974
3974
3977
3977
3980
3984
3984
4051
4105
4164
4244
4244
4301
4347
4366
4403
4406
4406
4432
4441
4467
4487
4488
4499
4499
4501
4529
4702
4735
4744
4751
4751
4772
4829
4843
4876
4919
4942
4953
4982
5128
5128
5259
5317
5373
5398
5400
5425
5461
5479
5479
5479
5479
5479
5479
5479
5479
5523
5536
5544
5544
5544
5544
5544
5551
5580
5598
5695
5695
5767
5795
5796
5796
5796
5818
5847
5847
5921
6024
6097
6107
6124
6143
6189
6240
6242
6274
6285
6285
6298
6307
6335
6335
6425
6427
6427
6429
6610
6610
6648
6715
6754
6754
6759
6763
6764
6768
6773
6782
6782
6834
6834
6848
6875
6875
6884
6884
6884
7023
7040
7098
7099
7101
7112
7121
7121
7133
7190
7193
7228
7282
7282
7319
7319
7323
7410
7417
7456
7461
7468
7473
7534
7534
7534
7534
7534
7534
7534
7534
7534
7534
7640
7640
7835
7835
7927
7967
7967
7967
7967
7967
7990
8046
8064
8087
8087
8131
8147
8151
8187
8187
8203
8203
8264
8316
8404
8404
8428
8428
8439
8439
8439
8441
8441
8467
8471
8510
8517
8557
8690
8691
8691
8701
8821
8821
8821
8821
8860
8879
8910
8915
8923
8933
8995
8995
8995
8995
8995
8995
8995
8995
8995
8995
8995
8995
9101
9117
9155
9199
9323
9341
9376
9388
9390
9390
9390
9390
9391
9391
9424
9424
9450
9484
9489
9507
9594
9600
9600
9671
9905
9933
9999
10013
10051
10052
10091
10161
10205
10211
10250
10273
10401
10402
10404
10406
10412
10516
10551
10551
10628
10629
10656
10657
10665
10695
10741
10764
10814
10844
10916
10957
10973
10983
10986
11009
11009
11068
11069
11069
11070
11070
11119
11171
11304
11369
11449
11470
11525
11584
11591
11591
11625
11681
11681
11718
11864
11874
11952
12054
12064
12145
12146
12149
12149
12149
12170
12170
12171
12316
12379
12433
12503
12527
12644
12702
12754
12757
12757
12757
12781
12893
12914
12933
12933
13009
13010
13093
13108
13138
13138
13162
13195
13198
13250
13274
13282
13414
13415
13449
13502
13502
13502
13502
13615
13616
13649
13658
13705
13705
13710
13777
13807
13815
13844
13844
