165
406
410
430
430
556
563
675
694
715
715
928
1032
1032
1032
1071
1089
1138
1149
1500
1609
1666
1666
1688
1688
1688
1784
1895
1943
1943
1943
1954
2196
2211
2317
2459
2584
2627
2676
2676
2702
2798
2798
2798
2798
2798
2821
3015
3060
3249
3561
3656
3704
3818
3819
3837
3888
3888
3943
3943
3943
3943
3943
3943
3943
3943
4102
4102
4197
4197
4250
4466
4466
4466
4558
4632
4632
4664
4748
4784
4880
4908
5099
5482
5482
5496
5640
5640
5861
5897
6097
6097
6149
6149
6406
6406
6406
6406
6604
6832
6834
6834
6834
6930
6973
7049
7103
7229
7319
7661
7763
7763
7763
7763
7763
7763
7763
7763
7828
7828
7829
7835
7870
8203
8293
8374
8468
8516
8557
8557
8558
8684
8684
8684
8684
8684
8684
8684
8691
9061
9168
9229
9424
9424
9564
9564
9679
10052
10235
10257
10257
10363
10378
10402
10404
10572
10572
10587
10695
10741
10801
10979
11196
11196
11282
11283
11305
11305
11306
11306
11306
11307
11308
11345
11463
11845
11846
11955
12248
12278
12440
12442
12459
12597
12751
12995
12995
13142
13142
13147
13162
13277
13278
13310
13393
13414
13414
13415
13502
13561
13561
13658
13783
13844
13844
