80
80
93
93
93
93
604
1142
1169
1169
1169
1202
1304
1546
1913
1920
1920
1924
1927
1927
1933
2034
2385
2385
2598
2598
2788
2862
2862
2862
2862
3059
3314
3314
3323
3323
3323
3323
3630
4105
4583
4583
4729
4755
5046
5376
5376
5376
5376
5551
5687
6115
6229
6515
6690
6693
7040
7040
7040
7172
7215
7661
7661
7763
7886
8643
8644
9224
9507
10019
10039
10299
10522
10694
10695
10695
10713
11307
11379
11635
11641
11641
11994
12019
12031
12031
12252
12411
12415
12415
12424
12424
12526
12527
12527
12908
13789
13839
