40
41
42
43
287
331
440
440
469
934
946
969
970
989
1159
1159
1179
1179
1456
1495
1566
1575
1599
1779
1798
1804
1822
1822
1849
1912
1917
2109
2183
2183
2183
2312
2332
2340
2340
2340
2340
2409
2415
2472
2634
2854
2859
2972
3187
3261
3569
3786
3786
4238
4499
4505
4520
4524
4561
4699
4752
4854
4860
4919
4934
4953
4955
5113
5117
5124
5124
5146
5235
5235
5239
5239
5307
5307
5640
5650
5650
5705
5809
6049
6052
6259
6447
6455
6544
6597
6597
6598
6603
6603
6631
6715
6876
6885
6895
6895
7041
7041
7041
7053
7122
7190
7190
7190
7190
7190
7190
7190
7190
7190
7190
7190
7190
7190
7316
7319
7641
7835
7875
8007
8010
8087
8252
8301
8330
8330
8340
8363
8363
8407
8567
8567
8593
8620
8643
8684
8701
8702
8746
8788
8918
8918
9016
9030
9042
9042
9142
9254
9551
9714
9802
9840
10022
10051
10052
10224
10385
10404
10614
10614
10616
10616
10770
10811
10812
10814
10838
10955
10986
11003
11005
11093
11093
11093
11340
11397
11461
11463
11488
11669
11704
11704
11758
11781
11839
12076
12076
12076
12305
12323
12351
12678
12702
12737
12738
12778
12778
12828
12880
12880
12880
12949
13108
13193
13256
13393
13414
13414
13448
13502
13503
13503
13543
13543
13544
13607
13805
