27
390
1500
1554
1566
1878
2332
2800
3379
3451
3804
3820
3862
4140
4499
4784
4847
4852
4854
4858
5013
5238
5240
5378
5613
5613
5675
5872
5971
5971
5971
5971
5971
5971
5971
6097
6173
6586
6587
6835
7271
7271
7551
7551
7810
7858
7860
8293
8316
8316
8524
8524
8524
8524
8524
8524
8685
8686
8696
8701
9178
9381
9424
9840
9898
10071
10404
10404
10404
10406
11056
11056
11068
11069
11073
11264
11529
11529
11529
11529
11531
11768
11828
12169
12169
12169
12169
12169
12169
12998
13015
13026
13180
13306
13350
13393
13502
