296
296
306
812
960
1170
1172
1190
1459
1545
1577
1715
1823
1827
1888
1916
1954
2010
2287
2615
2659
2667
2855
3177
3217
3243
3453
3580
4151
4301
4441
4527
4537
4651
4697
4697
4697
4794
4797
4979
5192
5482
5692
5834
5834
5834
5853
5892
5988
6031
6200
6513
6513
6520
6520
6527
6528
6528
6549
6549
6549
6549
6549
6549
6716
6885
6956
7125
7190
7190
7190
7190
7190
7228
7491
7688
7805
7886
7886
8047
8244
8293
8354
8484
8557
8701
8701
8713
8783
8783
8826
8827
8861
8862
9049
9231
9295
9308
9969
10144
10336
10385
10406
10539
10596
10598
10657
10717
10717
10768
10966
10966
11304
11682
11708
11740
11951
11979
12210
12451
12737
12802
12802
12802
12992
13009
13026
13180
13195
13310
13310
13502
13503
13503
13503
13562
13805
